30	64	74	105	111	386	-1	-1	-1	-1	-1	-1	-1	-1	-1	-1	-1	-1	-1	-1
4	17	19	21	27	55	82	84	115	120	389	-1	-1	-1	-1	-1	-1	-1	-1	-1
9	454	-1	-1	-1	-1	-1	-1	-1	-1	-1	-1	-1	-1	-1	-1	-1	-1	-1	-1
2	4	9	22	28	29	43	53	63	133	309	462	476	-1	-1	-1	-1	-1	-1	-1
9	29	38	50	92	389	-1	-1	-1	-1	-1	-1	-1	-1	-1	-1	-1	-1	-1	-1
22	30	67	158	190	-1	-1	-1	-1	-1	-1	-1	-1	-1	-1	-1	-1	-1	-1	-1
2	9	11	13	49	74	105	135	-1	-1	-1	-1	-1	-1	-1	-1	-1	-1	-1	-1
2	5	14	20	38	100	102	185	238	246	380	470	-1	-1	-1	-1	-1	-1	-1	-1
3	24	191	288	418	487	-1	-1	-1	-1	-1	-1	-1	-1	-1	-1	-1	-1	-1	-1
3	4	21	22	24	171	488	-1	-1	-1	-1	-1	-1	-1	-1	-1	-1	-1	-1	-1
1	5	7	11	20	21	30	35	74	182	-1	-1	-1	-1	-1	-1	-1	-1	-1	-1
10	12	14	15	61	118	236	398	453	486	-1	-1	-1	-1	-1	-1	-1	-1	-1	-1
1	14	25	44	55	69	70	97	106	162	221	258	-1	-1	-1	-1	-1	-1	-1	-1
2	3	20	21	60	105	239	240	332	384	-1	-1	-1	-1	-1	-1	-1	-1	-1	-1
2	4	12	13	21	30	34	41	68	379	-1	-1	-1	-1	-1	-1	-1	-1	-1	-1
4	6	9	21	26	43	84	122	124	180	408	419	465	470	-1	-1	-1	-1	-1	-1
1	10	22	74	181	347	410	428	497	-1	-1	-1	-1	-1	-1	-1	-1	-1	-1	-1
0	3	7	15	21	39	49	62	125	162	366	437	-1	-1	-1	-1	-1	-1	-1	-1
6	9	13	38	46	157	271	310	478	-1	-1	-1	-1	-1	-1	-1	-1	-1	-1	-1
11	91	221	288	-1	-1	-1	-1	-1	-1	-1	-1	-1	-1	-1	-1	-1	-1	-1	-1
0	2	5	17	42	50	53	56	117	121	146	237	243	483	-1	-1	-1	-1	-1	-1
9	15	19	23	87	114	189	404	-1	-1	-1	-1	-1	-1	-1	-1	-1	-1	-1	-1
3	28	62	68	78	105	119	179	191	261	420	-1	-1	-1	-1	-1	-1	-1	-1	-1
13	22	24	90	272	-1	-1	-1	-1	-1	-1	-1	-1	-1	-1	-1	-1	-1	-1	-1
1	5	12	14	19	58	60	62	69	71	83	-1	-1	-1	-1	-1	-1	-1	-1	-1
4	15	16	28	55	69	103	117	174	176	195	214	342	349	411	-1	-1	-1	-1	-1
0	9	11	17	23	36	94	118	152	329	-1	-1	-1	-1	-1	-1	-1	-1	-1	-1
1	2	17	100	143	257	346	-1	-1	-1	-1	-1	-1	-1	-1	-1	-1	-1	-1	-1
6	15	19	27	39	92	94	96	119	141	159	198	250	375	-1	-1	-1	-1	-1	-1
1	3	8	11	15	57	93	97	355	-1	-1	-1	-1	-1	-1	-1	-1	-1	-1	-1
11	26	33	40	51	57	88	260	408	421	471	-1	-1	-1	-1	-1	-1	-1	-1	-1
32	41	43	49	51	54	56	89	92	225	332	405	466	-1	-1	-1	-1	-1	-1	-1
1	10	49	55	59	76	80	84	90	116	308	-1	-1	-1	-1	-1	-1	-1	-1	-1
34	52	63	112	116	117	-1	-1	-1	-1	-1	-1	-1	-1	-1	-1	-1	-1	-1	-1
4	40	43	50	51	60	62	86	98	99	114	-1	-1	-1	-1	-1	-1	-1	-1	-1
32	36	58	87	88	93	204	233	-1	-1	-1	-1	-1	-1	-1	-1	-1	-1	-1	-1
13	37	41	61	68	107	111	113	118	453	-1	-1	-1	-1	-1	-1	-1	-1	-1	-1
36	40	41	42	88	124	141	-1	-1	-1	-1	-1	-1	-1	-1	-1	-1	-1	-1	-1
5	34	45	54	59	75	306	473	-1	-1	-1	-1	-1	-1	-1	-1	-1	-1	-1	-1
7	13	19	20	36	44	46	64	250	283	285	-1	-1	-1	-1	-1	-1	-1	-1	-1
29	38	39	41	60	68	370	-1	-1	-1	-1	-1	-1	-1	-1	-1	-1	-1	-1	-1
7	10	16	38	42	52	55	71	105	112	150	307	-1	-1	-1	-1	-1	-1	-1	-1
16	47	53	54	57	59	120	-1	-1	-1	-1	-1	-1	-1	-1	-1	-1	-1	-1	-1
5	33	42	56	69	104	149	233	289	-1	-1	-1	-1	-1	-1	-1	-1	-1	-1	-1
1	2	9	17	27	28	36	41	48	49	53	249	349	-1	-1	-1	-1	-1	-1	-1
37	59	60	111	121	122	177	-1	-1	-1	-1	-1	-1	-1	-1	-1	-1	-1	-1	-1
30	33	39	94	373	-1	-1	-1	-1	-1	-1	-1	-1	-1	-1	-1	-1	-1	-1	-1
7	31	45	53	57	77	96	110	225	254	288	371	379	-1	-1	-1	-1	-1	-1	-1
5	34	37	47	50	54	58	59	117	261	333	383	-1	-1	-1	-1	-1	-1	-1	-1
14	33	40	42	44	101	346	407	-1	-1	-1	-1	-1	-1	-1	-1	-1	-1	-1	-1
12	42	47	283	462	-1	-1	-1	-1	-1	-1	-1	-1	-1	-1	-1	-1	-1	-1	-1
19	22	24	33	56	74	432	-1	-1	-1	-1	-1	-1	-1	-1	-1	-1	-1	-1	-1
45	57	59	168	-1	-1	-1	-1	-1	-1	-1	-1	-1	-1	-1	-1	-1	-1	-1	-1
31	40	45	47	56	59	85	90	127	243	255	-1	-1	-1	-1	-1	-1	-1	-1	-1
19	21	47	51	59	173	309	383	-1	-1	-1	-1	-1	-1	-1	-1	-1	-1	-1	-1
24	38	40	42	63	77	86	233	304	-1	-1	-1	-1	-1	-1	-1	-1	-1	-1	-1
25	33	37	59	72	75	94	182	322	329	335	-1	-1	-1	-1	-1	-1	-1	-1	-1
25	53	56	74	111	373	-1	-1	-1	-1	-1	-1	-1	-1	-1	-1	-1	-1	-1	-1
32	38	50	80	100	236	393	-1	-1	-1	-1	-1	-1	-1	-1	-1	-1	-1	-1	-1
30	37	43	45	52	68	112	178	204	216	261	421	-1	-1	-1	-1	-1	-1	-1	-1
21	31	37	50	51	158	381	-1	-1	-1	-1	-1	-1	-1	-1	-1	-1	-1	-1	-1
3	11	24	48	55	77	83	87	123	138	208	267	396	-1	-1	-1	-1	-1	-1	-1
75	122	400	-1	-1	-1	-1	-1	-1	-1	-1	-1	-1	-1	-1	-1	-1	-1	-1	-1
32	52	62	65	74	76	84	324	407	440	-1	-1	-1	-1	-1	-1	-1	-1	-1	-1
16	25	63	65	86	355	377	398	411	488	495	-1	-1	-1	-1	-1	-1	-1	-1	-1
11	53	66	68	73	77	104	107	240	345	-1	-1	-1	-1	-1	-1	-1	-1	-1	-1
70	74	77	81	188	251	286	447	-1	-1	-1	-1	-1	-1	-1	-1	-1	-1	-1	-1
5	27	28	54	72	119	128	413	-1	-1	-1	-1	-1	-1	-1	-1	-1	-1	-1	-1
61	63	65	78	237	245	464	-1	-1	-1	-1	-1	-1	-1	-1	-1	-1	-1	-1	-1
17	24	70	74	76	77	88	96	99	104	182	447	-1	-1	-1	-1	-1	-1	-1	-1
11	69	72	79	81	110	177	333	415	482	-1	-1	-1	-1	-1	-1	-1	-1	-1	-1
62	70	90	385	405	-1	-1	-1	-1	-1	-1	-1	-1	-1	-1	-1	-1	-1	-1	-1
7	61	62	78	87	88	94	96	401	444	-1	-1	-1	-1	-1	-1	-1	-1	-1	-1
38	42	66	67	80	86	87	116	412	441	-1	-1	-1	-1	-1	-1	-1	-1	-1	-1
44	66	77	83	84	303	451	454	-1	-1	-1	-1	-1	-1	-1	-1	-1	-1	-1	-1
21	46	67	134	175	229	272	279	316	344	361	-1	-1	-1	-1	-1	-1	-1	-1	-1
23	34	66	68	78	89	92	105	119	147	279	319	401	-1	-1	-1	-1	-1	-1	-1
81	93	350	417	-1	-1	-1	-1	-1	-1	-1	-1	-1	-1	-1	-1	-1	-1	-1	-1
88	183	244	317	357	464	-1	-1	-1	-1	-1	-1	-1	-1	-1	-1	-1	-1	-1	-1
18	19	65	68	72	74	254	272	377	-1	-1	-1	-1	-1	-1	-1	-1	-1	-1	-1
56	65	71	76	84	91	98	371	-1	-1	-1	-1	-1	-1	-1	-1	-1	-1	-1	-1
18	49	72	83	88	90	91	373	453	-1	-1	-1	-1	-1	-1	-1	-1	-1	-1	-1
3	43	59	62	73	74	88	91	92	116	168	206	223	318	-1	-1	-1	-1	-1	-1
57	62	69	84	92	118	-1	-1	-1	-1	-1	-1	-1	-1	-1	-1	-1	-1	-1	-1
56	74	78	85	89	90	438	466	-1	-1	-1	-1	-1	-1	-1	-1	-1	-1	-1	-1
8	23	63	74	88	92	127	147	391	447	-1	-1	-1	-1	-1	-1	-1	-1	-1	-1
60	66	74	76	81	88	117	234	237	429	-1	-1	-1	-1	-1	-1	-1	-1	-1	-1
24	67	78	83	91	102	108	116	-1	-1	-1	-1	-1	-1	-1	-1	-1	-1	-1	-1
3	19	65	70	71	95	101	107	200	262	376	398	-1	-1	-1	-1	-1	-1	-1	-1
5	66	69	77	93	134	228	357	-1	-1	-1	-1	-1	-1	-1	-1	-1	-1	-1	-1
8	47	62	67	71	76	86	87	114	241	-1	-1	-1	-1	-1	-1	-1	-1	-1	-1
56	64	76	111	119	131	160	244	284	430	456	-1	-1	-1	-1	-1	-1	-1	-1	-1
6	69	82	85	124	191	251	342	446	-1	-1	-1	-1	-1	-1	-1	-1	-1	-1	-1
22	42	67	94	97	107	254	364	-1	-1	-1	-1	-1	-1	-1	-1	-1	-1	-1	-1
1	43	80	84	89	95	97	101	114	119	120	123	249	315	494	-1	-1	-1	-1	-1
1	22	90	97	102	113	121	157	227	309	453	454	499	-1	-1	-1	-1	-1	-1	-1
16	57	58	93	95	103	109	113	118	119	161	478	-1	-1	-1	-1	-1	-1	-1	-1
42	45	49	60	76	91	93	106	487	-1	-1	-1	-1	-1	-1	-1	-1	-1	-1	-1
15	44	46	56	59	95	105	108	109	118	120	122	220	228	361	-1	-1	-1	-1	-1
40	98	210	215	297	332	-1	-1	-1	-1	-1	-1	-1	-1	-1	-1	-1	-1	-1	-1
5	90	93	105	112	115	313	348	381	443	-1	-1	-1	-1	-1	-1	-1	-1	-1	-1
1	8	45	86	92	96	99	103	105	110	111	116	117	192	307	-1	-1	-1	-1	-1
50	73	89	116	323	324	-1	-1	-1	-1	-1	-1	-1	-1	-1	-1	-1	-1	-1	-1
66	84	102	105	110	275	371	393	441	482	-1	-1	-1	-1	-1	-1	-1	-1	-1	-1
3	29	34	108	109	120	181	234	334	411	-1	-1	-1	-1	-1	-1	-1	-1	-1	-1
70	107	109	114	116	119	120	121	171	348	-1	-1	-1	-1	-1	-1	-1	-1	-1	-1
34	43	63	99	104	260	390	-1	-1	-1	-1	-1	-1	-1	-1	-1	-1	-1	-1	-1
75	91	99	112	115	123	133	337	383	387	-1	-1	-1	-1	-1	-1	-1	-1	-1	-1
1	18	29	32	68	90	95	97	103	110	118	121	206	308	-1	-1	-1	-1	-1	-1
2	16	19	29	45	66	73	121	147	160	214	244	403	458	-1	-1	-1	-1	-1	-1
16	51	81	105	109	123	155	221	254	440	-1	-1	-1	-1	-1	-1	-1	-1	-1	-1
48	56	84	90	93	97	110	115	300	322	397	485	-1	-1	-1	-1	-1	-1	-1	-1
54	61	82	92	93	113	121	122	156	176	213	-1	-1	-1	-1	-1	-1	-1	-1	-1
6	14	94	109	122	177	227	285	-1	-1	-1	-1	-1	-1	-1	-1	-1	-1	-1	-1
29	35	79	80	107	255	389	392	-1	-1	-1	-1	-1	-1	-1	-1	-1	-1	-1	-1
1	16	21	28	55	79	108	113	114	116	122	270	326	-1	-1	-1	-1	-1	-1	-1
28	79	119	307	466	-1	-1	-1	-1	-1	-1	-1	-1	-1	-1	-1	-1	-1	-1	-1
3	91	100	102	106	115	122	267	296	358	396	448	-1	-1	-1	-1	-1	-1	-1	-1
8	54	70	101	115	166	240	385	-1	-1	-1	-1	-1	-1	-1	-1	-1	-1	-1	-1
3	11	48	53	83	84	98	99	104	111	113	233	235	238	347	453	-1	-1	-1	-1
0	17	48	60	87	104	112	115	234	300	372	448	-1	-1	-1	-1	-1	-1	-1	-1
16	44	102	112	116	268	351	380	-1	-1	-1	-1	-1	-1	-1	-1	-1	-1	-1	-1
47	56	59	68	73	99	120	259	266	-1	-1	-1	-1	-1	-1	-1	-1	-1	-1	-1
38	89	94	100	111	114	117	186	469	-1	-1	-1	-1	-1	-1	-1	-1	-1	-1	-1
19	24	49	80	112	119	133	135	147	278	334	-1	-1	-1	-1	-1	-1	-1	-1	-1
108	129	134	140	141	150	154	167	195	213	241	246	322	336	340	-1	-1	-1	-1	-1
117	130	149	154	157	198	249	395	-1	-1	-1	-1	-1	-1	-1	-1	-1	-1	-1	-1
5	124	136	149	150	210	213	475	-1	-1	-1	-1	-1	-1	-1	-1	-1	-1	-1	-1
83	136	150	151	152	169	174	233	364	447	-1	-1	-1	-1	-1	-1	-1	-1	-1	-1
108	131	134	144	148	213	254	317	386	401	499	-1	-1	-1	-1	-1	-1	-1	-1	-1
127	128	146	166	179	201	208	361	468	-1	-1	-1	-1	-1	-1	-1	-1	-1	-1	-1
147	149	185	194	350	-1	-1	-1	-1	-1	-1	-1	-1	-1	-1	-1	-1	-1	-1	-1
106	125	127	146	171	184	191	227	-1	-1	-1	-1	-1	-1	-1	-1	-1	-1	-1	-1
7	10	134	136	139	144	147	226	336	495	-1	-1	-1	-1	-1	-1	-1	-1	-1	-1
125	127	136	146	151	194	238	258	472	-1	-1	-1	-1	-1	-1	-1	-1	-1	-1	-1
126	128	129	130	145	149	150	154	203	478	494	-1	-1	-1	-1	-1	-1	-1	-1	-1
32	117	128	140	143	153	154	206	322	-1	-1	-1	-1	-1	-1	-1	-1	-1	-1	-1
65	136	144	147	161	167	170	185	190	381	437	-1	-1	-1	-1	-1	-1	-1	-1	-1
97	142	145	237	280	368	412	-1	-1	-1	-1	-1	-1	-1	-1	-1	-1	-1	-1	-1
124	136	154	192	345	444	-1	-1	-1	-1	-1	-1	-1	-1	-1	-1	-1	-1	-1	-1
131	137	148	153	172	184	200	230	243	315	320	330	413	-1	-1	-1	-1	-1	-1	-1
101	128	129	130	134	146	149	223	225	232	243	338	-1	-1	-1	-1	-1	-1	-1	-1
134	147	168	234	-1	-1	-1	-1	-1	-1	-1	-1	-1	-1	-1	-1	-1	-1	-1	-1
48	111	139	145	151	177	230	285	313	465	490	-1	-1	-1	-1	-1	-1	-1	-1	-1
19	135	137	138	153	166	169	202	203	294	449	-1	-1	-1	-1	-1	-1	-1	-1	-1
85	126	128	130	137	147	149	154	178	180	194	204	213	219	421	-1	-1	-1	-1	-1
73	131	137	140	142	144	167	178	182	-1	-1	-1	-1	-1	-1	-1	-1	-1	-1	-1
5	73	96	137	194	215	257	328	-1	-1	-1	-1	-1	-1	-1	-1	-1	-1	-1	-1
59	132	144	168	187	216	294	355	-1	-1	-1	-1	-1	-1	-1	-1	-1	-1	-1	-1
76	131	135	140	142	150	153	172	353	421	-1	-1	-1	-1	-1	-1	-1	-1	-1	-1
124	126	141	146	148	170	172	272	405	-1	-1	-1	-1	-1	-1	-1	-1	-1	-1	-1
87	136	141	148	149	167	220	226	229	-1	-1	-1	-1	-1	-1	-1	-1	-1	-1	-1
81	129	133	134	135	140	151	206	210	263	385	-1	-1	-1	-1	-1	-1	-1	-1	-1
75	124	125	139	150	163	185	189	208	214	225	301	311	347	401	450	497	-1	-1	-1
6	131	138	147	151	169	193	203	207	304	-1	-1	-1	-1	-1	-1	-1	-1	-1	-1
158	177	197	239	249	-1	-1	-1	-1	-1	-1	-1	-1	-1	-1	-1	-1	-1	-1	-1
146	150	157	167	170	172	182	210	315	-1	-1	-1	-1	-1	-1	-1	-1	-1	-1	-1
14	124	156	162	168	181	406	-1	-1	-1	-1	-1	-1	-1	-1	-1	-1	-1	-1	-1
53	145	159	176	241	254	354	450	452	-1	-1	-1	-1	-1	-1	-1	-1	-1	-1	-1
38	73	145	160	165	169	170	173	196	215	491	-1	-1	-1	-1	-1	-1	-1	-1	-1
30	128	156	157	175	182	183	228	242	-1	-1	-1	-1	-1	-1	-1	-1	-1	-1	-1
156	158	159	173	207	244	291	-1	-1	-1	-1	-1	-1	-1	-1	-1	-1	-1	-1	-1
157	159	164	173	179	181	236	242	245	261	275	353	423	-1	-1	-1	-1	-1	-1	-1
114	154	161	221	249	467	495	-1	-1	-1	-1	-1	-1	-1	-1	-1	-1	-1	-1	-1
156	163	173	176	218	242	267	429	-1	-1	-1	-1	-1	-1	-1	-1	-1	-1	-1	-1
17	66	113	151	162	164	175	184	219	221	231	235	269	467	-1	-1	-1	-1	-1	-1
128	149	158	190	380	-1	-1	-1	-1	-1	-1	-1	-1	-1	-1	-1	-1	-1	-1	-1
157	185	246	361	374	433	463	479	-1	-1	-1	-1	-1	-1	-1	-1	-1	-1	-1	-1
37	156	159	162	165	173	222	238	286	-1	-1	-1	-1	-1	-1	-1	-1	-1	-1	-1
142	149	167	173	236	285	336	474	-1	-1	-1	-1	-1	-1	-1	-1	-1	-1	-1	-1
100	160	171	208	341	-1	-1	-1	-1	-1	-1	-1	-1	-1	-1	-1	-1	-1	-1	-1
106	141	161	164	214	-1	-1	-1	-1	-1	-1	-1	-1	-1	-1	-1	-1	-1	-1	-1
101	147	156	159	169	190	342	384	-1	-1	-1	-1	-1	-1	-1	-1	-1	-1	-1	-1
36	139	148	152	161	181	182	198	227	243	245	286	422	451	491	498	-1	-1	-1	-1
31	155	156	158	161	168	176	181	206	217	231	252	308	345	453	479	-1	-1	-1	-1
125	156	167	176	179	234	240	359	370	-1	-1	-1	-1	-1	-1	-1	-1	-1	-1	-1
13	21	132	158	164	202	229	268	322	-1	-1	-1	-1	-1	-1	-1	-1	-1	-1	-1
111	145	156	157	159	168	169	170	173	220	317	414	-1	-1	-1	-1	-1	-1	-1	-1
42	85	125	162	183	198	208	306	310	340	-1	-1	-1	-1	-1	-1	-1	-1	-1	-1
134	181	191	244	-1	-1	-1	-1	-1	-1	-1	-1	-1	-1	-1	-1	-1	-1	-1	-1
118	124	126	136	161	164	171	176	239	246	374	434	-1	-1	-1	-1	-1	-1	-1	-1
126	167	172	175	182	183	195	243	273	400	-1	-1	-1	-1	-1	-1	-1	-1	-1	-1
161	171	175	181	183	203	218	219	284	296	434	-1	-1	-1	-1	-1	-1	-1	-1	-1
155	174	180	230	373	-1	-1	-1	-1	-1	-1	-1	-1	-1	-1	-1	-1	-1	-1	-1
131	149	154	159	160	164	171	177	180	193	197	209	213	374	437	-1	-1	-1	-1	-1
120	131	154	155	156	168	172	173	270	381	420	-1	-1	-1	-1	-1	-1	-1	-1	-1
23	97	139	153	208	214	220	273	-1	-1	-1	-1	-1	-1	-1	-1	-1	-1	-1	-1
23	81	134	158	190	202	405	462	-1	-1	-1	-1	-1	-1	-1	-1	-1	-1	-1	-1
23	66	136	147	182	191	197	203	-1	-1	-1	-1	-1	-1	-1	-1	-1	-1	-1	-1
26	144	192	195	211	214	221	-1	-1	-1	-1	-1	-1	-1	-1	-1	-1	-1	-1	-1
84	154	187	188	210	216	-1	-1	-1	-1	-1	-1	-1	-1	-1	-1	-1	-1	-1	-1
0	19	155	187	192	196	198	213	214	326	360	-1	-1	-1	-1	-1	-1	-1	-1	-1
80	136	189	207	209	230	237	241	488	-1	-1	-1	-1	-1	-1	-1	-1	-1	-1	-1
150	169	198	202	209	216	431	467	484	-1	-1	-1	-1	-1	-1	-1	-1	-1	-1	-1
151	191	193	197	-1	-1	-1	-1	-1	-1	-1	-1	-1	-1	-1	-1	-1	-1	-1	-1
142	186	190	205	207	213	288	435	478	480	-1	-1	-1	-1	-1	-1	-1	-1	-1	-1
15	111	150	179	182	185	186	189	198	244	448	-1	-1	-1	-1	-1	-1	-1	-1	-1
19	65	187	191	195	206	239	249	438	-1	-1	-1	-1	-1	-1	-1	-1	-1	-1	-1
65	398	432	-1	-1	-1	-1	-1	-1	-1	-1	-1	-1	-1	-1	-1	-1	-1	-1	-1
48	203	204	208	245	414	-1	-1	-1	-1	-1	-1	-1	-1	-1	-1	-1	-1	-1	-1
193	203	205	209	212	-1	-1	-1	-1	-1	-1	-1	-1	-1	-1	-1	-1	-1	-1	-1
100	191	196	203	206	212	219	244	392	-1	-1	-1	-1	-1	-1	-1	-1	-1	-1	-1
143	156	189	203	213	297	407	448	-1	-1	-1	-1	-1	-1	-1	-1	-1	-1	-1	-1
131	313	-1	-1	-1	-1	-1	-1	-1	-1	-1	-1	-1	-1	-1	-1	-1	-1	-1	-1
16	20	102	201	211	216	233	252	255	341	351	-1	-1	-1	-1	-1	-1	-1	-1	-1
18	170	196	197	239	301	-1	-1	-1	-1	-1	-1	-1	-1	-1	-1	-1	-1	-1	-1
9	36	170	178	186	195	203	208	298	493	-1	-1	-1	-1	-1	-1	-1	-1	-1	-1
12	127	129	142	186	188	195	201	205	212	213	240	249	361	432	-1	-1	-1	-1	-1
147	157	179	191	194	197	205	209	217	229	245	358	452	-1	-1	-1	-1	-1	-1	-1
121	172	199	202	204	489	-1	-1	-1	-1	-1	-1	-1	-1	-1	-1	-1	-1	-1	-1
27	163	164	191	195	202	204	206	310	-1	-1	-1	-1	-1	-1	-1	-1	-1	-1	-1
145	147	161	189	190	192	194	219	231	242	384	417	468	-1	-1	-1	-1	-1	-1	-1
132	171	175	177	186	187	192	195	197	205	209	214	224	313	-1	-1	-1	-1	-1	-1
39	94	137	147	165	173	197	199	208	211	475	-1	-1	-1	-1	-1	-1	-1	-1	-1
39	93	137	200	201	203	208	211	212	216	236	243	-1	-1	-1	-1	-1	-1	-1	-1
45	140	151	157	191	192	194	203	214	221	245	281	297	-1	-1	-1	-1	-1	-1	-1
29	117	125	141	156	191	192	194	206	249	288	352	-1	-1	-1	-1	-1	-1	-1	-1
44	144	230	231	232	235	243	434	-1	-1	-1	-1	-1	-1	-1	-1	-1	-1	-1	-1
144	221	247	255	-1	-1	-1	-1	-1	-1	-1	-1	-1	-1	-1	-1	-1	-1	-1	-1
167	206	228	231	256	-1	-1	-1	-1	-1	-1	-1	-1	-1	-1	-1	-1	-1	-1	-1
5	22	26	160	184	191	199	211	300	330	400	460	-1	-1	-1	-1	-1	-1	-1	-1
79	86	97	205	223	231	241	247	256	-1	-1	-1	-1	-1	-1	-1	-1	-1	-1	-1
217	220	228	230	237	290	375	428	-1	-1	-1	-1	-1	-1	-1	-1	-1	-1	-1	-1
0	162	166	192	224	229	230	238	363	387	406	468	-1	-1	-1	-1	-1	-1	-1	-1
29	41	104	164	187	219	234	235	238	239	242	303	355	434	486	-1	-1	-1	-1	-1
15	218	227	229	230	242	498	-1	-1	-1	-1	-1	-1	-1	-1	-1	-1	-1	-1	-1
222	227	230	240	243	276	277	421	424	-1	-1	-1	-1	-1	-1	-1	-1	-1	-1	-1
110	114	166	178	201	220	224	234	236	238	239	240	246	352	400	-1	-1	-1	-1	-1
105	125	138	147	159	224	231	235	238	239	308	315	376	-1	-1	-1	-1	-1	-1	-1
126	144	178	217	231	236	-1	-1	-1	-1	-1	-1	-1	-1	-1	-1	-1	-1	-1	-1
125	140	195	198	232	240	247	395	413	-1	-1	-1	-1	-1	-1	-1	-1	-1	-1	-1
88	109	169	207	210	233	239	373	399	-1	-1	-1	-1	-1	-1	-1	-1	-1	-1	-1
130	147	163	176	218	224	226	227	237	243	363	-1	-1	-1	-1	-1	-1	-1	-1	-1
34	209	221	234	238	245	370	463	-1	-1	-1	-1	-1	-1	-1	-1	-1	-1	-1	-1
54	121	213	224	320	413	442	-1	-1	-1	-1	-1	-1	-1	-1	-1	-1	-1	-1	-1
17	64	152	182	190	220	225	234	249	313	-1	-1	-1	-1	-1	-1	-1	-1	-1	-1
164	226	244	-1	-1	-1	-1	-1	-1	-1	-1	-1	-1	-1	-1	-1	-1	-1	-1	-1
68	139	180	193	231	246	299	312	-1	-1	-1	-1	-1	-1	-1	-1	-1	-1	-1	-1
21	128	176	178	217	218	231	240	242	-1	-1	-1	-1	-1	-1	-1	-1	-1	-1	-1
30	203	220	224	229	231	234	235	237	343	396	433	-1	-1	-1	-1	-1	-1	-1	-1
97	102	107	153	158	177	-1	-1	-1	-1	-1	-1	-1	-1	-1	-1	-1	-1	-1	-1
34	121	127	189	217	220	223	226	227	232	238	244	245	425	-1	-1	-1	-1	-1	-1
125	178	225	230	239	240	303	337	436	-1	-1	-1	-1	-1	-1	-1	-1	-1	-1	-1
45	132	158	167	208	228	231	238	247	318	441	-1	-1	-1	-1	-1	-1	-1	-1	-1
61	135	136	146	157	175	225	233	243	337	408	443	482	-1	-1	-1	-1	-1	-1	-1
126	127	203	211	219	225	233	235	238	397	464	-1	-1	-1	-1	-1	-1	-1	-1	-1
61	224	230	236	244	-1	-1	-1	-1	-1	-1	-1	-1	-1	-1	-1	-1	-1	-1	-1
61	140	150	218	221	223	226	236	242	-1	-1	-1	-1	-1	-1	-1	-1	-1	-1	-1
127	141	182	213	257	261	273	312	369	405	410	440	444	-1	-1	-1	-1	-1	-1	-1
199	204	217	232	258	267	271	273	-1	-1	-1	-1	-1	-1	-1	-1	-1	-1	-1	-1
267	279	356	-1	-1	-1	-1	-1	-1	-1	-1	-1	-1	-1	-1	-1	-1	-1	-1	-1
62	88	236	249	270	349	426	-1	-1	-1	-1	-1	-1	-1	-1	-1	-1	-1	-1	-1
5	101	259	268	300	310	351	363	367	-1	-1	-1	-1	-1	-1	-1	-1	-1	-1	-1
70	262	263	280	296	306	363	498	-1	-1	-1	-1	-1	-1	-1	-1	-1	-1	-1	-1
115	134	152	249	259	268	269	272	273	306	311	316	321	324	332	340	361	-1	-1	-1
42	51	249	251	258	270	297	308	364	367	403	450	467	-1	-1	-1	-1	-1	-1	-1
80	254	257	258	274	276	278	285	404	-1	-1	-1	-1	-1	-1	-1	-1	-1	-1	-1
227	240	253	268	269	273	292	296	314	333	-1	-1	-1	-1	-1	-1	-1	-1	-1	-1
130	160	173	230	255	256	264	268	269	302	352	364	390	410	429	-1	-1	-1	-1	-1
49	55	80	258	262	264	271	275	278	308	350	360	-1	-1	-1	-1	-1	-1	-1	-1
93	214	242	261	271	272	279	302	333	366	431	-1	-1	-1	-1	-1	-1	-1	-1	-1
195	251	258	265	273	284	288	307	355	416	438	-1	-1	-1	-1	-1	-1	-1	-1	-1
14	70	171	258	290	317	344	352	358	360	409	440	-1	-1	-1	-1	-1	-1	-1	-1
135	136	155	252	253	261	293	308	355	430	-1	-1	-1	-1	-1	-1	-1	-1	-1	-1
97	128	250	253	255	257	263	271	273	299	393	494	-1	-1	-1	-1	-1	-1	-1	-1
22	88	189	249	270	271	272	291	346	404	431	-1	-1	-1	-1	-1	-1	-1	-1	-1
145	248	257	259	268	270	279	290	293	341	365	-1	-1	-1	-1	-1	-1	-1	-1	-1
23	168	221	248	252	254	255	259	262	264	299	334	356	367	434	-1	-1	-1	-1	-1
253	265	274	301	359	381	419	450	-1	-1	-1	-1	-1	-1	-1	-1	-1	-1	-1	-1
48	229	265	292	307	424	456	-1	-1	-1	-1	-1	-1	-1	-1	-1	-1	-1	-1	-1
97	249	251	265	269	273	276	315	323	366	405	-1	-1	-1	-1	-1	-1	-1	-1	-1
236	263	266	268	270	274	275	276	357	364	388	411	418	494	-1	-1	-1	-1	-1	-1
235	251	254	263	275	278	322	343	349	355	376	-1	-1	-1	-1	-1	-1	-1	-1	-1
252	260	263	270	307	365	466	489	499	-1	-1	-1	-1	-1	-1	-1	-1	-1	-1	-1
115	214	253	254	273	284	344	350	354	-1	-1	-1	-1	-1	-1	-1	-1	-1	-1	-1
32	196	252	261	276	280	293	381	-1	-1	-1	-1	-1	-1	-1	-1	-1	-1	-1	-1
189	256	266	274	275	317	340	370	-1	-1	-1	-1	-1	-1	-1	-1	-1	-1	-1	-1
253	256	258	274	275	279	305	315	319	322	351	-1	-1	-1	-1	-1	-1	-1	-1	-1
85	169	178	266	322	342	362	394	408	-1	-1	-1	-1	-1	-1	-1	-1	-1	-1	-1
22	48	112	140	304	309	322	349	355	371	398	400	445	482	-1	-1	-1	-1	-1	-1
237	263	276	287	292	297	299	301	302	335	349	351	354	361	468	-1	-1	-1	-1	-1
92	280	295	305	309	364	422	-1	-1	-1	-1	-1	-1	-1	-1	-1	-1	-1	-1	-1
205	270	274	301	303	309	321	339	372	374	474	-1	-1	-1	-1	-1	-1	-1	-1	-1
61	82	212	290	296	322	-1	-1	-1	-1	-1	-1	-1	-1	-1	-1	-1	-1	-1	-1
91	300	302	304	309	-1	-1	-1	-1	-1	-1	-1	-1	-1	-1	-1	-1	-1	-1	-1
46	105	138	251	279	288	293	295	299	482	-1	-1	-1	-1	-1	-1	-1	-1	-1	-1
29	75	271	282	285	298	303	322	354	384	414	-1	-1	-1	-1	-1	-1	-1	-1	-1
14	112	261	284	286	369	395	412	-1	-1	-1	-1	-1	-1	-1	-1	-1	-1	-1	-1
145	215	257	270	298	299	302	307	311	314	497	-1	-1	-1	-1	-1	-1	-1	-1	-1
77	109	219	251	257	287	303	305	386	-1	-1	-1	-1	-1	-1	-1	-1	-1	-1	-1
7	90	189	224	278	282	283	284	297	311	331	353	444	489	-1	-1	-1	-1	-1	-1
196	279	283	286	297	300	303	307	324	434	446	-1	-1	-1	-1	-1	-1	-1	-1	-1
298	308	329	348	357	367	-1	-1	-1	-1	-1	-1	-1	-1	-1	-1	-1	-1	-1	-1
13	162	251	284	296	298	302	304	305	308	358	495	-1	-1	-1	-1	-1	-1	-1	-1
115	161	213	258	279	291	299	302	306	322	361	382	478	-1	-1	-1	-1	-1	-1	-1
291	306	434	442	-1	-1	-1	-1	-1	-1	-1	-1	-1	-1	-1	-1	-1	-1	-1	-1
35	266	282	305	323	431	432	-1	-1	-1	-1	-1	-1	-1	-1	-1	-1	-1	-1	-1
179	286	290	292	308	403	452	-1	-1	-1	-1	-1	-1	-1	-1	-1	-1	-1	-1	-1
239	257	263	270	280	283	330	332	338	357	495	-1	-1	-1	-1	-1	-1	-1	-1	-1
98	252	277	279	293	304	319	356	369	399	426	-1	-1	-1	-1	-1	-1	-1	-1	-1
149	278	281	282	286	289	298	319	393	-1	-1	-1	-1	-1	-1	-1	-1	-1	-1	-1
161	272	279	293	303	343	355	434	-1	-1	-1	-1	-1	-1	-1	-1	-1	-1	-1	-1
25	288	289	362	369	425	-1	-1	-1	-1	-1	-1	-1	-1	-1	-1	-1	-1	-1	-1
16	18	112	282	292	298	302	308	315	-1	-1	-1	-1	-1	-1	-1	-1	-1	-1	-1
59	117	272	282	291	293	355	356	378	456	-1	-1	-1	-1	-1	-1	-1	-1	-1	-1
144	259	286	287	288	292	323	355	393	425	-1	-1	-1	-1	-1	-1	-1	-1	-1	-1
139	262	287	295	298	317	399	426	-1	-1	-1	-1	-1	-1	-1	-1	-1	-1	-1	-1
82	101	268	274	281	288	291	292	296	302	330	332	334	-1	-1	-1	-1	-1	-1	-1
13	68	235	257	274	288	293	368	456	-1	-1	-1	-1	-1	-1	-1	-1	-1	-1	-1
294	298	397	-1	-1	-1	-1	-1	-1	-1	-1	-1	-1	-1	-1	-1	-1	-1	-1	-1
139	262	271	300	312	326	329	331	337	339	363	458	468	-1	-1	-1	-1	-1	-1	-1
73	90	128	235	254	264	299	320	327	329	348	350	479	-1	-1	-1	-1	-1	-1	-1
215	258	260	277	304	311	316	320	354	366	372	-1	-1	-1	-1	-1	-1	-1	-1	-1
126	252	294	308	432	461	-1	-1	-1	-1	-1	-1	-1	-1	-1	-1	-1	-1	-1	-1
37	227	237	250	282	311	312	332	333	338	366	375	457	-1	-1	-1	-1	-1	-1	-1
22	64	72	206	261	265	302	312	329	330	337	342	347	348	378	-1	-1	-1	-1	-1
18	298	311	322	342	365	-1	-1	-1	-1	-1	-1	-1	-1	-1	-1	-1	-1	-1	-1
56	265	266	285	329	343	348	367	-1	-1	-1	-1	-1	-1	-1	-1	-1	-1	-1	-1
97	317	328	330	331	335	397	498	-1	-1	-1	-1	-1	-1	-1	-1	-1	-1	-1	-1
173	279	303	317	320	334	337	345	348	349	384	470	-1	-1	-1	-1	-1	-1	-1	-1
46	244	314	317	331	337	401	-1	-1	-1	-1	-1	-1	-1	-1	-1	-1	-1	-1	-1
197	313	325	327	332	352	398	-1	-1	-1	-1	-1	-1	-1	-1	-1	-1	-1	-1	-1
127	211	213	249	253	319	339	359	495	-1	-1	-1	-1	-1	-1	-1	-1	-1	-1	-1
14	238	261	266	275	280	307	315	338	339	355	370	373	389	448	456	-1	-1	-1	-1
24	116	173	261	279	317	323	331	332	335	336	360	374	-1	-1	-1	-1	-1	-1	-1
226	310	315	330	333	334	368	-1	-1	-1	-1	-1	-1	-1	-1	-1	-1	-1	-1	-1
24	138	155	211	215	216	258	279	312	316	321	322	330	340	342	417	-1	-1	-1	-1
39	306	386	-1	-1	-1	-1	-1	-1	-1	-1	-1	-1	-1	-1	-1	-1	-1	-1	-1
36	70	77	109	273	310	405	-1	-1	-1	-1	-1	-1	-1	-1	-1	-1	-1	-1	-1
21	48	295	305	316	367	398	-1	-1	-1	-1	-1	-1	-1	-1	-1	-1	-1	-1	-1
193	277	311	320	321	335	336	337	367	372	-1	-1	-1	-1	-1	-1	-1	-1	-1	-1
2	63	187	263	310	320	373	449	461	-1	-1	-1	-1	-1	-1	-1	-1	-1	-1	-1
163	302	327	331	472	-1	-1	-1	-1	-1	-1	-1	-1	-1	-1	-1	-1	-1	-1	-1
16	45	285	295	311	317	360	-1	-1	-1	-1	-1	-1	-1	-1	-1	-1	-1	-1	-1
129	225	323	327	330	357	-1	-1	-1	-1	-1	-1	-1	-1	-1	-1	-1	-1	-1	-1
102	309	334	-1	-1	-1	-1	-1	-1	-1	-1	-1	-1	-1	-1	-1	-1	-1	-1	-1
129	237	262	266	299	317	337	339	340	359	477	-1	-1	-1	-1	-1	-1	-1	-1	-1
318	320	331	334	-1	-1	-1	-1	-1	-1	-1	-1	-1	-1	-1	-1	-1	-1	-1	-1
151	169	231	257	259	290	331	335	372	-1	-1	-1	-1	-1	-1	-1	-1	-1	-1	-1
200	261	268	288	312	314	319	327	331	-1	-1	-1	-1	-1	-1	-1	-1	-1	-1	-1
175	311	320	321	322	329	331	358	427	-1	-1	-1	-1	-1	-1	-1	-1	-1	-1	-1
42	51	135	278	283	310	343	347	348	354	361	367	368	370	-1	-1	-1	-1	-1	-1
75	148	190	359	364	368	381	390	-1	-1	-1	-1	-1	-1	-1	-1	-1	-1	-1	-1
6	8	262	269	318	328	341	353	355	359	467	-1	-1	-1	-1	-1	-1	-1	-1	-1
110	262	282	296	302	305	313	325	342	351	357	371	456	-1	-1	-1	-1	-1	-1	-1
263	291	296	357	358	361	370	462	-1	-1	-1	-1	-1	-1	-1	-1	-1	-1	-1	-1
39	174	256	261	267	288	301	323	342	351	353	354	357	362	370	476	-1	-1	-1	-1
112	214	223	341	354	363	365	366	-1	-1	-1	-1	-1	-1	-1	-1	-1	-1	-1	-1
77	120	164	207	286	319	343	357	-1	-1	-1	-1	-1	-1	-1	-1	-1	-1	-1	-1
19	27	91	208	273	325	346	352	353	358	364	369	370	371	390	-1	-1	-1	-1	-1
255	308	311	347	356	359	-1	-1	-1	-1	-1	-1	-1	-1	-1	-1	-1	-1	-1	-1
231	347	350	366	370	-1	-1	-1	-1	-1	-1	-1	-1	-1	-1	-1	-1	-1	-1	-1
10	101	191	193	272	346	364	368	371	416	428	-1	-1	-1	-1	-1	-1	-1	-1	-1
134	332	333	348	352	365	369	399	408	412	-1	-1	-1	-1	-1	-1	-1	-1	-1	-1
266	324	326	340	350	431	-1	-1	-1	-1	-1	-1	-1	-1	-1	-1	-1	-1	-1	-1
57	241	269	274	307	314	319	332	341	346	348	363	369	-1	-1	-1	-1	-1	-1	-1
7	143	240	265	289	300	305	319	321	326	345	350	362	364	368	369	370	373	387	-1
30	33	46	272	290	298	336	342	350	353	355	-1	-1	-1	-1	-1	-1	-1	-1	-1
37	129	268	290	342	349	350	356	360	361	364	367	-1	-1	-1	-1	-1	-1	-1	-1
48	150	295	311	406	427	430	-1	-1	-1	-1	-1	-1	-1	-1	-1	-1	-1	-1	-1
212	325	359	371	-1	-1	-1	-1	-1	-1	-1	-1	-1	-1	-1	-1	-1	-1	-1	-1
13	130	195	264	311	344	446	488	-1	-1	-1	-1	-1	-1	-1	-1	-1	-1	-1	-1
50	291	295	342	344	345	350	355	361	370	411	438	-1	-1	-1	-1	-1	-1	-1	-1
52	269	331	332	352	360	368	370	457	-1	-1	-1	-1	-1	-1	-1	-1	-1	-1	-1
149	181	259	286	293	294	297	304	317	323	350	357	361	-1	-1	-1	-1	-1	-1	-1
166	179	346	352	371	-1	-1	-1	-1	-1	-1	-1	-1	-1	-1	-1	-1	-1	-1	-1
87	99	166	298	348	355	356	357	-1	-1	-1	-1	-1	-1	-1	-1	-1	-1	-1	-1
259	344	352	362	372	419	-1	-1	-1	-1	-1	-1	-1	-1	-1	-1	-1	-1	-1	-1
53	147	270	291	322	337	348	349	353	356	367	370	409	-1	-1	-1	-1	-1	-1	-1
40	54	171	182	227	345	349	351	387	496	-1	-1	-1	-1	-1	-1	-1	-1	-1	-1
89	92	263	266	276	282	319	347	349	362	369	495	-1	-1	-1	-1	-1	-1	-1	-1
47	127	225	255	263	264	288	319	336	348	352	356	360	366	433	-1	-1	-1	-1	-1
140	311	355	401	428	-1	-1	-1	-1	-1	-1	-1	-1	-1	-1	-1	-1	-1	-1	-1
247	272	316	324	374	397	-1	-1	-1	-1	-1	-1	-1	-1	-1	-1	-1	-1	-1	-1
94	186	262	273	303	354	358	372	375	385	398	-1	-1	-1	-1	-1	-1	-1	-1	-1
156	239	295	304	377	430	447	457	-1	-1	-1	-1	-1	-1	-1	-1	-1	-1	-1	-1
20	38	373	382	385	424	443	491	-1	-1	-1	-1	-1	-1	-1	-1	-1	-1	-1	-1
29	107	303	353	372	373	375	396	418	450	465	-1	-1	-1	-1	-1	-1	-1	-1	-1
153	226	380	393	400	402	417	432	434	446	471	487	490	-1	-1	-1	-1	-1	-1	-1
29	58	231	239	255	272	375	385	393	400	417	458	468	475	480	496	-1	-1	-1	-1
56	199	207	363	374	375	385	386	401	438	453	497	-1	-1	-1	-1	-1	-1	-1	-1
352	374	400	470	-1	-1	-1	-1	-1	-1	-1	-1	-1	-1	-1	-1	-1	-1	-1	-1
31	384	395	448	-1	-1	-1	-1	-1	-1	-1	-1	-1	-1	-1	-1	-1	-1	-1	-1
142	302	377	386	416	477	480	-1	-1	-1	-1	-1	-1	-1	-1	-1	-1	-1	-1	-1
5	143	148	214	287	374	381	419	488	-1	-1	-1	-1	-1	-1	-1	-1	-1	-1	-1
329	335	388	404	427	461	476	-1	-1	-1	-1	-1	-1	-1	-1	-1	-1	-1	-1	-1
189	254	274	381	393	415	447	-1	-1	-1	-1	-1	-1	-1	-1	-1	-1	-1	-1	-1
245	379	380	392	393	398	401	408	464	476	495	-1	-1	-1	-1	-1	-1	-1	-1	-1
197	318	360	380	389	397	419	426	434	485	490	492	-1	-1	-1	-1	-1	-1	-1	-1
143	395	424	426	453	456	-1	-1	-1	-1	-1	-1	-1	-1	-1	-1	-1	-1	-1	-1
40	392	396	411	425	448	484	-1	-1	-1	-1	-1	-1	-1	-1	-1	-1	-1	-1	-1
71	87	379	395	433	434	454	474	-1	-1	-1	-1	-1	-1	-1	-1	-1	-1	-1	-1
22	41	73	209	217	242	281	382	384	387	416	427	428	475	490	-1	-1	-1	-1	-1
72	107	381	392	397	400	406	427	452	460	472	-1	-1	-1	-1	-1	-1	-1	-1	-1
116	296	297	329	374	386	430	454	458	-1	-1	-1	-1	-1	-1	-1	-1	-1	-1	-1
214	326	374	376	382	396	404	432	447	492	-1	-1	-1	-1	-1	-1	-1	-1	-1	-1
27	39	92	109	170	190	373	376	384	388	435	472	-1	-1	-1	-1	-1	-1	-1	-1
372	392	394	396	399	400	426	464	465	467	-1	-1	-1	-1	-1	-1	-1	-1	-1	-1
187	224	253	451	498	499	-1	-1	-1	-1	-1	-1	-1	-1	-1	-1	-1	-1	-1	-1
223	350	355	372	402	422	435	442	443	444	480	498	-1	-1	-1	-1	-1	-1	-1	-1
217	356	377	379	387	390	395	396	399	403	417	435	442	467	-1	-1	-1	-1	-1	-1
84	101	340	379	384	388	389	390	420	-1	-1	-1	-1	-1	-1	-1	-1	-1	-1	-1
63	368	372	375	377	383	392	394	405	408	443	479	498	-1	-1	-1	-1	-1	-1	-1
152	222	282	405	408	409	412	413	414	423	426	429	449	463	485	487	-1	-1	-1	-1
197	391	405	406	407	409	410	420	421	425	444	446	447	492	-1	-1	-1	-1	-1	-1
36	372	398	404	414	418	423	424	430	456	460	-1	-1	-1	-1	-1	-1	-1	-1	-1
98	377	418	425	427	442	-1	-1	-1	-1	-1	-1	-1	-1	-1	-1	-1	-1	-1	-1
14	87	125	226	246	247	395	404	409	-1	-1	-1	-1	-1	-1	-1	-1	-1	-1	-1
88	404	420	421	426	474	493	497	-1	-1	-1	-1	-1	-1	-1	-1	-1	-1	-1	-1
55	97	213	398	408	411	415	419	432	438	-1	-1	-1	-1	-1	-1	-1	-1	-1	-1
206	331	383	405	413	422	426	428	432	450	-1	-1	-1	-1	-1	-1	-1	-1	-1	-1
51	375	417	419	421	427	433	446	453	461	496	498	-1	-1	-1	-1	-1	-1	-1	-1
97	169	195	216	349	418	426	430	-1	-1	-1	-1	-1	-1	-1	-1	-1	-1	-1	-1
40	375	406	408	414	417	422	426	428	436	469	489	-1	-1	-1	-1	-1	-1	-1	-1
0	78	372	416	419	421	426	430	469	487	499	-1	-1	-1	-1	-1	-1	-1	-1	-1
196	286	391	429	433	457	-1	-1	-1	-1	-1	-1	-1	-1	-1	-1	-1	-1	-1	-1
237	292	334	417	422	428	429	475	481	-1	-1	-1	-1	-1	-1	-1	-1	-1	-1	-1
94	106	187	219	343	380	387	408	411	429	498	-1	-1	-1	-1	-1	-1	-1	-1	-1
64	376	392	400	404	415	430	446	455	-1	-1	-1	-1	-1	-1	-1	-1	-1	-1	-1
17	47	215	355	407	409	413	422	424	430	454	465	495	-1	-1	-1	-1	-1	-1	-1
158	299	333	391	402	408	419	458	-1	-1	-1	-1	-1	-1	-1	-1	-1	-1	-1	-1
163	377	395	396	411	425	427	428	432	443	457	478	480	-1	-1	-1	-1	-1	-1	-1
83	165	210	285	290	332	381	410	412	415	420	460	479	-1	-1	-1	-1	-1	-1	-1
105	169	204	287	414	428	429	477	491	-1	-1	-1	-1	-1	-1	-1	-1	-1	-1	-1
2	8	19	406	408	410	416	-1	-1	-1	-1	-1	-1	-1	-1	-1	-1	-1	-1	-1
32	41	138	151	245	419	430	432	455	479	-1	-1	-1	-1	-1	-1	-1	-1	-1	-1
42	140	183	191	256	387	388	407	408	425	464	471	480	484	496	-1	-1	-1	-1	-1
87	119	392	412	421	-1	-1	-1	-1	-1	-1	-1	-1	-1	-1	-1	-1	-1	-1	-1
14	294	315	399	403	478	-1	-1	-1	-1	-1	-1	-1	-1	-1	-1	-1	-1	-1	-1
33	376	394	413	415	418	422	424	425	432	492	-1	-1	-1	-1	-1	-1	-1	-1	-1
100	138	337	404	452	499	-1	-1	-1	-1	-1	-1	-1	-1	-1	-1	-1	-1	-1	-1
37	61	102	175	299	419	420	424	428	433	450	464	480	-1	-1	-1	-1	-1	-1	-1
40	56	131	408	411	417	429	439	465	478	482	493	-1	-1	-1	-1	-1	-1	-1	-1
22	403	410	418	423	426	494	-1	-1	-1	-1	-1	-1	-1	-1	-1	-1	-1	-1	-1
58	146	168	183	290	327	375	378	425	436	437	438	456	459	-1	-1	-1	-1	-1	-1
40	72	166	181	200	230	378	379	410	434	439	455	-1	-1	-1	-1	-1	-1	-1	-1
44	81	100	131	170	281	301	336	442	448	469	473	474	-1	-1	-1	-1	-1	-1	-1
131	175	392	425	439	441	443	449	460	462	463	471	479	-1	-1	-1	-1	-1	-1	-1
62	91	275	299	376	380	392	409	443	451	453	490	-1	-1	-1	-1	-1	-1	-1	-1
197	387	451	456	468	470	487	-1	-1	-1	-1	-1	-1	-1	-1	-1	-1	-1	-1	-1
45	373	396	407	450	470	479	483	-1	-1	-1	-1	-1	-1	-1	-1	-1	-1	-1	-1
306	419	420	430	434	439	443	455	-1	-1	-1	-1	-1	-1	-1	-1	-1	-1	-1	-1
45	108	143	159	299	311	320	346	388	412	414	443	450	-1	-1	-1	-1	-1	-1	-1
236	245	267	392	400	451	455	457	460	-1	-1	-1	-1	-1	-1	-1	-1	-1	-1	-1
23	158	316	340	410	454	459	468	481	491	492	-1	-1	-1	-1	-1	-1	-1	-1	-1
221	376	416	435	442	444	452	472	477	478	-1	-1	-1	-1	-1	-1	-1	-1	-1	-1
35	438	442	451	454	455	463	-1	-1	-1	-1	-1	-1	-1	-1	-1	-1	-1	-1	-1
9	71	125	274	300	386	451	463	473	475	-1	-1	-1	-1	-1	-1	-1	-1	-1	-1
300	398	417	437	449	459	462	463	497	-1	-1	-1	-1	-1	-1	-1	-1	-1	-1	-1
145	222	439	445	452	463	488	-1	-1	-1	-1	-1	-1	-1	-1	-1	-1	-1	-1	-1
5	23	143	408	410	431	439	441	442	456	460	464	478	-1	-1	-1	-1	-1	-1	-1
86	289	440	441	443	490	-1	-1	-1	-1	-1	-1	-1	-1	-1	-1	-1	-1	-1	-1
50	125	199	296	449	458	468	484	-1	-1	-1	-1	-1	-1	-1	-1	-1	-1	-1	-1
19	37	241	294	437	441	451	459	476	-1	-1	-1	-1	-1	-1	-1	-1	-1	-1	-1
78	98	111	241	442	445	-1	-1	-1	-1	-1	-1	-1	-1	-1	-1	-1	-1	-1	-1
339	378	382	412	448	458	460	467	-1	-1	-1	-1	-1	-1	-1	-1	-1	-1	-1	-1
213	388	399	419	431	437	453	461	480	481	-1	-1	-1	-1	-1	-1	-1	-1	-1	-1
4	86	104	137	204	207	270	441	451	461	493	-1	-1	-1	-1	-1	-1	-1	-1	-1
18	56	387	440	445	457	-1	-1	-1	-1	-1	-1	-1	-1	-1	-1	-1	-1	-1	-1
89	109	347	376	398	407	453	455	461	-1	-1	-1	-1	-1	-1	-1	-1	-1	-1	-1
206	383	434	442	446	450	462	488	-1	-1	-1	-1	-1	-1	-1	-1	-1	-1	-1	-1
365	386	387	402	438	445	452	468	-1	-1	-1	-1	-1	-1	-1	-1	-1	-1	-1	-1
16	100	180	343	399	408	419	432	443	453	463	495	-1	-1	-1	-1	-1	-1	-1	-1
58	143	145	284	311	397	435	441	448	458	467	475	-1	-1	-1	-1	-1	-1	-1	-1
221	247	361	390	402	410	442	443	444	445	447	448	-1	-1	-1	-1	-1	-1	-1	-1
128	203	308	482	483	486	487	489	-1	-1	-1	-1	-1	-1	-1	-1	-1	-1	-1	-1
226	260	345	354	470	475	479	483	-1	-1	-1	-1	-1	-1	-1	-1	-1	-1	-1	-1
81	91	102	422	475	479	481	490	491	-1	-1	-1	-1	-1	-1	-1	-1	-1	-1	-1
87	216	369	396	423	461	471	474	490	494	495	-1	-1	-1	-1	-1	-1	-1	-1	-1
67	72	148	460	465	472	479	482	491	-1	-1	-1	-1	-1	-1	-1	-1	-1	-1	-1
234	238	396	422	457	466	474	488	-1	-1	-1	-1	-1	-1	-1	-1	-1	-1	-1	-1
37	47	80	321	397	453	470	485	493	-1	-1	-1	-1	-1	-1	-1	-1	-1	-1	-1
246	278	308	335	405	431	448	451	485	487	-1	-1	-1	-1	-1	-1	-1	-1	-1	-1
120	147	155	242	409	417	431	451	469	470	474	475	483	486	495	-1	-1	-1	-1	-1
65	120	343	383	385	417	427	484	491	493	-1	-1	-1	-1	-1	-1	-1	-1	-1	-1
112	182	260	307	310	401	424	436	457	477	481	-1	-1	-1	-1	-1	-1	-1	-1	-1
38	185	359	404	418	432	466	478	485	-1	-1	-1	-1	-1	-1	-1	-1	-1	-1	-1
14	84	102	114	232	347	381	406	436	442	445	461	467	468	469	472	473	478	491	492
53	187	324	367	408	409	415	437	471	475	485	486	-1	-1	-1	-1	-1	-1	-1	-1
156	326	410	420	430	468	490	-1	-1	-1	-1	-1	-1	-1	-1	-1	-1	-1	-1	-1
52	144	381	384	389	402	448	455	466	494	-1	-1	-1	-1	-1	-1	-1	-1	-1	-1
181	206	267	296	339	383	438	482	485	491	-1	-1	-1	-1	-1	-1	-1	-1	-1	-1
128	197	314	343	378	397	445	478	-1	-1	-1	-1	-1	-1	-1	-1	-1	-1	-1	-1
154	279	291	431	441	466	473	479	-1	-1	-1	-1	-1	-1	-1	-1	-1	-1	-1	-1
93	201	295	399	472	474	477	478	487	490	493	-1	-1	-1	-1	-1	-1	-1	-1	-1
21	203	221	351	387	419	457	487	489	490	492	-1	-1	-1	-1	-1	-1	-1	-1	-1
48	360	388	477	490	493	498	-1	-1	-1	-1	-1	-1	-1	-1	-1	-1	-1	-1	-1
400	485	489	490	492	495	497	-1	-1	-1	-1	-1	-1	-1	-1	-1	-1	-1	-1	-1
39	430	461	487	-1	-1	-1	-1	-1	-1	-1	-1	-1	-1	-1	-1	-1	-1	-1	-1
387	425	459	464	477	482	486	494	-1	-1	-1	-1	-1	-1	-1	-1	-1	-1	-1	-1
128	143	312	400	403	412	439	454	471	487	491	494	-1	-1	-1	-1	-1	-1	-1	-1
125	153	156	183	224	326	348	380	440	478	484	486	-1	-1	-1	-1	-1	-1	-1	-1
34	68	157	175	212	230	250	279	299	380	393	416	440	465	468	482	489	490	-1	-1
416	479	491	-1	-1	-1	-1	-1	-1	-1	-1	-1	-1	-1	-1	-1	-1	-1	-1	-1
113	394	440	450	466	467	470	472	489	-1	-1	-1	-1	-1	-1	-1	-1	-1	-1	-1
50	115	140	347	355	414	443	452	472	483	485	489	-1	-1	-1	-1	-1	-1	-1	-1
330	363	364	405	487	-1	-1	-1	-1	-1	-1	-1	-1	-1	-1	-1	-1	-1	-1	-1
90	98	406	416	447	-1	-1	-1	-1	-1	-1	-1	-1	-1	-1	-1	-1	-1	-1	-1
388	405	407	458	-1	-1	-1	-1	-1	-1	-1	-1	-1	-1	-1	-1	-1	-1	-1	-1
4	379	391	428	466	478	-1	-1	-1	-1	-1	-1	-1	-1	-1	-1	-1	-1	-1	-1
#0.10438721890905939