14	15	157	174	207	233	352	388	-1	-1	-1	-1	-1	-1	-1	-1	-1	-1	-1	-1
3	6	15	17	25	27	187	-1	-1	-1	-1	-1	-1	-1	-1	-1	-1	-1	-1	-1
6	8	14	40	72	73	74	98	275	402	446	-1	-1	-1	-1	-1	-1	-1	-1	-1
2	7	8	18	23	44	68	72	78	136	295	326	-1	-1	-1	-1	-1	-1	-1	-1
11	16	23	254	273	340	414	436	-1	-1	-1	-1	-1	-1	-1	-1	-1	-1	-1	-1
33	45	232	274	300	366	375	491	-1	-1	-1	-1	-1	-1	-1	-1	-1	-1	-1	-1
8	27	102	145	250	420	485	-1	-1	-1	-1	-1	-1	-1	-1	-1	-1	-1	-1	-1
15	23	24	25	27	88	91	283	337	422	442	-1	-1	-1	-1	-1	-1	-1	-1	-1
14	26	52	101	110	130	268	342	-1	-1	-1	-1	-1	-1	-1	-1	-1	-1	-1	-1
5	12	24	45	175	348	-1	-1	-1	-1	-1	-1	-1	-1	-1	-1	-1	-1	-1	-1
3	4	6	17	19	20	36	54	57	103	220	301	496	-1	-1	-1	-1	-1	-1	-1
13	26	109	240	318	320	483	-1	-1	-1	-1	-1	-1	-1	-1	-1	-1	-1	-1	-1
11	13	21	23	24	37	106	125	188	208	217	-1	-1	-1	-1	-1	-1	-1	-1	-1
11	15	30	116	188	398	435	447	469	-1	-1	-1	-1	-1	-1	-1	-1	-1	-1	-1
1	17	22	25	76	83	91	102	146	252	-1	-1	-1	-1	-1	-1	-1	-1	-1	-1
23	24	28	37	47	246	300	481	-1	-1	-1	-1	-1	-1	-1	-1	-1	-1	-1	-1
13	15	17	18	21	28	78	84	111	248	357	477	-1	-1	-1	-1	-1	-1	-1	-1
8	12	16	46	56	68	94	165	257	274	-1	-1	-1	-1	-1	-1	-1	-1	-1	-1
1	3	6	11	27	28	95	102	300	307	309	395	-1	-1	-1	-1	-1	-1	-1	-1
5	11	15	21	66	440	-1	-1	-1	-1	-1	-1	-1	-1	-1	-1	-1	-1	-1	-1
2	11	24	51	84	239	242	-1	-1	-1	-1	-1	-1	-1	-1	-1	-1	-1	-1	-1
2	3	8	11	14	15	26	29	84	85	373	-1	-1	-1	-1	-1	-1	-1	-1	-1
25	36	53	321	331	359	410	490	-1	-1	-1	-1	-1	-1	-1	-1	-1	-1	-1	-1
17	20	32	40	156	158	161	213	216	322	393	425	-1	-1	-1	-1	-1	-1	-1	-1
3	4	16	20	26	42	64	83	144	273	-1	-1	-1	-1	-1	-1	-1	-1	-1	-1
4	27	66	449	469	-1	-1	-1	-1	-1	-1	-1	-1	-1	-1	-1	-1	-1	-1	-1
4	6	22	63	75	248	318	408	468	-1	-1	-1	-1	-1	-1	-1	-1	-1	-1	-1
1	12	17	20	21	23	26	66	81	169	387	-1	-1	-1	-1	-1	-1	-1	-1	-1
3	13	22	40	42	106	110	207	478	-1	-1	-1	-1	-1	-1	-1	-1	-1	-1	-1
27	69	76	150	164	271	457	-1	-1	-1	-1	-1	-1	-1	-1	-1	-1	-1	-1	-1
2	3	6	12	14	18	35	98	103	186	464	-1	-1	-1	-1	-1	-1	-1	-1	-1
18	32	59	89	337	-1	-1	-1	-1	-1	-1	-1	-1	-1	-1	-1	-1	-1	-1	-1
45	59	61	395	397	-1	-1	-1	-1	-1	-1	-1	-1	-1	-1	-1	-1	-1	-1	-1
24	34	38	60	92	225	296	467	-1	-1	-1	-1	-1	-1	-1	-1	-1	-1	-1	-1
2	39	41	79	101	123	236	372	422	-1	-1	-1	-1	-1	-1	-1	-1	-1	-1	-1
33	48	49	52	102	104	114	138	406	-1	-1	-1	-1	-1	-1	-1	-1	-1	-1	-1
32	34	40	47	54	62	86	112	117	277	326	-1	-1	-1	-1	-1	-1	-1	-1	-1
43	56	66	93	114	116	-1	-1	-1	-1	-1	-1	-1	-1	-1	-1	-1	-1	-1	-1
3	45	46	52	65	82	83	151	254	362	-1	-1	-1	-1	-1	-1	-1	-1	-1	-1
34	35	40	42	45	47	97	103	315	418	471	-1	-1	-1	-1	-1	-1	-1	-1	-1
54	61	114	175	190	198	399	428	-1	-1	-1	-1	-1	-1	-1	-1	-1	-1	-1	-1
19	38	59	90	117	122	350	-1	-1	-1	-1	-1	-1	-1	-1	-1	-1	-1	-1	-1
38	46	51	60	77	-1	-1	-1	-1	-1	-1	-1	-1	-1	-1	-1	-1	-1	-1	-1
5	6	35	41	49	53	169	234	351	379	-1	-1	-1	-1	-1	-1	-1	-1	-1	-1
12	26	43	55	88	114	116	309	494	-1	-1	-1	-1	-1	-1	-1	-1	-1	-1	-1
3	35	42	44	54	58	74	84	86	239	273	286	305	482	-1	-1	-1	-1	-1	-1
11	30	33	36	47	50	56	73	234	411	-1	-1	-1	-1	-1	-1	-1	-1	-1	-1
1	32	34	36	39	41	50	59	117	191	259	272	307	-1	-1	-1	-1	-1	-1	-1
36	40	49	52	55	59	89	337	427	-1	-1	-1	-1	-1	-1	-1	-1	-1	-1	-1
42	47	50	51	212	320	334	367	378	-1	-1	-1	-1	-1	-1	-1	-1	-1	-1	-1
4	13	31	34	37	40	55	90	96	112	138	-1	-1	-1	-1	-1	-1	-1	-1	-1
8	21	35	40	61	85	90	172	246	469	-1	-1	-1	-1	-1	-1	-1	-1	-1	-1
19	32	35	45	46	57	64	70	83	95	195	273	282	342	393	399	-1	-1	-1	-1
18	25	29	33	63	66	86	115	124	-1	-1	-1	-1	-1	-1	-1	-1	-1	-1	-1
37	47	51	103	122	255	456	462	-1	-1	-1	-1	-1	-1	-1	-1	-1	-1	-1	-1
4	36	37	47	48	65	80	349	-1	-1	-1	-1	-1	-1	-1	-1	-1	-1	-1	-1
5	32	35	43	46	54	130	293	313	327	431	475	-1	-1	-1	-1	-1	-1	-1	-1
34	38	45	55	60	67	87	94	223	334	377	417	425	446	459	460	-1	-1	-1	-1
48	85	98	103	152	204	398	432	480	-1	-1	-1	-1	-1	-1	-1	-1	-1	-1	-1
23	32	57	96	181	245	296	321	338	-1	-1	-1	-1	-1	-1	-1	-1	-1	-1	-1
26	30	32	38	54	59	115	118	356	396	-1	-1	-1	-1	-1	-1	-1	-1	-1	-1
0	12	42	44	55	60	87	92	107	115	116	403	-1	-1	-1	-1	-1	-1	-1	-1
73	86	298	464	-1	-1	-1	-1	-1	-1	-1	-1	-1	-1	-1	-1	-1	-1	-1	-1
1	21	74	79	113	287	299	447	-1	-1	-1	-1	-1	-1	-1	-1	-1	-1	-1	-1
7	34	37	163	192	346	367	388	404	433	-1	-1	-1	-1	-1	-1	-1	-1	-1	-1
32	68	69	71	73	77	84	85	91	445	-1	-1	-1	-1	-1	-1	-1	-1	-1	-1
42	54	81	88	112	175	313	343	414	489	-1	-1	-1	-1	-1	-1	-1	-1	-1	-1
64	68	80	82	295	300	-1	-1	-1	-1	-1	-1	-1	-1	-1	-1	-1	-1	-1	-1
2	27	62	74	84	86	109	272	396	-1	-1	-1	-1	-1	-1	-1	-1	-1	-1	-1
0	78	122	217	249	385	-1	-1	-1	-1	-1	-1	-1	-1	-1	-1	-1	-1	-1	-1
9	63	65	88	100	113	124	143	151	-1	-1	-1	-1	-1	-1	-1	-1	-1	-1	-1
42	43	53	62	70	73	87	89	91	130	310	-1	-1	-1	-1	-1	-1	-1	-1	-1
48	67	91	98	108	183	196	375	423	-1	-1	-1	-1	-1	-1	-1	-1	-1	-1	-1
69	81	82	88	94	120	121	205	435	452	-1	-1	-1	-1	-1	-1	-1	-1	-1	-1
1	23	63	64	65	69	70	81	82	85	87	91	103	134	295	309	319	362	-1	-1
38	55	64	65	79	85	86	90	-1	-1	-1	-1	-1	-1	-1	-1	-1	-1	-1	-1
1	3	16	63	67	72	77	123	125	155	271	275	-1	-1	-1	-1	-1	-1	-1	-1
19	20	22	65	85	89	141	160	-1	-1	-1	-1	-1	-1	-1	-1	-1	-1	-1	-1
68	97	105	268	-1	-1	-1	-1	-1	-1	-1	-1	-1	-1	-1	-1	-1	-1	-1	-1
28	42	44	51	58	74	77	83	85	93	110	301	-1	-1	-1	-1	-1	-1	-1	-1
73	78	111	-1	-1	-1	-1	-1	-1	-1	-1	-1	-1	-1	-1	-1	-1	-1	-1	-1
64	83	85	122	212	246	277	284	336	396	-1	-1	-1	-1	-1	-1	-1	-1	-1	-1
32	65	83	86	87	174	344	413	493	-1	-1	-1	-1	-1	-1	-1	-1	-1	-1	-1
4	30	58	62	63	73	84	92	93	107	135	186	496	-1	-1	-1	-1	-1	-1	-1
26	47	55	59	72	85	89	106	107	117	162	293	318	-1	-1	-1	-1	-1	-1	-1
64	70	71	78	255	337	345	-1	-1	-1	-1	-1	-1	-1	-1	-1	-1	-1	-1	-1
60	64	72	87	90	91	236	258	-1	-1	-1	-1	-1	-1	-1	-1	-1	-1	-1	-1
1	9	34	62	67	73	80	91	92	307	-1	-1	-1	-1	-1	-1	-1	-1	-1	-1
29	50	70	90	297	337	398	438	-1	-1	-1	-1	-1	-1	-1	-1	-1	-1	-1	-1
55	57	69	117	176	217	257	328	421	-1	-1	-1	-1	-1	-1	-1	-1	-1	-1	-1
39	49	67	71	79	91	213	227	405	497	-1	-1	-1	-1	-1	-1	-1	-1	-1	-1
10	36	40	66	72	78	80	89	270	369	411	-1	-1	-1	-1	-1	-1	-1	-1	-1
40	47	67	70	72	79	83	118	268	-1	-1	-1	-1	-1	-1	-1	-1	-1	-1	-1
61	99	113	114	120	122	307	445	-1	-1	-1	-1	-1	-1	-1	-1	-1	-1	-1	-1
6	23	100	116	122	215	256	266	278	296	340	-1	-1	-1	-1	-1	-1	-1	-1	-1
13	30	94	107	123	229	249	376	474	484	-1	-1	-1	-1	-1	-1	-1	-1	-1	-1
78	110	143	155	305	432	484	489	-1	-1	-1	-1	-1	-1	-1	-1	-1	-1	-1	-1
4	10	27	41	58	99	179	251	261	264	335	407	-1	-1	-1	-1	-1	-1	-1	-1
36	91	111	119	178	331	383	483	491	-1	-1	-1	-1	-1	-1	-1	-1	-1	-1	-1
36	47	116	118	219	222	311	377	-1	-1	-1	-1	-1	-1	-1	-1	-1	-1	-1	-1
87	91	101	106	108	112	115	-1	-1	-1	-1	-1	-1	-1	-1	-1	-1	-1	-1	-1
17	52	93	99	116	118	120	218	-1	-1	-1	-1	-1	-1	-1	-1	-1	-1	-1	-1
13	17	92	101	120	123	289	373	431	-1	-1	-1	-1	-1	-1	-1	-1	-1	-1	-1
1	51	60	74	100	108	111	112	113	121	122	155	196	338	436	-1	-1	-1	-1	-1
79	83	115	118	-1	-1	-1	-1	-1	-1	-1	-1	-1	-1	-1	-1	-1	-1	-1	-1
1	7	18	23	62	95	98	99	100	117	121	122	132	139	277	286	319	323	341	435
21	44	74	91	102	114	115	161	-1	-1	-1	-1	-1	-1	-1	-1	-1	-1	-1	-1
3	11	34	47	65	77	94	95	102	123	163	258	321	345	366	-1	-1	-1	-1	-1
65	75	95	105	217	-1	-1	-1	-1	-1	-1	-1	-1	-1	-1	-1	-1	-1	-1	-1
1	97	102	103	107	115	122	191	221	349	485	-1	-1	-1	-1	-1	-1	-1	-1	-1
73	97	108	114	-1	-1	-1	-1	-1	-1	-1	-1	-1	-1	-1	-1	-1	-1	-1	-1
29	52	85	93	95	104	105	108	117	119	120	121	122	123	124	169	238	348	-1	-1
65	69	92	93	103	120	369	388	480	-1	-1	-1	-1	-1	-1	-1	-1	-1	-1	-1
5	8	26	28	35	76	83	96	106	121	122	275	358	-1	-1	-1	-1	-1	-1	-1
54	55	98	-1	-1	-1	-1	-1	-1	-1	-1	-1	-1	-1	-1	-1	-1	-1	-1	-1
87	100	169	171	232	438	-1	-1	-1	-1	-1	-1	-1	-1	-1	-1	-1	-1	-1	-1
52	91	92	117	118	299	330	451	472	-1	-1	-1	-1	-1	-1	-1	-1	-1	-1	-1
2	26	64	109	160	-1	-1	-1	-1	-1	-1	-1	-1	-1	-1	-1	-1	-1	-1	-1
55	81	83	93	343	436	-1	-1	-1	-1	-1	-1	-1	-1	-1	-1	-1	-1	-1	-1
30	38	62	103	109	320	372	-1	-1	-1	-1	-1	-1	-1	-1	-1	-1	-1	-1	-1
35	37	62	105	386	-1	-1	-1	-1	-1	-1	-1	-1	-1	-1	-1	-1	-1	-1	-1
30	83	93	108	111	112	119	122	354	-1	-1	-1	-1	-1	-1	-1	-1	-1	-1	-1
71	93	96	99	107	108	111	117	120	121	324	360	473	478	-1	-1	-1	-1	-1	-1
2	7	40	64	84	93	112	115	120	179	494	-1	-1	-1	-1	-1	-1	-1	-1	-1
31	43	126	131	133	137	142	146	149	170	207	318	440	-1	-1	-1	-1	-1	-1	-1
30	143	168	175	248	476	-1	-1	-1	-1	-1	-1	-1	-1	-1	-1	-1	-1	-1	-1
21	131	134	136	143	161	183	184	245	371	-1	-1	-1	-1	-1	-1	-1	-1	-1	-1
59	129	131	134	142	143	145	183	223	242	257	275	302	-1	-1	-1	-1	-1	-1	-1
130	145	173	481	-1	-1	-1	-1	-1	-1	-1	-1	-1	-1	-1	-1	-1	-1	-1	-1
125	126	127	137	147	149	176	185	234	448	-1	-1	-1	-1	-1	-1	-1	-1	-1	-1
17	59	134	143	145	158	161	232	364	392	496	-1	-1	-1	-1	-1	-1	-1	-1	-1
95	134	139	140	191	248	249	399	-1	-1	-1	-1	-1	-1	-1	-1	-1	-1	-1	-1
48	59	128	129	140	147	180	205	212	285	387	-1	-1	-1	-1	-1	-1	-1	-1	-1
100	105	126	137	150	151	155	158	176	222	472	477	-1	-1	-1	-1	-1	-1	-1	-1
99	130	132	140	142	151	152	209	213	244	259	284	412	-1	-1	-1	-1	-1	-1	-1
106	119	133	138	143	145	148	162	165	178	226	227	240	323	343	381	449	485	498	-1
63	66	100	113	125	130	134	137	143	144	154	216	224	245	396	-1	-1	-1	-1	-1
10	110	127	134	146	166	179	184	197	225	363	-1	-1	-1	-1	-1	-1	-1	-1	-1
127	139	144	150	176	212	221	341	413	458	-1	-1	-1	-1	-1	-1	-1	-1	-1	-1
6	129	138	141	151	152	165	218	371	427	468	469	487	-1	-1	-1	-1	-1	-1	-1
29	66	102	124	131	148	149	153	205	220	224	246	325	371	393	477	-1	-1	-1	-1
4	67	72	148	150	174	188	217	241	264	274	-1	-1	-1	-1	-1	-1	-1	-1	-1
40	114	137	146	150	202	324	-1	-1	-1	-1	-1	-1	-1	-1	-1	-1	-1	-1	-1
12	30	141	153	176	184	193	237	245	359	463	-1	-1	-1	-1	-1	-1	-1	-1	-1
87	128	130	133	134	204	383	-1	-1	-1	-1	-1	-1	-1	-1	-1	-1	-1	-1	-1
100	130	132	134	140	144	243	244	368	-1	-1	-1	-1	-1	-1	-1	-1	-1	-1	-1
25	51	150	154	203	280	346	437	-1	-1	-1	-1	-1	-1	-1	-1	-1	-1	-1	-1
114	129	132	156	165	168	306	319	-1	-1	-1	-1	-1	-1	-1	-1	-1	-1	-1	-1
60	141	147	157	175	233	248	377	398	491	-1	-1	-1	-1	-1	-1	-1	-1	-1	-1
131	133	139	150	152	199	325	-1	-1	-1	-1	-1	-1	-1	-1	-1	-1	-1	-1	-1
12	22	126	144	147	148	182	184	194	200	221	233	235	326	-1	-1	-1	-1	-1	-1
25	124	125	139	148	150	173	184	212	228	392	422	450	474	-1	-1	-1	-1	-1	-1
131	135	145	181	192	244	256	262	394	475	-1	-1	-1	-1	-1	-1	-1	-1	-1	-1
126	132	156	160	170	495	-1	-1	-1	-1	-1	-1	-1	-1	-1	-1	-1	-1	-1	-1
139	151	152	153	209	291	-1	-1	-1	-1	-1	-1	-1	-1	-1	-1	-1	-1	-1	-1
130	162	194	216	435	-1	-1	-1	-1	-1	-1	-1	-1	-1	-1	-1	-1	-1	-1	-1
31	46	147	157	162	177	182	196	219	236	245	258	325	-1	-1	-1	-1	-1	-1	-1
134	163	166	168	169	173	181	184	243	310	356	470	-1	-1	-1	-1	-1	-1	-1	-1
0	31	76	141	156	170	173	174	178	210	236	338	402	421	-1	-1	-1	-1	-1	-1
145	155	172	203	252	329	379	-1	-1	-1	-1	-1	-1	-1	-1	-1	-1	-1	-1	-1
14	23	27	165	173	181	203	244	370	-1	-1	-1	-1	-1	-1	-1	-1	-1	-1	-1
118	163	172	173	176	182	241	249	276	-1	-1	-1	-1	-1	-1	-1	-1	-1	-1	-1
86	102	126	152	167	178	184	200	216	234	282	390	482	-1	-1	-1	-1	-1	-1	-1
122	126	151	159	160	174	278	-1	-1	-1	-1	-1	-1	-1	-1	-1	-1	-1	-1	-1
37	150	158	167	176	197	330	369	393	457	496	-1	-1	-1	-1	-1	-1	-1	-1	-1
43	154	157	163	176	183	-1	-1	-1	-1	-1	-1	-1	-1	-1	-1	-1	-1	-1	-1
45	74	131	146	154	156	164	172	183	193	268	408	419	432	486	-1	-1	-1	-1	-1
16	26	73	138	156	157	158	160	162	171	173	176	178	188	343	-1	-1	-1	-1	-1
18	112	165	173	177	183	185	196	200	230	233	328	-1	-1	-1	-1	-1	-1	-1	-1
16	23	167	170	173	178	179	185	202	306	376	413	439	-1	-1	-1	-1	-1	-1	-1
21	25	118	150	165	166	171	233	237	-1	-1	-1	-1	-1	-1	-1	-1	-1	-1	-1
135	164	182	200	344	392	411	459	-1	-1	-1	-1	-1	-1	-1	-1	-1	-1	-1	-1
13	72	129	132	134	177	181	192	228	375	-1	-1	-1	-1	-1	-1	-1	-1	-1	-1
80	108	109	150	159	167	172	184	193	205	-1	-1	-1	-1	-1	-1	-1	-1	-1	-1
42	131	155	158	160	165	169	170	184	206	215	246	-1	-1	-1	-1	-1	-1	-1	-1
130	158	173	181	195	289	321	394	-1	-1	-1	-1	-1	-1	-1	-1	-1	-1	-1	-1
129	155	174	175	177	179	180	209	484	-1	-1	-1	-1	-1	-1	-1	-1	-1	-1	-1
82	83	112	147	157	160	167	168	171	175	176	181	185	197	201	213	395	430	-1	-1
246	416	489	-1	-1	-1	-1	-1	-1	-1	-1	-1	-1	-1	-1	-1	-1	-1	-1	-1
97	161	166	175	181	184	213	226	228	230	304	370	380	-1	-1	-1	-1	-1	-1	-1
140	162	163	182	-1	-1	-1	-1	-1	-1	-1	-1	-1	-1	-1	-1	-1	-1	-1	-1
125	142	147	156	204	213	223	276	-1	-1	-1	-1	-1	-1	-1	-1	-1	-1	-1	-1
60	133	156	160	174	176	178	236	246	280	415	-1	-1	-1	-1	-1	-1	-1	-1	-1
174	192	198	204	300	419	435	-1	-1	-1	-1	-1	-1	-1	-1	-1	-1	-1	-1	-1
2	130	137	143	165	181	214	242	472	-1	-1	-1	-1	-1	-1	-1	-1	-1	-1	-1
145	154	160	166	177	178	180	245	277	289	-1	-1	-1	-1	-1	-1	-1	-1	-1	-1
7	130	137	177	187	196	200	202	207	216	398	-1	-1	-1	-1	-1	-1	-1	-1	-1
50	80	127	150	190	191	198	203	209	218	-1	-1	-1	-1	-1	-1	-1	-1	-1	-1
78	133	151	173	192	193	200	203	220	232	429	432	-1	-1	-1	-1	-1	-1	-1	-1
152	153	163	191	192	214	221	494	-1	-1	-1	-1	-1	-1	-1	-1	-1	-1	-1	-1
130	187	201	207	238	241	272	-1	-1	-1	-1	-1	-1	-1	-1	-1	-1	-1	-1	-1
159	181	187	190	215	305	341	-1	-1	-1	-1	-1	-1	-1	-1	-1	-1	-1	-1	-1
32	101	128	157	176	189	197	201	203	205	212	214	225	232	-1	-1	-1	-1	-1	-1
28	140	332	336	365	465	-1	-1	-1	-1	-1	-1	-1	-1	-1	-1	-1	-1	-1	-1
69	138	211	214	215	225	229	236	238	475	-1	-1	-1	-1	-1	-1	-1	-1	-1	-1
1	135	143	173	186	198	200	202	206	208	209	212	230	269	-1	-1	-1	-1	-1	-1
136	155	163	197	199	200	201	211	215	244	251	281	318	374	453	-1	-1	-1	-1	-1
137	157	189	190	191	193	199	209	220	221	256	403	484	-1	-1	-1	-1	-1	-1	-1
35	56	133	135	148	154	193	195	199	200	407	-1	-1	-1	-1	-1	-1	-1	-1	-1
96	135	154	160	185	203	243	343	396	399	453	-1	-1	-1	-1	-1	-1	-1	-1	-1
131	170	171	188	194	207	215	220	341	-1	-1	-1	-1	-1	-1	-1	-1	-1	-1	-1
20	121	135	145	210	212	225	400	429	487	495	-1	-1	-1	-1	-1	-1	-1	-1	-1
10	173	188	203	204	209	215	247	337	459	-1	-1	-1	-1	-1	-1	-1	-1	-1	-1
195	202	208	224	308	329	354	-1	-1	-1	-1	-1	-1	-1	-1	-1	-1	-1	-1	-1
123	149	157	186	187	192	214	300	351	370	408	463	-1	-1	-1	-1	-1	-1	-1	-1
1	192	202	233	351	-1	-1	-1	-1	-1	-1	-1	-1	-1	-1	-1	-1	-1	-1	-1
179	181	200	213	216	235	278	417	431	456	-1	-1	-1	-1	-1	-1	-1	-1	-1	-1
137	161	197	247	280	302	466	-1	-1	-1	-1	-1	-1	-1	-1	-1	-1	-1	-1	-1
46	170	184	188	196	224	278	289	299	457	-1	-1	-1	-1	-1	-1	-1	-1	-1	-1
105	191	192	206	211	326	330	378	386	-1	-1	-1	-1	-1	-1	-1	-1	-1	-1	-1
5	117	167	170	195	196	204	211	213	217	218	290	440	493	-1	-1	-1	-1	-1	-1
194	197	203	208	294	309	-1	-1	-1	-1	-1	-1	-1	-1	-1	-1	-1	-1	-1	-1
112	140	174	188	213	220	248	423	494	-1	-1	-1	-1	-1	-1	-1	-1	-1	-1	-1
1	81	142	198	211	212	264	290	426	437	-1	-1	-1	-1	-1	-1	-1	-1	-1	-1
70	136	141	153	174	186	190	194	196	209	-1	-1	-1	-1	-1	-1	-1	-1	-1	-1
8	160	174	197	209	211	240	321	449	498	-1	-1	-1	-1	-1	-1	-1	-1	-1	-1
19	163	164	179	214	234	255	466	-1	-1	-1	-1	-1	-1	-1	-1	-1	-1	-1	-1
128	188	224	227	234	238	240	241	245	297	332	-1	-1	-1	-1	-1	-1	-1	-1	-1
73	134	153	171	223	227	229	232	235	254	292	-1	-1	-1	-1	-1	-1	-1	-1	-1
128	133	141	156	169	198	240	244	-1	-1	-1	-1	-1	-1	-1	-1	-1	-1	-1	-1
66	169	198	226	229	230	236	246	247	433	-1	-1	-1	-1	-1	-1	-1	-1	-1	-1
22	71	78	130	157	212	213	235	236	242	245	299	-1	-1	-1	-1	-1	-1	-1	-1
207	234	240	265	269	-1	-1	-1	-1	-1	-1	-1	-1	-1	-1	-1	-1	-1	-1	-1
154	166	185	186	207	217	226	230	236	242	384	-1	-1	-1	-1	-1	-1	-1	-1	-1
22	97	134	143	146	155	184	211	247	408	490	-1	-1	-1	-1	-1	-1	-1	-1	-1
149	165	220	230	242	414	426	-1	-1	-1	-1	-1	-1	-1	-1	-1	-1	-1	-1	-1
43	138	221	225	228	246	325	-1	-1	-1	-1	-1	-1	-1	-1	-1	-1	-1	-1	-1
28	83	168	211	217	223	232	238	240	247	309	411	-1	-1	-1	-1	-1	-1	-1	-1
92	216	236	238	240	244	247	341	409	453	464	-1	-1	-1	-1	-1	-1	-1	-1	-1
31	147	180	239	246	254	-1	-1	-1	-1	-1	-1	-1	-1	-1	-1	-1	-1	-1	-1
163	196	215	219	221	235	282	381	473	-1	-1	-1	-1	-1	-1	-1	-1	-1	-1	-1
27	29	75	135	139	155	205	222	227	302	386	-1	-1	-1	-1	-1	-1	-1	-1	-1
137	156	177	201	206	208	217	236	239	244	246	247	395	404	472	-1	-1	-1	-1	-1
69	145	183	184	195	240	242	-1	-1	-1	-1	-1	-1	-1	-1	-1	-1	-1	-1	-1
123	137	173	179	185	209	221	222	237	254	368	390	473	-1	-1	-1	-1	-1	-1	-1
217	219	223	233	244	245	247	328	-1	-1	-1	-1	-1	-1	-1	-1	-1	-1	-1	-1
163	197	219	224	226	231	233	240	246	282	355	358	441	-1	-1	-1	-1	-1	-1	-1
38	54	141	158	161	170	180	203	213	224	232	236	250	259	-1	-1	-1	-1	-1	-1
49	85	215	323	-1	-1	-1	-1	-1	-1	-1	-1	-1	-1	-1	-1	-1	-1	-1	-1
1	36	77	125	151	182	217	218	224	229	236	240	-1	-1	-1	-1	-1	-1	-1	-1
105	227	233	235	241	461	-1	-1	-1	-1	-1	-1	-1	-1	-1	-1	-1	-1	-1	-1
37	166	181	220	234	242	244	246	406	434	482	-1	-1	-1	-1	-1	-1	-1	-1	-1
134	148	165	175	190	205	229	236	307	367	398	489	-1	-1	-1	-1	-1	-1	-1	-1
69	133	182	195	226	229	238	241	242	247	337	373	439	470	-1	-1	-1	-1	-1	-1
126	135	150	241	246	-1	-1	-1	-1	-1	-1	-1	-1	-1	-1	-1	-1	-1	-1	-1
3	127	159	224	247	249	311	358	-1	-1	-1	-1	-1	-1	-1	-1	-1	-1	-1	-1
70	111	124	186	217	220	224	238	281	-1	-1	-1	-1	-1	-1	-1	-1	-1	-1	-1
61	191	215	220	226	294	355	423	-1	-1	-1	-1	-1	-1	-1	-1	-1	-1	-1	-1
149	176	211	219	261	263	267	270	271	278	311	-1	-1	-1	-1	-1	-1	-1	-1	-1
20	36	57	207	222	252	262	270	277	-1	-1	-1	-1	-1	-1	-1	-1	-1	-1	-1
83	249	251	256	270	272	276	277	278	325	372	391	476	491	-1	-1	-1	-1	-1	-1
74	245	249	255	258	261	264	268	278	296	341	364	419	477	-1	-1	-1	-1	-1	-1
249	264	277	335	341	-1	-1	-1	-1	-1	-1	-1	-1	-1	-1	-1	-1	-1	-1	-1
112	120	257	277	288	332	364	372	398	-1	-1	-1	-1	-1	-1	-1	-1	-1	-1	-1
13	256	272	290	359	446	-1	-1	-1	-1	-1	-1	-1	-1	-1	-1	-1	-1	-1	-1
105	152	185	187	250	258	262	264	266	270	277	278	290	304	313	346	366	390	-1	-1
32	152	164	250	251	252	264	270	305	344	486	-1	-1	-1	-1	-1	-1	-1	-1	-1
156	252	256	268	271	272	274	440	468	-1	-1	-1	-1	-1	-1	-1	-1	-1	-1	-1
7	37	96	248	251	253	266	267	300	304	322	344	396	401	424	438	439	-1	-1	-1
67	69	249	253	257	261	266	341	351	365	429	443	485	-1	-1	-1	-1	-1	-1	-1
97	255	261	269	274	283	351	-1	-1	-1	-1	-1	-1	-1	-1	-1	-1	-1	-1	-1
23	122	255	284	288	291	292	314	327	337	403	412	456	476	-1	-1	-1	-1	-1	-1
20	129	180	253	260	261	264	267	269	341	361	417	-1	-1	-1	-1	-1	-1	-1	-1
50	253	266	275	316	441	491	-1	-1	-1	-1	-1	-1	-1	-1	-1	-1	-1	-1	-1
40	248	255	259	269	275	278	292	299	355	-1	-1	-1	-1	-1	-1	-1	-1	-1	-1
155	172	259	266	273	354	411	468	-1	-1	-1	-1	-1	-1	-1	-1	-1	-1	-1	-1
50	201	248	260	265	272	286	396	439	486	-1	-1	-1	-1	-1	-1	-1	-1	-1	-1
120	250	259	261	278	372	390	-1	-1	-1	-1	-1	-1	-1	-1	-1	-1	-1	-1	-1
260	263	269	273	276	282	285	304	338	351	-1	-1	-1	-1	-1	-1	-1	-1	-1	-1
250	260	302	318	411	-1	-1	-1	-1	-1	-1	-1	-1	-1	-1	-1	-1	-1	-1	-1
93	151	170	196	269	278	418	-1	-1	-1	-1	-1	-1	-1	-1	-1	-1	-1	-1	-1
17	111	257	270	273	318	324	363	374	-1	-1	-1	-1	-1	-1	-1	-1	-1	-1	-1
89	210	260	264	265	286	305	320	349	354	372	499	-1	-1	-1	-1	-1	-1	-1	-1
225	261	264	266	276	298	355	447	463	-1	-1	-1	-1	-1	-1	-1	-1	-1	-1	-1
149	165	372	374	-1	-1	-1	-1	-1	-1	-1	-1	-1	-1	-1	-1	-1	-1	-1	-1
178	274	315	332	389	400	-1	-1	-1	-1	-1	-1	-1	-1	-1	-1	-1	-1	-1	-1
30	80	131	235	252	299	305	339	343	368	-1	-1	-1	-1	-1	-1	-1	-1	-1	-1
15	43	249	254	309	359	373	-1	-1	-1	-1	-1	-1	-1	-1	-1	-1	-1	-1	-1
55	82	228	250	261	279	281	292	300	320	435	-1	-1	-1	-1	-1	-1	-1	-1	-1
128	137	256	269	273	284	-1	-1	-1	-1	-1	-1	-1	-1	-1	-1	-1	-1	-1	-1
284	290	310	314	317	339	365	372	-1	-1	-1	-1	-1	-1	-1	-1	-1	-1	-1	-1
36	255	257	299	302	323	324	351	355	363	365	369	-1	-1	-1	-1	-1	-1	-1	-1
112	268	283	295	303	321	322	330	341	384	-1	-1	-1	-1	-1	-1	-1	-1	-1	-1
1	54	238	262	279	291	298	301	309	321	329	352	357	-1	-1	-1	-1	-1	-1	-1
182	207	240	263	276	281	286	288	306	450	-1	-1	-1	-1	-1	-1	-1	-1	-1	-1
246	250	270	288	289	294	298	309	357	488	-1	-1	-1	-1	-1	-1	-1	-1	-1	-1
29	227	257	298	322	335	354	367	403	440	-1	-1	-1	-1	-1	-1	-1	-1	-1	-1
279	288	292	297	360	-1	-1	-1	-1	-1	-1	-1	-1	-1	-1	-1	-1	-1	-1	-1
106	198	260	287	298	302	306	308	366	471	-1	-1	-1	-1	-1	-1	-1	-1	-1	-1
112	283	286	300	301	332	369	473	-1	-1	-1	-1	-1	-1	-1	-1	-1	-1	-1	-1
190	257	269	271	291	295	299	300	324	339	-1	-1	-1	-1	-1	-1	-1	-1	-1	-1
250	292	302	346	353	366	411	456	497	-1	-1	-1	-1	-1	-1	-1	-1	-1	-1	-1
24	111	241	288	291	297	300	309	321	363	368	370	372	418	447	497	-1	-1	-1	-1
7	26	46	94	252	254	264	276	285	287	297	304	308	342	-1	-1	-1	-1	-1	-1
77	228	287	298	300	336	370	-1	-1	-1	-1	-1	-1	-1	-1	-1	-1	-1	-1	-1
283	284	285	291	293	306	310	335	-1	-1	-1	-1	-1	-1	-1	-1	-1	-1	-1	-1
264	365	367	454	-1	-1	-1	-1	-1	-1	-1	-1	-1	-1	-1	-1	-1	-1	-1	-1
177	254	279	283	288	304	426	-1	-1	-1	-1	-1	-1	-1	-1	-1	-1	-1	-1	-1
89	99	255	262	284	285	288	301	303	306	334	345	361	373	-1	-1	-1	-1	-1	-1
219	224	279	294	301	318	-1	-1	-1	-1	-1	-1	-1	-1	-1	-1	-1	-1	-1	-1
64	106	222	290	291	293	294	321	404	-1	-1	-1	-1	-1	-1	-1	-1	-1	-1	-1
20	121	172	275	281	292	297	305	317	343	345	356	457	489	-1	-1	-1	-1	-1	-1
194	282	288	291	298	305	308	321	370	492	-1	-1	-1	-1	-1	-1	-1	-1	-1	-1
284	287	302	337	489	-1	-1	-1	-1	-1	-1	-1	-1	-1	-1	-1	-1	-1	-1	-1
66	169	268	285	289	292	293	295	296	297	366	-1	-1	-1	-1	-1	-1	-1	-1	-1
57	166	184	288	296	297	298	301	334	367	425	-1	-1	-1	-1	-1	-1	-1	-1	-1
65	83	86	93	160	186	211	262	288	291	304	327	330	459	-1	-1	-1	-1	-1	-1
236	248	291	296	301	375	465	-1	-1	-1	-1	-1	-1	-1	-1	-1	-1	-1	-1	-1
28	60	94	169	212	278	287	296	318	354	490	-1	-1	-1	-1	-1	-1	-1	-1	-1
29	86	284	296	301	302	356	372	492	-1	-1	-1	-1	-1	-1	-1	-1	-1	-1	-1
5	256	313	334	336	342	356	357	412	450	-1	-1	-1	-1	-1	-1	-1	-1	-1	-1
95	286	320	331	334	366	-1	-1	-1	-1	-1	-1	-1	-1	-1	-1	-1	-1	-1	-1
15	101	142	235	239	264	293	316	318	320	329	358	365	370	-1	-1	-1	-1	-1	-1
127	131	176	241	268	283	306	316	325	335	338	343	446	-1	-1	-1	-1	-1	-1	-1
138	236	311	320	323	337	414	424	439	453	-1	-1	-1	-1	-1	-1	-1	-1	-1	-1
126	148	289	306	318	327	456	-1	-1	-1	-1	-1	-1	-1	-1	-1	-1	-1	-1	-1
38	48	96	170	249	281	315	323	353	422	-1	-1	-1	-1	-1	-1	-1	-1	-1	-1
310	316	319	354	361	396	-1	-1	-1	-1	-1	-1	-1	-1	-1	-1	-1	-1	-1	-1
41	182	185	195	264	272	313	330	-1	-1	-1	-1	-1	-1	-1	-1	-1	-1	-1	-1
88	295	313	317	318	343	363	487	497	-1	-1	-1	-1	-1	-1	-1	-1	-1	-1	-1
285	327	335	499	-1	-1	-1	-1	-1	-1	-1	-1	-1	-1	-1	-1	-1	-1	-1	-1
70	147	323	325	339	360	-1	-1	-1	-1	-1	-1	-1	-1	-1	-1	-1	-1	-1	-1
265	280	282	312	339	499	-1	-1	-1	-1	-1	-1	-1	-1	-1	-1	-1	-1	-1	-1
3	235	258	291	294	311	324	332	334	337	-1	-1	-1	-1	-1	-1	-1	-1	-1	-1
7	13	235	256	257	288	310	312	318	333	342	479	498	-1	-1	-1	-1	-1	-1	-1
31	81	194	261	301	326	331	351	427	495	-1	-1	-1	-1	-1	-1	-1	-1	-1	-1
19	50	282	300	311	327	357	-1	-1	-1	-1	-1	-1	-1	-1	-1	-1	-1	-1	-1
34	48	141	216	288	323	352	355	359	-1	-1	-1	-1	-1	-1	-1	-1	-1	-1	-1
204	207	269	278	299	323	336	339	476	-1	-1	-1	-1	-1	-1	-1	-1	-1	-1	-1
97	192	315	320	324	328	334	336	337	342	366	371	373	410	462	-1	-1	-1	-1	-1
273	294	310	311	364	455	-1	-1	-1	-1	-1	-1	-1	-1	-1	-1	-1	-1	-1	-1
249	292	299	305	313	314	323	332	347	357	367	371	-1	-1	-1	-1	-1	-1	-1	-1
22	30	168	322	355	373	-1	-1	-1	-1	-1	-1	-1	-1	-1	-1	-1	-1	-1	-1
133	249	312	316	322	327	331	332	334	360	361	-1	-1	-1	-1	-1	-1	-1	-1	-1
211	315	319	322	325	336	359	370	495	-1	-1	-1	-1	-1	-1	-1	-1	-1	-1	-1
32	88	144	280	288	312	315	322	333	338	344	-1	-1	-1	-1	-1	-1	-1	-1	-1
59	72	269	273	308	311	321	339	345	363	371	489	-1	-1	-1	-1	-1	-1	-1	-1
34	311	314	318	322	326	332	333	336	405	-1	-1	-1	-1	-1	-1	-1	-1	-1	-1
316	317	325	336	474	-1	-1	-1	-1	-1	-1	-1	-1	-1	-1	-1	-1	-1	-1	-1
267	273	275	312	313	324	334	356	361	-1	-1	-1	-1	-1	-1	-1	-1	-1	-1	-1
155	185	265	267	274	311	317	330	335	337	358	-1	-1	-1	-1	-1	-1	-1	-1	-1
173	252	264	271	322	334	342	344	365	441	-1	-1	-1	-1	-1	-1	-1	-1	-1	-1
218	229	257	266	275	281	321	350	354	361	379	-1	-1	-1	-1	-1	-1	-1	-1	-1
5	46	250	294	313	324	356	373	-1	-1	-1	-1	-1	-1	-1	-1	-1	-1	-1	-1
41	52	257	277	317	357	364	371	475	-1	-1	-1	-1	-1	-1	-1	-1	-1	-1	-1
65	108	204	237	263	266	270	316	344	351	354	355	359	368	410	448	-1	-1	-1	-1
74	82	222	317	336	344	348	352	354	361	-1	-1	-1	-1	-1	-1	-1	-1	-1	-1
221	259	273	346	348	362	367	368	370	-1	-1	-1	-1	-1	-1	-1	-1	-1	-1	-1
104	123	284	316	342	345	352	353	363	366	378	410	-1	-1	-1	-1	-1	-1	-1	-1
241	263	298	306	345	355	357	358	361	365	368	-1	-1	-1	-1	-1	-1	-1	-1	-1
24	272	283	345	355	361	363	370	409	417	427	450	-1	-1	-1	-1	-1	-1	-1	-1
24	37	119	262	312	326	343	346	349	355	358	423	-1	-1	-1	-1	-1	-1	-1	-1
24	158	258	292	305	342	353	363	-1	-1	-1	-1	-1	-1	-1	-1	-1	-1	-1	-1
87	271	279	292	300	303	322	343	344	346	347	358	369	370	-1	-1	-1	-1	-1	-1
45	173	210	259	290	353	356	367	371	-1	-1	-1	-1	-1	-1	-1	-1	-1	-1	-1
255	272	278	307	320	339	350	354	357	363	370	-1	-1	-1	-1	-1	-1	-1	-1	-1
20	232	259	316	317	347	348	371	387	-1	-1	-1	-1	-1	-1	-1	-1	-1	-1	-1
8	159	179	256	274	289	304	342	343	353	359	367	369	370	-1	-1	-1	-1	-1	-1
69	85	201	288	309	349	350	356	-1	-1	-1	-1	-1	-1	-1	-1	-1	-1	-1	-1
18	76	96	263	286	347	356	357	358	362	364	365	-1	-1	-1	-1	-1	-1	-1	-1
69	284	297	341	350	353	356	444	-1	-1	-1	-1	-1	-1	-1	-1	-1	-1	-1	-1
59	88	112	197	268	281	284	290	311	348	470	-1	-1	-1	-1	-1	-1	-1	-1	-1
21	207	263	279	305	339	357	371	-1	-1	-1	-1	-1	-1	-1	-1	-1	-1	-1	-1
140	256	267	276	288	294	300	301	347	359	366	370	-1	-1	-1	-1	-1	-1	-1	-1
57	253	314	327	355	357	361	365	368	-1	-1	-1	-1	-1	-1	-1	-1	-1	-1	-1
4	6	140	283	326	351	361	-1	-1	-1	-1	-1	-1	-1	-1	-1	-1	-1	-1	-1
174	308	333	341	346	347	349	353	354	355	363	370	382	-1	-1	-1	-1	-1	-1	-1
61	146	192	193	265	268	275	300	345	350	351	365	370	410	491	-1	-1	-1	-1	-1
67	98	99	215	325	351	358	361	371	418	-1	-1	-1	-1	-1	-1	-1	-1	-1	-1
110	297	309	335	341	360	361	436	-1	-1	-1	-1	-1	-1	-1	-1	-1	-1	-1	-1
15	20	91	129	276	352	357	365	369	464	-1	-1	-1	-1	-1	-1	-1	-1	-1	-1
36	87	223	282	299	334	351	356	360	363	368	373	-1	-1	-1	-1	-1	-1	-1	-1
26	33	63	185	213	224	274	299	359	374	376	377	378	393	398	402	-1	-1	-1	-1
175	252	258	286	296	351	368	375	381	390	400	428	-1	-1	-1	-1	-1	-1	-1	-1
122	382	390	396	-1	-1	-1	-1	-1	-1	-1	-1	-1	-1	-1	-1	-1	-1	-1	-1
60	63	85	124	322	372	377	379	392	419	-1	-1	-1	-1	-1	-1	-1	-1	-1	-1
71	233	374	386	390	394	416	433	477	-1	-1	-1	-1	-1	-1	-1	-1	-1	-1	-1
44	383	400	405	414	427	438	444	458	-1	-1	-1	-1	-1	-1	-1	-1	-1	-1	-1
394	477	-1	-1	-1	-1	-1	-1	-1	-1	-1	-1	-1	-1	-1	-1	-1	-1	-1	-1
90	98	372	374	401	405	429	434	-1	-1	-1	-1	-1	-1	-1	-1	-1	-1	-1	-1
219	375	383	385	396	398	399	411	-1	-1	-1	-1	-1	-1	-1	-1	-1	-1	-1	-1
83	85	239	255	299	372	397	398	402	480	484	-1	-1	-1	-1	-1	-1	-1	-1	-1
2	46	57	76	92	330	331	383	384	421	431	433	-1	-1	-1	-1	-1	-1	-1	-1
24	102	236	257	368	386	466	467	-1	-1	-1	-1	-1	-1	-1	-1	-1	-1	-1	-1
219	373	383	391	395	399	406	435	464	-1	-1	-1	-1	-1	-1	-1	-1	-1	-1	-1
157	364	383	388	389	390	392	401	403	416	426	429	433	465	499	-1	-1	-1	-1	-1
105	124	376	388	390	470	475	-1	-1	-1	-1	-1	-1	-1	-1	-1	-1	-1	-1	-1
78	187	379	385	397	401	418	493	-1	-1	-1	-1	-1	-1	-1	-1	-1	-1	-1	-1
373	375	380	392	413	458	485	498	-1	-1	-1	-1	-1	-1	-1	-1	-1	-1	-1	-1
6	36	125	152	191	224	274	383	396	424	-1	-1	-1	-1	-1	-1	-1	-1	-1	-1
44	288	374	379	382	385	392	402	404	455	477	-1	-1	-1	-1	-1	-1	-1	-1	-1
76	214	382	383	404	425	-1	-1	-1	-1	-1	-1	-1	-1	-1	-1	-1	-1	-1	-1
144	169	373	377	388	390	394	397	418	441	447	457	478	-1	-1	-1	-1	-1	-1	-1
175	295	312	380	383	458	461	-1	-1	-1	-1	-1	-1	-1	-1	-1	-1	-1	-1	-1
108	335	372	376	383	384	397	418	442	446	455	461	482	493	-1	-1	-1	-1	-1	-1
26	318	375	382	384	385	386	413	429	440	487	-1	-1	-1	-1	-1	-1	-1	-1	-1
212	336	376	378	380	389	390	391	399	412	427	448	-1	-1	-1	-1	-1	-1	-1	-1
19	372	387	388	396	403	421	450	477	493	-1	-1	-1	-1	-1	-1	-1	-1	-1	-1
208	225	262	385	395	406	469	-1	-1	-1	-1	-1	-1	-1	-1	-1	-1	-1	-1	-1
66	95	105	211	278	376	377	378	385	400	439	456	470	493	-1	-1	-1	-1	-1	-1
49	172	173	253	362	380	385	392	403	405	460	462	472	480	483	-1	-1	-1	-1	-1
97	290	308	376	386	392	394	398	-1	-1	-1	-1	-1	-1	-1	-1	-1	-1	-1	-1
17	99	160	195	196	346	372	401	417	443	460	-1	-1	-1	-1	-1	-1	-1	-1	-1
33	72	299	418	432	434	-1	-1	-1	-1	-1	-1	-1	-1	-1	-1	-1	-1	-1	-1
43	135	164	188	284	375	386	406	424	438	449	-1	-1	-1	-1	-1	-1	-1	-1	-1
114	121	162	407	420	425	426	428	431	435	449	-1	-1	-1	-1	-1	-1	-1	-1	-1
61	139	190	331	403	414	415	417	471	478	483	492	-1	-1	-1	-1	-1	-1	-1	-1
8	119	132	148	172	405	408	418	430	456	458	-1	-1	-1	-1	-1	-1	-1	-1	-1
147	163	399	413	426	427	434	473	499	-1	-1	-1	-1	-1	-1	-1	-1	-1	-1	-1
173	208	406	431	-1	-1	-1	-1	-1	-1	-1	-1	-1	-1	-1	-1	-1	-1	-1	-1
57	190	252	397	415	425	451	-1	-1	-1	-1	-1	-1	-1	-1	-1	-1	-1	-1	-1
217	321	406	408	427	435	446	452	472	479	-1	-1	-1	-1	-1	-1	-1	-1	-1	-1
404	405	418	440	488	-1	-1	-1	-1	-1	-1	-1	-1	-1	-1	-1	-1	-1	-1	-1
18	56	116	305	411	416	430	431	437	446	466	482	496	-1	-1	-1	-1	-1	-1	-1
139	273	413	419	434	435	483	489	492	495	-1	-1	-1	-1	-1	-1	-1	-1	-1	-1
399	412	419	435	445	462	496	-1	-1	-1	-1	-1	-1	-1	-1	-1	-1	-1	-1	-1
40	404	414	419	-1	-1	-1	-1	-1	-1	-1	-1	-1	-1	-1	-1	-1	-1	-1	-1
212	257	416	421	431	447	-1	-1	-1	-1	-1	-1	-1	-1	-1	-1	-1	-1	-1	-1
9	84	144	177	279	409	429	499	-1	-1	-1	-1	-1	-1	-1	-1	-1	-1	-1	-1
210	357	424	426	433	453	455	483	-1	-1	-1	-1	-1	-1	-1	-1	-1	-1	-1	-1
26	54	58	71	234	382	385	404	415	425	-1	-1	-1	-1	-1	-1	-1	-1	-1	-1
310	412	414	424	452	455	479	491	-1	-1	-1	-1	-1	-1	-1	-1	-1	-1	-1	-1
321	413	423	-1	-1	-1	-1	-1	-1	-1	-1	-1	-1	-1	-1	-1	-1	-1	-1	-1
99	282	375	411	416	417	425	467	-1	-1	-1	-1	-1	-1	-1	-1	-1	-1	-1	-1
222	349	381	413	419	492	-1	-1	-1	-1	-1	-1	-1	-1	-1	-1	-1	-1	-1	-1
92	291	304	314	381	407	426	428	436	-1	-1	-1	-1	-1	-1	-1	-1	-1	-1	-1
80	314	354	402	406	407	423	428	443	455	-1	-1	-1	-1	-1	-1	-1	-1	-1	-1
5	178	273	291	378	389	420	429	431	441	445	451	493	494	-1	-1	-1	-1	-1	-1
63	91	108	123	395	398	402	413	414	416	425	429	443	-1	-1	-1	-1	-1	-1	-1
89	146	189	192	291	342	407	410	413	421	430	490	494	-1	-1	-1	-1	-1	-1	-1
403	404	407	414	420	428	431	433	444	462	465	481	-1	-1	-1	-1	-1	-1	-1	-1
102	301	396	421	448	487	-1	-1	-1	-1	-1	-1	-1	-1	-1	-1	-1	-1	-1	-1
5	163	403	416	428	435	472	477	499	-1	-1	-1	-1	-1	-1	-1	-1	-1	-1	-1
52	149	210	260	394	407	408	413	448	449	-1	-1	-1	-1	-1	-1	-1	-1	-1	-1
40	65	392	403	424	425	438	447	488	-1	-1	-1	-1	-1	-1	-1	-1	-1	-1	-1
46	57	219	309	331	400	453	-1	-1	-1	-1	-1	-1	-1	-1	-1	-1	-1	-1	-1
12	188	339	419	435	437	464	469	-1	-1	-1	-1	-1	-1	-1	-1	-1	-1	-1	-1
76	135	357	377	415	448	449	451	452	466	-1	-1	-1	-1	-1	-1	-1	-1	-1	-1
56	65	83	110	437	460	-1	-1	-1	-1	-1	-1	-1	-1	-1	-1	-1	-1	-1	-1
2	229	266	359	400	412	414	451	455	460	463	490	-1	-1	-1	-1	-1	-1	-1	-1
415	435	436	437	441	451	457	-1	-1	-1	-1	-1	-1	-1	-1	-1	-1	-1	-1	-1
27	120	171	274	318	372	393	415	438	442	443	445	450	457	458	459	464	-1	-1	-1
17	166	265	310	320	431	459	460	463	-1	-1	-1	-1	-1	-1	-1	-1	-1	-1	-1
81	203	432	446	456	462	-1	-1	-1	-1	-1	-1	-1	-1	-1	-1	-1	-1	-1	-1
55	70	84	133	150	164	240	380	388	408	437	441	456	461	477	-1	-1	-1	-1	-1
93	141	382	447	457	-1	-1	-1	-1	-1	-1	-1	-1	-1	-1	-1	-1	-1	-1	-1
180	205	321	379	386	399	425	433	434	442	449	456	472	-1	-1	-1	-1	-1	-1	-1
11	99	256	336	400	409	420	435	438	458	462	495	-1	-1	-1	-1	-1	-1	-1	-1
167	250	288	426	436	438	443	444	462	464	-1	-1	-1	-1	-1	-1	-1	-1	-1	-1
218	382	414	448	457	464	-1	-1	-1	-1	-1	-1	-1	-1	-1	-1	-1	-1	-1	-1
60	197	206	311	406	429	442	454	460	462	464	469	-1	-1	-1	-1	-1	-1	-1	-1
193	386	390	438	439	442	452	458	496	-1	-1	-1	-1	-1	-1	-1	-1	-1	-1	-1
39	116	140	247	360	372	378	429	434	436	445	453	455	456	461	462	-1	-1	-1	-1
92	172	378	411	435	441	442	444	460	462	494	-1	-1	-1	-1	-1	-1	-1	-1	-1
151	403	407	449	451	458	472	490	-1	-1	-1	-1	-1	-1	-1	-1	-1	-1	-1	-1
445	451	461	464	491	-1	-1	-1	-1	-1	-1	-1	-1	-1	-1	-1	-1	-1	-1	-1
78	434	441	449	450	453	460	495	-1	-1	-1	-1	-1	-1	-1	-1	-1	-1	-1	-1
30	63	79	388	398	409	423	425	432	436	437	443	445	451	459	460	461	-1	-1	-1
176	220	234	342	449	454	457	489	-1	-1	-1	-1	-1	-1	-1	-1	-1	-1	-1	-1
106	136	301	401	409	441	444	449	456	461	-1	-1	-1	-1	-1	-1	-1	-1	-1	-1
134	383	434	437	438	440	443	444	450	463	469	-1	-1	-1	-1	-1	-1	-1	-1	-1
31	143	206	391	430	431	442	457	-1	-1	-1	-1	-1	-1	-1	-1	-1	-1	-1	-1
135	405	417	427	436	437	439	451	460	464	-1	-1	-1	-1	-1	-1	-1	-1	-1	-1
81	109	342	434	452	469	-1	-1	-1	-1	-1	-1	-1	-1	-1	-1	-1	-1	-1	-1
3	198	203	210	382	439	454	462	481	-1	-1	-1	-1	-1	-1	-1	-1	-1	-1	-1
15	211	273	425	473	479	491	492	-1	-1	-1	-1	-1	-1	-1	-1	-1	-1	-1	-1
74	110	144	167	227	316	365	400	428	441	475	488	-1	-1	-1	-1	-1	-1	-1	-1
383	387	403	420	465	474	480	490	498	-1	-1	-1	-1	-1	-1	-1	-1	-1	-1	-1
82	394	428	475	477	490	493	494	498	-1	-1	-1	-1	-1	-1	-1	-1	-1	-1	-1
7	164	398	465	473	479	484	493	495	-1	-1	-1	-1	-1	-1	-1	-1	-1	-1	-1
280	319	477	-1	-1	-1	-1	-1	-1	-1	-1	-1	-1	-1	-1	-1	-1	-1	-1	-1
22	136	289	449	464	470	474	478	481	494	-1	-1	-1	-1	-1	-1	-1	-1	-1	-1
274	374	391	401	473	478	480	-1	-1	-1	-1	-1	-1	-1	-1	-1	-1	-1	-1	-1
85	163	319	445	472	479	-1	-1	-1	-1	-1	-1	-1	-1	-1	-1	-1	-1	-1	-1
177	286	295	400	432	437	467	468	469	478	485	487	494	-1	-1	-1	-1	-1	-1	-1
18	44	117	382	415	465	-1	-1	-1	-1	-1	-1	-1	-1	-1	-1	-1	-1	-1	-1
170	201	351	400	434	435	478	-1	-1	-1	-1	-1	-1	-1	-1	-1	-1	-1	-1	-1
326	363	386	409	416	463	465	485	493	-1	-1	-1	-1	-1	-1	-1	-1	-1	-1	-1
8	114	118	229	282	350	391	397	401	402	418	448	463	466	470	473	481	486	494	-1
119	149	391	399	437	455	466	468	481	-1	-1	-1	-1	-1	-1	-1	-1	-1	-1	-1
13	107	382	412	444	471	481	482	488	496	-1	-1	-1	-1	-1	-1	-1	-1	-1	-1
29	156	249	275	416	467	492	-1	-1	-1	-1	-1	-1	-1	-1	-1	-1	-1	-1	-1
172	201	271	311	319	369	436	445	465	476	484	-1	-1	-1	-1	-1	-1	-1	-1	-1
7	97	99	225	233	247	258	380	426	452	454	458	468	-1	-1	-1	-1	-1	-1	-1
134	367	405	466	474	479	480	-1	-1	-1	-1	-1	-1	-1	-1	-1	-1	-1	-1	-1
311	325	329	375	431	443	454	476	484	-1	-1	-1	-1	-1	-1	-1	-1	-1	-1	-1
5	300	322	335	410	413	437	467	473	481	-1	-1	-1	-1	-1	-1	-1	-1	-1	-1
47	63	159	380	439	472	483	-1	-1	-1	-1	-1	-1	-1	-1	-1	-1	-1	-1	-1
49	268	304	375	381	397	407	435	454	457	475	484	499	-1	-1	-1	-1	-1	-1	-1
114	214	273	353	389	402	420	425	448	465	468	483	491	493	494	-1	-1	-1	-1	-1
138	163	287	291	367	392	395	413	452	464	468	481	492	-1	-1	-1	-1	-1	-1	-1
19	296	373	405	430	468	470	473	474	489	495	-1	-1	-1	-1	-1	-1	-1	-1	-1
98	153	271	407	436	468	475	483	484	493	-1	-1	-1	-1	-1	-1	-1	-1	-1	-1
45	149	388	390	399	415	428	447	469	486	487	488	495	-1	-1	-1	-1	-1	-1	-1
82	375	403	429	466	470	475	483	486	495	-1	-1	-1	-1	-1	-1	-1	-1	-1	-1
316	384	431	440	459	480	488	-1	-1	-1	-1	-1	-1	-1	-1	-1	-1	-1	-1	-1
116	117	221	271	351	436	442	463	467	-1	-1	-1	-1	-1	-1	-1	-1	-1	-1	-1
138	426	432	457	-1	-1	-1	-1	-1	-1	-1	-1	-1	-1	-1	-1	-1	-1	-1	-1
60	84	217	263	384	394	413	481	486	-1	-1	-1	-1	-1	-1	-1	-1	-1	-1	-1
1	39	71	94	120	383	399	424	425	434	435	445	478	493	-1	-1	-1	-1	-1	-1
#0.10314853277449787