1	3	4	5	6	7	9	10	38	118	260	365	-1	-1	-1	-1	-1	-1	-1	-1	-1	-1	-1	-1
0	7	8	14	25	29	103	124	128	158	180	203	248	1014	-1	-1	-1	-1	-1	-1	-1	-1	-1	-1
1	3	5	71	90	275	461	604	-1	-1	-1	-1	-1	-1	-1	-1	-1	-1	-1	-1	-1	-1	-1	-1
0	2	4	5	6	8	12	17	18	21	23	28	102	583	685	923	1016	-1	-1	-1	-1	-1	-1	-1
0	1	2	18	26	27	29	161	198	350	488	-1	-1	-1	-1	-1	-1	-1	-1	-1	-1	-1	-1	-1
3	4	7	19	72	84	106	108	144	485	792	-1	-1	-1	-1	-1	-1	-1	-1	-1	-1	-1	-1	-1
2	4	5	11	108	122	160	824	-1	-1	-1	-1	-1	-1	-1	-1	-1	-1	-1	-1	-1	-1	-1	-1
5	6	10	16	23	26	27	43	126	168	181	195	-1	-1	-1	-1	-1	-1	-1	-1	-1	-1	-1	-1
9	11	12	13	21	27	31	36	109	123	149	178	582	-1	-1	-1	-1	-1	-1	-1	-1	-1	-1	-1
3	8	10	12	13	14	77	161	249	594	754	-1	-1	-1	-1	-1	-1	-1	-1	-1	-1	-1	-1	-1
9	13	15	20	21	32	35	56	117	133	175	179	202	386	421	563	701	-1	-1	-1	-1	-1	-1	-1
1	2	8	10	12	13	14	31	103	105	107	203	394	855	-1	-1	-1	-1	-1	-1	-1	-1	-1	-1
9	13	14	15	37	52	177	180	183	-1	-1	-1	-1	-1	-1	-1	-1	-1	-1	-1	-1	-1	-1	-1
1	2	9	11	12	14	18	35	39	45	103	164	180	498	913	-1	-1	-1	-1	-1	-1	-1	-1	-1
8	10	11	12	13	24	36	53	66	67	77	112	143	163	179	781	855	-1	-1	-1	-1	-1	-1	-1
6	9	10	11	14	19	24	55	179	258	484	594	915	967	-1	-1	-1	-1	-1	-1	-1	-1	-1	-1
17	18	19	20	21	22	23	28	65	67	78	404	407	631	768	-1	-1	-1	-1	-1	-1	-1	-1	-1
16	18	19	22	23	26	28	33	38	51	58	87	103	-1	-1	-1	-1	-1	-1	-1	-1	-1	-1	-1
16	20	21	66	73	286	305	307	334	559	581	828	-1	-1	-1	-1	-1	-1	-1	-1	-1	-1	-1	-1
9	15	16	17	18	20	23	39	54	158	191	875	977	-1	-1	-1	-1	-1	-1	-1	-1	-1	-1	-1
7	14	15	17	19	23	33	46	115	119	131	172	201	205	675	809	-1	-1	-1	-1	-1	-1	-1	-1
17	20	22	23	31	38	62	575	1008	-1	-1	-1	-1	-1	-1	-1	-1	-1	-1	-1	-1	-1	-1	-1
9	16	17	18	20	23	25	26	27	45	66	80	173	189	456	-1	-1	-1	-1	-1	-1	-1	-1	-1
16	22	31	37	39	46	87	265	316	451	829	878	1023	-1	-1	-1	-1	-1	-1	-1	-1	-1	-1	-1
13	25	27	28	29	32	33	35	36	91	116	153	703	812	938	-1	-1	-1	-1	-1	-1	-1	-1	-1
24	27	30	37	54	82	88	261	292	914	-1	-1	-1	-1	-1	-1	-1	-1	-1	-1	-1	-1	-1	-1
13	17	24	25	27	28	108	337	482	856	860	957	997	-1	-1	-1	-1	-1	-1	-1	-1	-1	-1	-1
2	4	6	7	25	28	29	31	149	168	533	794	-1	-1	-1	-1	-1	-1	-1	-1	-1	-1	-1	-1
1	12	22	23	30	31	32	80	83	146	190	-1	-1	-1	-1	-1	-1	-1	-1	-1	-1	-1	-1	-1
11	12	13	24	26	27	31	113	116	151	229	510	966	-1	-1	-1	-1	-1	-1	-1	-1	-1	-1	-1
10	16	26	27	31	245	272	293	682	908	993	-1	-1	-1	-1	-1	-1	-1	-1	-1	-1	-1	-1	-1
4	23	27	29	30	38	39	109	149	154	525	627	822	839	948	1005	-1	-1	-1	-1	-1	-1	-1	-1
9	23	24	34	35	36	37	39	90	153	596	643	719	814	849	-1	-1	-1	-1	-1	-1	-1	-1	-1
7	12	22	32	34	37	38	90	113	282	317	592	691	904	-1	-1	-1	-1	-1	-1	-1	-1	-1	-1
6	18	32	35	38	39	87	90	124	335	992	-1	-1	-1	-1	-1	-1	-1	-1	-1	-1	-1	-1	-1
4	5	10	12	33	34	36	38	39	68	70	198	907	910	-1	-1	-1	-1	-1	-1	-1	-1	-1	-1
1	2	10	13	24	27	28	32	33	37	38	39	42	70	427	473	549	747	757	-1	-1	-1	-1	-1
17	28	32	36	38	39	74	112	171	479	615	642	872	-1	-1	-1	-1	-1	-1	-1	-1	-1	-1	-1
7	8	20	21	23	33	36	39	170	180	309	347	457	568	577	815	968	-1	-1	-1	-1	-1	-1	-1
20	27	32	35	36	37	80	98	198	251	474	650	-1	-1	-1	-1	-1	-1	-1	-1	-1	-1	-1	-1
9	43	44	46	50	58	71	75	76	79	102	233	500	567	-1	-1	-1	-1	-1	-1	-1	-1	-1	-1
40	42	43	45	46	53	129	167	203	328	525	-1	-1	-1	-1	-1	-1	-1	-1	-1	-1	-1	-1	-1
35	40	41	43	45	46	47	57	63	228	872	-1	-1	-1	-1	-1	-1	-1	-1	-1	-1	-1	-1	-1
13	40	41	44	54	67	82	111	203	791	-1	-1	-1	-1	-1	-1	-1	-1	-1	-1	-1	-1	-1	-1
40	41	42	43	45	49	52	63	170	188	200	730	735	870	-1	-1	-1	-1	-1	-1	-1	-1	-1	-1
41	43	46	47	52	80	89	135	156	568	749	812	878	-1	-1	-1	-1	-1	-1	-1	-1	-1	-1	-1
44	47	49	60	70	94	152	-1	-1	-1	-1	-1	-1	-1	-1	-1	-1	-1	-1	-1	-1	-1	-1	-1
41	42	43	44	45	72	75	98	116	222	308	444	452	755	-1	-1	-1	-1	-1	-1	-1	-1	-1	-1
40	52	79	89	168	185	201	270	450	568	663	-1	-1	-1	-1	-1	-1	-1	-1	-1	-1	-1	-1	-1
31	45	48	50	51	55	150	437	1016	-1	-1	-1	-1	-1	-1	-1	-1	-1	-1	-1	-1	-1	-1	-1
5	33	48	51	55	74	77	439	532	883	907	950	-1	-1	-1	-1	-1	-1	-1	-1	-1	-1	-1	-1
6	19	44	48	50	52	53	54	55	62	117	206	553	707	790	864	-1	-1	-1	-1	-1	-1	-1	-1
7	30	50	53	54	55	57	58	68	116	229	282	434	558	668	951	-1	-1	-1	-1	-1	-1	-1	-1
2	48	49	50	52	55	56	72	144	146	464	790	865	974	-1	-1	-1	-1	-1	-1	-1	-1	-1	-1
43	44	49	50	55	71	79	83	166	178	629	700	-1	-1	-1	-1	-1	-1	-1	-1	-1	-1	-1	-1
0	43	45	49	50	52	53	56	62	63	69	76	123	525	847	886	906	-1	-1	-1	-1	-1	-1	-1
41	43	57	58	59	60	62	73	114	125	164	224	390	415	527	854	-1	-1	-1	-1	-1	-1	-1	-1
42	59	60	61	62	63	69	74	97	183	530	917	933	-1	-1	-1	-1	-1	-1	-1	-1	-1	-1	-1
44	55	59	60	63	67	68	117	151	575	944	-1	-1	-1	-1	-1	-1	-1	-1	-1	-1	-1	-1	-1
41	45	46	47	57	61	69	72	185	189	408	-1	-1	-1	-1	-1	-1	-1	-1	-1	-1	-1	-1	-1
14	15	51	58	61	63	67	128	131	143	165	186	188	429	624	664	744	-1	-1	-1	-1	-1	-1	-1
16	50	58	59	62	63	69	79	96	162	254	387	-1	-1	-1	-1	-1	-1	-1	-1	-1	-1	-1	-1
29	42	54	56	58	59	61	63	64	75	104	191	373	421	900	961	-1	-1	-1	-1	-1	-1	-1	-1
45	57	59	60	61	62	80	133	143	181	198	341	659	-1	-1	-1	-1	-1	-1	-1	-1	-1	-1	-1
57	58	59	65	67	75	79	153	313	905	919	-1	-1	-1	-1	-1	-1	-1	-1	-1	-1	-1	-1	-1
26	40	57	60	66	67	68	71	73	75	89	133	147	289	308	356	704	707	781	-1	-1	-1	-1	-1
51	65	68	69	70	75	97	119	171	288	593	821	1016	-1	-1	-1	-1	-1	-1	-1	-1	-1	-1	-1
3	43	58	63	64	69	71	77	85	107	166	195	366	476	888	-1	-1	-1	-1	-1	-1	-1	-1	-1
22	43	50	64	65	66	67	69	71	77	182	539	971	-1	-1	-1	-1	-1	-1	-1	-1	-1	-1	-1
55	64	70	118	120	144	153	183	270	352	416	670	678	-1	-1	-1	-1	-1	-1	-1	-1	-1	-1	-1
9	20	29	35	44	60	66	67	68	71	73	78	80	165	445	653	-1	-1	-1	-1	-1	-1	-1	-1
42	44	61	66	67	69	76	98	136	138	184	410	427	528	884	-1	-1	-1	-1	-1	-1	-1	-1	-1
42	43	47	73	78	165	840	-1	-1	-1	-1	-1	-1	-1	-1	-1	-1	-1	-1	-1	-1	-1	-1	-1
56	72	76	77	78	79	143	203	636	660	786	920	-1	-1	-1	-1	-1	-1	-1	-1	-1	-1	-1	-1
40	56	66	72	76	78	147	181	212	541	670	731	-1	-1	-1	-1	-1	-1	-1	-1	-1	-1	-1	-1
49	53	63	69	70	72	76	77	78	79	117	138	419	496	500	621	-1	-1	-1	-1	-1	-1	-1	-1
59	61	62	72	75	77	79	184	641	788	952	975	-1	-1	-1	-1	-1	-1	-1	-1	-1	-1	-1	-1
47	54	74	78	79	131	202	514	521	934	-1	-1	-1	-1	-1	-1	-1	-1	-1	-1	-1	-1	-1	-1
44	46	51	70	72	73	75	76	77	114	191	899	1008	-1	-1	-1	-1	-1	-1	-1	-1	-1	-1	-1
23	54	63	69	71	77	95	195	387	398	506	900	919	-1	-1	-1	-1	-1	-1	-1	-1	-1	-1	-1
7	82	84	88	99	119	180	387	391	569	723	-1	-1	-1	-1	-1	-1	-1	-1	-1	-1	-1	-1	-1
11	24	80	82	83	84	86	96	99	107	117	173	288	364	526	-1	-1	-1	-1	-1	-1	-1	-1	-1
14	38	81	84	87	102	312	398	906	944	983	-1	-1	-1	-1	-1	-1	-1	-1	-1	-1	-1	-1	-1
80	82	85	87	101	150	197	253	644	-1	-1	-1	-1	-1	-1	-1	-1	-1	-1	-1	-1	-1	-1	-1
80	82	85	86	87	89	110	122	140	401	626	654	793	-1	-1	-1	-1	-1	-1	-1	-1	-1	-1	-1
44	66	81	89	105	119	149	150	152	177	272	530	587	648	995	-1	-1	-1	-1	-1	-1	-1	-1	-1
10	29	62	71	80	81	82	84	85	98	103	115	122	171	196	198	416	441	684	711	779	-1	-1	-1
82	106	113	192	295	597	617	818	985	-1	-1	-1	-1	-1	-1	-1	-1	-1	-1	-1	-1	-1	-1	-1
42	90	92	94	137	149	217	270	781	-1	-1	-1	-1	-1	-1	-1	-1	-1	-1	-1	-1	-1	-1	-1
52	81	88	94	103	113	273	420	471	846	-1	-1	-1	-1	-1	-1	-1	-1	-1	-1	-1	-1	-1	-1
81	88	89	93	107	110	119	122	167	179	181	482	548	878	970	-1	-1	-1	-1	-1	-1	-1	-1	-1
78	81	92	93	94	95	104	110	162	393	471	548	650	717	908	1007	-1	-1	-1	-1	-1	-1	-1	-1
80	89	90	91	94	101	103	108	166	185	194	-1	-1	-1	-1	-1	-1	-1	-1	-1	-1	-1	-1	-1
40	51	80	90	94	104	505	612	723	792	793	880	-1	-1	-1	-1	-1	-1	-1	-1	-1	-1	-1	-1
88	89	91	92	107	112	118	131	159	201	249	477	600	854	-1	-1	-1	-1	-1	-1	-1	-1	-1	-1
14	48	84	85	88	89	91	93	94	107	118	168	175	178	217	498	600	619	694	914	-1	-1	-1	-1
98	100	101	107	131	157	159	529	772	793	875	-1	-1	-1	-1	-1	-1	-1	-1	-1	-1	-1	-1	-1
42	78	86	91	99	100	101	102	103	108	113	151	170	319	773	896	-1	-1	-1	-1	-1	-1	-1	-1
9	19	35	94	96	97	102	152	522	547	774	-1	-1	-1	-1	-1	-1	-1	-1	-1	-1	-1	-1	-1
11	51	96	98	100	103	133	176	178	195	729	792	831	996	1010	-1	-1	-1	-1	-1	-1	-1	-1	-1
56	72	84	92	95	99	102	103	118	147	203	255	706	-1	-1	-1	-1	-1	-1	-1	-1	-1	-1	-1
3	84	98	99	100	102	105	110	116	144	152	201	298	443	601	-1	-1	-1	-1	-1	-1	-1	-1	-1
17	80	87	92	93	94	97	100	168	189	338	352	492	622	805	921	-1	-1	-1	-1	-1	-1	-1	-1
34	60	93	97	98	99	119	266	456	739	-1	-1	-1	-1	-1	-1	-1	-1	-1	-1	-1	-1	-1	-1
19	25	45	47	49	53	56	80	82	93	105	106	108	110	111	112	189	202	722	-1	-1	-1	-1	-1
39	53	82	84	85	103	106	107	109	580	671	-1	-1	-1	-1	-1	-1	-1	-1	-1	-1	-1	-1	-1
38	57	94	95	98	108	112	193	522	715	923	-1	-1	-1	-1	-1	-1	-1	-1	-1	-1	-1	-1	-1
6	82	89	104	106	109	110	111	114	163	174	405	526	752	848	-1	-1	-1	-1	-1	-1	-1	-1	-1
19	44	95	97	104	105	106	111	301	558	655	760	1016	-1	-1	-1	-1	-1	-1	-1	-1	-1	-1	-1
81	85	100	102	106	110	174	178	234	872	881	962	-1	-1	-1	-1	-1	-1	-1	-1	-1	-1	-1	-1
13	53	83	90	91	94	105	106	120	128	178	420	426	631	787	857	918	999	-1	-1	-1	-1	-1	-1
26	93	104	107	109	110	179	187	194	313	655	676	782	887	-1	-1	-1	-1	-1	-1	-1	-1	-1	-1
10	35	56	105	113	114	115	116	119	192	622	635	692	812	843	858	-1	-1	-1	-1	-1	-1	-1	-1
25	85	103	112	115	119	167	328	718	879	-1	-1	-1	-1	-1	-1	-1	-1	-1	-1	-1	-1	-1	-1
29	81	92	97	115	116	117	165	176	195	196	214	301	759	812	-1	-1	-1	-1	-1	-1	-1	-1	-1
47	57	113	116	117	888	-1	-1	-1	-1	-1	-1	-1	-1	-1	-1	-1	-1	-1	-1	-1	-1	-1	-1
71	94	95	109	112	113	114	117	118	151	167	198	341	346	411	452	695	905	906	-1	-1	-1	-1	-1
13	15	28	47	60	75	80	107	112	113	114	115	116	128	172	201	222	802	-1	-1	-1	-1	-1	-1
51	63	86	94	96	98	116	135	203	266	-1	-1	-1	-1	-1	-1	-1	-1	-1	-1	-1	-1	-1	-1
85	89	109	113	114	117	168	-1	-1	-1	-1	-1	-1	-1	-1	-1	-1	-1	-1	-1	-1	-1	-1	-1
18	27	32	44	102	122	124	125	126	127	128	129	371	484	614	812	909	-1	-1	-1	-1	-1	-1	-1
13	56	57	89	120	123	124	125	127	133	143	144	200	322	857	898	-1	-1	-1	-1	-1	-1	-1	-1
31	82	117	120	121	123	126	127	130	157	-1	-1	-1	-1	-1	-1	-1	-1	-1	-1	-1	-1	-1	-1
45	120	122	124	125	126	156	167	191	204	380	665	890	-1	-1	-1	-1	-1	-1	-1	-1	-1	-1	-1
78	116	120	123	153	168	513	629	-1	-1	-1	-1	-1	-1	-1	-1	-1	-1	-1	-1	-1	-1	-1	-1
4	90	92	101	114	120	121	122	124	126	127	136	140	151	163	233	526	-1	-1	-1	-1	-1	-1	-1
35	59	63	64	77	121	128	138	405	466	479	-1	-1	-1	-1	-1	-1	-1	-1	-1	-1	-1	-1	-1
67	121	125	126	133	136	138	140	142	150	155	162	176	187	596	845	915	942	-1	-1	-1	-1	-1	-1
26	107	121	129	142	156	207	239	283	570	-1	-1	-1	-1	-1	-1	-1	-1	-1	-1	-1	-1	-1	-1
13	17	41	60	95	128	130	131	133	144	157	158	163	169	197	345	670	848	-1	-1	-1	-1	-1	-1
38	128	131	132	134	135	140	151	179	205	566	735	-1	-1	-1	-1	-1	-1	-1	-1	-1	-1	-1	-1
57	129	133	134	135	137	149	156	-1	-1	-1	-1	-1	-1	-1	-1	-1	-1	-1	-1	-1	-1	-1	-1
32	106	107	128	129	130	131	135	138	140	146	187	200	-1	-1	-1	-1	-1	-1	-1	-1	-1	-1	-1
2	50	78	128	129	131	134	135	143	148	196	244	371	499	842	915	1021	-1	-1	-1	-1	-1	-1	-1
7	15	106	130	132	140	141	720	839	-1	-1	-1	-1	-1	-1	-1	-1	-1	-1	-1	-1	-1	-1	-1
44	97	115	128	131	132	133	134	136	137	141	149	152	155	157	475	541	990	-1	-1	-1	-1	-1	-1
11	74	80	83	120	125	131	139	141	148	154	159	173	219	267	275	291	429	455	-1	-1	-1	-1	-1
7	56	97	113	123	125	130	136	143	150	204	291	798	817	-1	-1	-1	-1	-1	-1	-1	-1	-1	-1
27	63	73	111	123	126	142	143	155	159	634	944	-1	-1	-1	-1	-1	-1	-1	-1	-1	-1	-1	-1
39	86	125	131	141	157	302	-1	-1	-1	-1	-1	-1	-1	-1	-1	-1	-1	-1	-1	-1	-1	-1	-1
1	19	37	117	139	141	143	148	156	-1	-1	-1	-1	-1	-1	-1	-1	-1	-1	-1	-1	-1	-1	-1
49	97	132	138	139	143	149	153	333	348	431	631	842	943	976	-1	-1	-1	-1	-1	-1	-1	-1	-1
23	62	94	107	108	122	124	136	140	141	143	147	158	160	184	289	362	509	546	562	681	802	-1	-1
4	26	92	134	136	137	138	140	142	147	160	170	177	236	810	993	-1	-1	-1	-1	-1	-1	-1	-1
9	55	126	130	131	145	148	149	151	252	-1	-1	-1	-1	-1	-1	-1	-1	-1	-1	-1	-1	-1	-1
3	10	146	147	150	159	160	186	201	302	313	391	541	902	-1	-1	-1	-1	-1	-1	-1	-1	-1	-1
52	144	147	148	149	151	201	407	465	634	668	674	814	-1	-1	-1	-1	-1	-1	-1	-1	-1	-1	-1
28	33	123	125	126	127	138	139	140	148	149	151	152	161	298	726	864	-1	-1	-1	-1	-1	-1	-1
122	128	136	144	149	151	153	245	542	574	744	785	912	919	959	-1	-1	-1	-1	-1	-1	-1	-1	-1
83	123	129	147	148	153	157	159	184	307	453	922	-1	-1	-1	-1	-1	-1	-1	-1	-1	-1	-1	-1
101	120	130	131	133	142	144	146	148	149	151	153	159	345	660	-1	-1	-1	-1	-1	-1	-1	-1	-1
24	121	125	131	135	145	147	148	258	524	755	887	-1	-1	-1	-1	-1	-1	-1	-1	-1	-1	-1	-1
8	18	39	96	132	133	153	155	156	158	159	214	972	-1	-1	-1	-1	-1	-1	-1	-1	-1	-1	-1
49	62	122	127	141	143	155	159	309	580	653	660	-1	-1	-1	-1	-1	-1	-1	-1	-1	-1	-1	-1
4	8	21	123	129	131	139	144	153	155	157	158	159	439	717	725	853	871	-1	-1	-1	-1	-1	-1
99	127	135	139	147	152	156	157	159	-1	-1	-1	-1	-1	-1	-1	-1	-1	-1	-1	-1	-1	-1	-1
22	30	54	87	120	128	129	135	136	141	142	146	152	157	158	159	186	585	599	877	-1	-1	-1	-1
72	121	140	153	155	156	158	159	415	491	567	742	826	923	-1	-1	-1	-1	-1	-1	-1	-1	-1	-1
0	46	102	132	152	154	155	156	157	159	324	464	966	-1	-1	-1	-1	-1	-1	-1	-1	-1	-1	-1
73	87	124	126	134	152	156	158	169	643	688	798	-1	-1	-1	-1	-1	-1	-1	-1	-1	-1	-1	-1
29	48	134	161	162	163	165	166	172	190	197	521	532	717	822	993	-1	-1	-1	-1	-1	-1	-1	-1
38	45	126	138	162	166	174	179	193	-1	-1	-1	-1	-1	-1	-1	-1	-1	-1	-1	-1	-1	-1	-1
69	120	160	164	165	167	174	385	403	683	868	-1	-1	-1	-1	-1	-1	-1	-1	-1	-1	-1	-1	-1
17	51	84	111	124	160	161	162	164	175	201	202	340	711	-1	-1	-1	-1	-1	-1	-1	-1	-1	-1
57	114	161	162	163	175	189	190	283	375	397	620	683	909	934	-1	-1	-1	-1	-1	-1	-1	-1	-1
43	160	162	166	173	176	179	185	191	535	779	985	-1	-1	-1	-1	-1	-1	-1	-1	-1	-1	-1	-1
11	22	30	52	74	92	148	160	161	163	164	165	167	170	179	573	-1	-1	-1	-1	-1	-1	-1	-1
60	93	107	161	165	194	665	899	994	-1	-1	-1	-1	-1	-1	-1	-1	-1	-1	-1	-1	-1	-1	-1
41	160	170	174	175	176	177	182	186	190	193	197	678	718	-1	-1	-1	-1	-1	-1	-1	-1	-1	-1
45	94	102	133	157	164	167	171	172	174	178	180	523	-1	-1	-1	-1	-1	-1	-1	-1	-1	-1	-1
34	59	71	103	121	163	168	169	174	183	370	747	-1	-1	-1	-1	-1	-1	-1	-1	-1	-1	-1	-1
32	113	160	168	169	172	174	175	180	316	515	569	634	900	-1	-1	-1	-1	-1	-1	-1	-1	-1	-1
87	168	170	173	175	181	192	372	797	1007	-1	-1	-1	-1	-1	-1	-1	-1	-1	-1	-1	-1	-1	-1
97	171	174	175	187	193	398	399	483	763	-1	-1	-1	-1	-1	-1	-1	-1	-1	-1	-1	-1	-1	-1
15	170	172	173	180	186	189	190	225	582	-1	-1	-1	-1	-1	-1	-1	-1	-1	-1	-1	-1	-1	-1
31	83	89	155	163	169	171	172	181	187	192	464	550	642	733	861	988	-1	-1	-1	-1	-1	-1	-1
43	73	160	161	178	181	182	183	185	190	194	195	453	600	830	-1	-1	-1	-1	-1	-1	-1	-1	-1
146	167	168	169	181	183	184	518	-1	-1	-1	-1	-1	-1	-1	-1	-1	-1	-1	-1	-1	-1	-1	-1
1	47	49	160	167	170	180	182	486	-1	-1	-1	-1	-1	-1	-1	-1	-1	-1	-1	-1	-1	-1	-1
14	55	96	98	163	170	171	173	177	206	215	518	-1	-1	-1	-1	-1	-1	-1	-1	-1	-1	-1	-1
22	115	120	122	156	161	168	178	181	182	183	185	778	874	899	-1	-1	-1	-1	-1	-1	-1	-1	-1
167	172	176	177	178	179	180	183	195	901	-1	-1	-1	-1	-1	-1	-1	-1	-1	-1	-1	-1	-1	-1
42	116	152	160	164	175	176	177	178	179	180	183	188	195	232	396	954	1017	-1	-1	-1	-1	-1	-1
149	161	176	178	196	278	540	611	678	-1	-1	-1	-1	-1	-1	-1	-1	-1	-1	-1	-1	-1	-1	-1
59	61	161	163	171	185	187	188	189	190	191	198	909	-1	-1	-1	-1	-1	-1	-1	-1	-1	-1	-1
109	122	137	160	183	184	186	193	298	381	544	577	672	878	986	-1	-1	-1	-1	-1	-1	-1	-1	-1
37	51	65	71	117	139	167	178	184	188	189	190	191	411	681	708	755	-1	-1	-1	-1	-1	-1	-1
76	93	128	175	178	179	183	184	185	186	190	1018	-1	-1	-1	-1	-1	-1	-1	-1	-1	-1	-1	-1
129	141	179	186	187	189	191	197	199	767	990	-1	-1	-1	-1	-1	-1	-1	-1	-1	-1	-1	-1	-1
15	24	49	56	84	113	164	170	179	180	184	190	540	815	-1	-1	-1	-1	-1	-1	-1	-1	-1	-1
11	13	79	181	183	184	186	187	191	309	366	642	818	-1	-1	-1	-1	-1	-1	-1	-1	-1	-1	-1
133	163	185	186	188	189	190	411	426	513	583	832	-1	-1	-1	-1	-1	-1	-1	-1	-1	-1	-1	-1
38	49	72	96	169	191	194	196	198	245	740	759	-1	-1	-1	-1	-1	-1	-1	-1	-1	-1	-1	-1
37	102	145	161	167	168	170	191	194	195	199	425	-1	-1	-1	-1	-1	-1	-1	-1	-1	-1	-1	-1
33	65	101	120	126	127	165	192	196	198	199	280	366	479	520	584	639	691	928	-1	-1	-1	-1	-1
51	61	71	94	136	160	161	172	176	179	184	192	194	196	197	199	504	-1	-1	-1	-1	-1	-1	-1
37	131	169	188	195	199	427	925	-1	-1	-1	-1	-1	-1	-1	-1	-1	-1	-1	-1	-1	-1	-1	-1
165	167	176	179	184	196	199	782	825	953	-1	-1	-1	-1	-1	-1	-1	-1	-1	-1	-1	-1	-1	-1
2	15	25	46	53	95	111	116	124	127	131	146	168	175	176	179	194	196	197	445	566	860	-1	-1
78	94	106	173	176	196	197	658	790	-1	-1	-1	-1	-1	-1	-1	-1	-1	-1	-1	-1	-1	-1	-1
14	49	52	174	201	203	204	205	206	219	220	225	231	237	239	447	592	600	-1	-1	-1	-1	-1	-1
20	49	144	177	203	204	206	207	220	221	224	229	659	-1	-1	-1	-1	-1	-1	-1	-1	-1	-1	-1
45	103	140	142	200	201	204	205	206	207	219	221	228	234	236	520	-1	-1	-1	-1	-1	-1	-1	-1
95	200	202	204	205	206	208	211	216	224	232	234	237	239	313	364	524	582	584	-1	-1	-1	-1	-1
201	203	205	206	207	208	214	216	218	225	230	234	345	366	400	534	630	807	-1	-1	-1	-1	-1	-1
128	200	201	203	207	210	222	295	377	668	917	-1	-1	-1	-1	-1	-1	-1	-1	-1	-1	-1	-1	-1
200	201	202	203	224	329	405	867	-1	-1	-1	-1	-1	-1	-1	-1	-1	-1	-1	-1	-1	-1	-1	-1
202	203	205	267	286	318	389	463	-1	-1	-1	-1	-1	-1	-1	-1	-1	-1	-1	-1	-1	-1	-1	-1
142	207	209	211	212	213	214	216	233	275	362	404	467	575	713	807	-1	-1	-1	-1	-1	-1	-1	-1
203	208	211	212	213	214	231	235	330	342	403	483	485	852	-1	-1	-1	-1	-1	-1	-1	-1	-1	-1
80	203	208	213	221	332	383	565	597	689	740	790	1022	-1	-1	-1	-1	-1	-1	-1	-1	-1	-1	-1
204	208	210	215	216	220	230	251	262	291	380	704	1019	-1	-1	-1	-1	-1	-1	-1	-1	-1	-1	-1
118	208	209	210	214	222	227	239	243	261	271	326	331	364	379	394	446	820	-1	-1	-1	-1	-1	-1
200	209	211	215	218	404	503	-1	-1	-1	-1	-1	-1	-1	-1	-1	-1	-1	-1	-1	-1	-1	-1	-1
203	207	210	211	215	217	227	232	237	272	295	460	499	638	921	-1	-1	-1	-1	-1	-1	-1	-1	-1
35	97	166	208	210	211	223	224	281	290	316	331	360	366	474	711	-1	-1	-1	-1	-1	-1	-1	-1
209	215	218	219	220	221	233	290	322	329	338	345	687	-1	-1	-1	-1	-1	-1	-1	-1	-1	-1	-1
109	117	124	200	203	206	216	218	221	226	237	334	354	361	-1	-1	-1	-1	-1	-1	-1	-1	-1	-1
216	222	223	227	237	247	248	-1	-1	-1	-1	-1	-1	-1	-1	-1	-1	-1	-1	-1	-1	-1	-1	-1
160	184	220	223	241	532	676	756	-1	-1	-1	-1	-1	-1	-1	-1	-1	-1	-1	-1	-1	-1	-1	-1
207	217	221	222	237	238	300	328	343	532	885	-1	-1	-1	-1	-1	-1	-1	-1	-1	-1	-1	-1	-1
74	202	215	219	222	227	262	289	308	320	596	688	770	798	972	-1	-1	-1	-1	-1	-1	-1	-1	-1
106	206	211	212	216	220	223	225	230	245	262	265	274	304	318	362	396	634	683	718	972	-1	-1	-1
21	48	203	205	216	217	218	219	221	222	225	230	311	396	405	852	-1	-1	-1	-1	-1	-1	-1	-1
201	203	206	225	226	228	390	391	432	688	711	845	-1	-1	-1	-1	-1	-1	-1	-1	-1	-1	-1	-1
224	226	228	229	231	234	235	354	523	530	-1	-1	-1	-1	-1	-1	-1	-1	-1	-1	-1	-1	-1	-1
203	205	210	225	228	229	230	231	299	385	636	670	-1	-1	-1	-1	-1	-1	-1	-1	-1	-1	-1	-1
76	90	147	156	208	210	223	224	225	228	231	310	318	348	381	420	-1	-1	-1	-1	-1	-1	-1	-1
203	221	226	227	229	230	231	237	333	395	884	-1	-1	-1	-1	-1	-1	-1	-1	-1	-1	-1	-1	-1
56	178	224	227	233	235	259	295	328	369	531	833	927	-1	-1	-1	-1	-1	-1	-1	-1	-1	-1	-1
204	206	207	225	226	229	231	248	282	553	-1	-1	-1	-1	-1	-1	-1	-1	-1	-1	-1	-1	-1	-1
140	173	225	227	228	237	238	285	333	351	359	-1	-1	-1	-1	-1	-1	-1	-1	-1	-1	-1	-1	-1
203	206	209	212	216	218	233	235	236	291	320	405	701	885	-1	-1	-1	-1	-1	-1	-1	-1	-1	-1
185	207	235	236	350	366	373	398	406	672	-1	-1	-1	-1	-1	-1	-1	-1	-1	-1	-1	-1	-1	-1
54	55	207	209	211	215	231	233	235	236	238	302	332	366	372	393	986	-1	-1	-1	-1	-1	-1	-1
169	201	205	206	211	217	220	221	229	232	233	234	239	318	833	-1	-1	-1	-1	-1	-1	-1	-1	-1
45	201	222	228	230	232	235	237	242	315	375	545	877	-1	-1	-1	-1	-1	-1	-1	-1	-1	-1	-1
111	204	207	218	225	233	234	235	238	239	257	302	316	324	383	423	470	482	535	787	891	-1	-1	-1
45	116	178	228	233	234	235	236	237	245	253	310	315	320	351	802	891	-1	-1	-1	-1	-1	-1	-1
7	208	217	219	232	234	235	237	248	256	310	397	514	788	803	904	-1	-1	-1	-1	-1	-1	-1	-1
115	224	244	247	249	252	257	258	267	272	274	316	344	368	549	708	769	-1	-1	-1	-1	-1	-1	-1
45	213	242	248	260	332	370	378	592	823	848	996	-1	-1	-1	-1	-1	-1	-1	-1	-1	-1	-1	-1
99	221	241	244	246	248	260	269	368	388	392	957	-1	-1	-1	-1	-1	-1	-1	-1	-1	-1	-1	-1
224	240	245	253	257	263	266	268	272	290	324	-1	-1	-1	-1	-1	-1	-1	-1	-1	-1	-1	-1	-1
73	242	243	245	247	258	263	276	291	297	302	371	401	472	511	926	934	-1	-1	-1	-1	-1	-1	-1
210	246	247	258	282	311	347	404	474	694	-1	-1	-1	-1	-1	-1	-1	-1	-1	-1	-1	-1	-1	-1
214	241	244	269	277	287	292	381	418	749	783	-1	-1	-1	-1	-1	-1	-1	-1	-1	-1	-1	-1	-1
92	107	138	241	244	245	246	255	306	335	477	641	-1	-1	-1	-1	-1	-1	-1	-1	-1	-1	-1	-1
33	240	245	250	251	252	254	256	265	269	272	344	398	477	1020	-1	-1	-1	-1	-1	-1	-1	-1	-1
247	252	257	259	262	271	335	-1	-1	-1	-1	-1	-1	-1	-1	-1	-1	-1	-1	-1	-1	-1	-1	-1
16	166	205	248	251	252	253	255	259	266	269	290	327	353	368	799	-1	-1	-1	-1	-1	-1	-1	-1
178	250	254	261	263	272	274	319	385	391	590	621	809	-1	-1	-1	-1	-1	-1	-1	-1	-1	-1	-1
248	249	251	253	255	321	606	-1	-1	-1	-1	-1	-1	-1	-1	-1	-1	-1	-1	-1	-1	-1	-1	-1
248	250	251	255	256	279	343	349	-1	-1	-1	-1	-1	-1	-1	-1	-1	-1	-1	-1	-1	-1	-1	-1
205	248	250	253	255	261	262	268	269	292	361	418	520	587	-1	-1	-1	-1	-1	-1	-1	-1	-1	-1
49	66	142	248	249	251	259	272	274	305	307	325	396	-1	-1	-1	-1	-1	-1	-1	-1	-1	-1	-1
191	249	258	259	260	262	274	291	325	377	383	836	881	997	-1	-1	-1	-1	-1	-1	-1	-1	-1	-1
243	255	256	259	263	267	275	278	285	335	353	366	375	870	-1	-1	-1	-1	-1	-1	-1	-1	-1	-1
240	253	256	257	260	262	263	269	296	299	305	341	342	354	374	397	437	453	626	663	925	949	-1	-1
63	76	235	239	243	256	257	258	266	270	304	328	329	375	400	470	-1	-1	-1	-1	-1	-1	-1	-1
248	254	257	261	263	267	270	279	322	351	398	411	676	-1	-1	-1	-1	-1	-1	-1	-1	-1	-1	-1
240	250	257	258	262	263	277	290	319	350	369	638	729	827	937	-1	-1	-1	-1	-1	-1	-1	-1	-1
136	161	204	247	249	258	261	295	299	388	399	667	772	-1	-1	-1	-1	-1	-1	-1	-1	-1	-1	-1
51	241	242	250	256	258	259	261	269	488	867	927	-1	-1	-1	-1	-1	-1	-1	-1	-1	-1	-1	-1
31	241	261	262	266	267	269	270	272	298	378	672	796	882	933	936	-1	-1	-1	-1	-1	-1	-1	-1
98	251	256	257	264	266	271	274	277	316	340	448	567	834	-1	-1	-1	-1	-1	-1	-1	-1	-1	-1
46	205	239	240	249	252	256	257	263	264	277	295	322	345	360	377	504	650	975	-1	-1	-1	-1	-1
81	179	264	268	270	271	276	301	313	325	383	-1	-1	-1	-1	-1	-1	-1	-1	-1	-1	-1	-1	-1
97	232	243	250	264	266	267	270	271	348	359	539	548	-1	-1	-1	-1	-1	-1	-1	-1	-1	-1	-1
109	256	260	262	264	265	271	273	366	817	842	922	-1	-1	-1	-1	-1	-1	-1	-1	-1	-1	-1	-1
78	245	253	262	265	268	271	306	326	360	544	583	649	-1	-1	-1	-1	-1	-1	-1	-1	-1	-1	-1
58	206	212	218	222	254	255	264	265	266	267	269	312	372	378	567	-1	-1	-1	-1	-1	-1	-1	-1
245	247	260	265	269	273	276	278	319	787	842	-1	-1	-1	-1	-1	-1	-1	-1	-1	-1	-1	-1	-1
222	248	252	259	267	270	272	277	278	279	287	-1	-1	-1	-1	-1	-1	-1	-1	-1	-1	-1	-1	-1
207	210	241	243	254	262	269	272	275	276	277	278	279	292	332	372	434	521	887	-1	-1	-1	-1	-1
182	238	240	254	271	272	273	274	277	279	282	290	292	324	484	584	885	-1	-1	-1	-1	-1	-1	-1
227	244	263	272	273	274	275	277	692	-1	-1	-1	-1	-1	-1	-1	-1	-1	-1	-1	-1	-1	-1	-1
241	248	249	252	253	257	268	272	274	275	276	278	282	469	495	-1	-1	-1	-1	-1	-1	-1	-1	-1
0	140	243	248	273	274	275	304	320	-1	-1	-1	-1	-1	-1	-1	-1	-1	-1	-1	-1	-1	-1	-1
13	165	211	234	254	268	274	278	387	517	676	-1	-1	-1	-1	-1	-1	-1	-1	-1	-1	-1	-1	-1
27	193	219	233	266	274	281	282	283	285	287	308	324	341	362	426	615	704	-1	-1	-1	-1	-1	-1
137	229	283	308	370	423	517	996	-1	-1	-1	-1	-1	-1	-1	-1	-1	-1	-1	-1	-1	-1	-1	-1
135	209	239	280	281	283	287	300	310	386	461	903	976	-1	-1	-1	-1	-1	-1	-1	-1	-1	-1	-1
216	227	282	284	286	309	311	342	364	603	-1	-1	-1	-1	-1	-1	-1	-1	-1	-1	-1	-1	-1	-1
31	83	247	280	282	283	285	286	289	297	299	302	305	313	323	386	432	686	716	813	951	-1	-1	-1
281	286	287	301	304	316	321	328	377	503	721	844	-1	-1	-1	-1	-1	-1	-1	-1	-1	-1	-1	-1
246	283	284	290	292	297	298	302	321	322	381	425	836	899	-1	-1	-1	-1	-1	-1	-1	-1	-1	-1
19	219	240	280	281	283	284	285	286	291	303	311	316	400	437	520	811	860	932	952	-1	-1	-1	-1
159	209	243	289	292	293	294	316	356	542	-1	-1	-1	-1	-1	-1	-1	-1	-1	-1	-1	-1	-1	-1
253	262	267	281	286	288	290	292	293	294	295	301	306	414	420	693	-1	-1	-1	-1	-1	-1	-1	-1
116	142	249	285	287	295	298	299	304	305	363	404	-1	-1	-1	-1	-1	-1	-1	-1	-1	-1	-1	-1
2	232	289	290	307	687	800	843	964	-1	-1	-1	-1	-1	-1	-1	-1	-1	-1	-1	-1	-1	-1	-1
59	215	288	290	291	293	294	303	308	319	408	668	759	860	-1	-1	-1	-1	-1	-1	-1	-1	-1	-1
107	231	247	259	289	292	296	315	390	492	841	944	-1	-1	-1	-1	-1	-1	-1	-1	-1	-1	-1	-1
33	225	263	286	290	293	298	302	307	310	318	387	715	750	985	-1	-1	-1	-1	-1	-1	-1	-1	-1
137	158	204	288	292	293	294	302	304	305	306	316	317	-1	-1	-1	-1	-1	-1	-1	-1	-1	-1	-1
22	265	269	271	297	298	299	300	301	317	361	371	389	391	694	887	992	-1	-1	-1	-1	-1	-1	-1
89	188	256	260	288	298	299	301	307	309	312	386	-1	-1	-1	-1	-1	-1	-1	-1	-1	-1	-1	-1
114	173	269	294	296	297	300	301	302	303	307	348	374	581	789	889	937	-1	-1	-1	-1	-1	-1	-1
134	220	255	272	280	287	290	292	294	298	301	302	306	307	321	332	504	559	639	791	-1	-1	-1	-1
210	224	235	247	281	292	295	296	301	302	303	308	311	319	356	386	506	546	555	-1	-1	-1	-1	-1
224	280	281	300	303	304	305	707	788	837	957	-1	-1	-1	-1	-1	-1	-1	-1	-1	-1	-1	-1	-1
107	296	297	298	299	300	303	308	315	334	371	1022	-1	-1	-1	-1	-1	-1	-1	-1	-1	-1	-1	-1
206	216	229	284	287	293	296	298	300	301	302	306	311	314	315	318	319	321	392	400	-1	-1	-1	-1
8	105	282	285	286	300	305	306	307	309	311	315	933	-1	-1	-1	-1	-1	-1	-1	-1	-1	-1	-1
180	194	213	283	293	304	307	308	310	311	312	314	600	787	794	986	-1	-1	-1	-1	-1	-1	-1	-1
229	254	262	267	283	284	305	307	308	309	311	326	370	386	527	645	858	-1	-1	-1	-1	-1	-1	-1
195	225	285	289	305	309	310	313	319	405	600	692	937	-1	-1	-1	-1	-1	-1	-1	-1	-1	-1	-1
221	273	292	310	319	334	357	573	-1	-1	-1	-1	-1	-1	-1	-1	-1	-1	-1	-1	-1	-1	-1	-1
19	204	229	231	278	280	300	302	304	306	307	316	370	382	862	954	1006	1008	-1	-1	-1	-1	-1	-1
289	290	297	305	308	309	317	389	399	691	721	799	873	-1	-1	-1	-1	-1	-1	-1	-1	-1	-1	-1
304	306	307	309	310	313	335	532	534	664	791	972	-1	-1	-1	-1	-1	-1	-1	-1	-1	-1	-1	-1
20	129	214	266	267	282	284	288	291	313	314	317	319	338	350	397	404	695	827	895	-1	-1	-1	-1
283	286	288	312	314	317	318	319	339	666	-1	-1	-1	-1	-1	-1	-1	-1	-1	-1	-1	-1	-1	-1
213	217	255	285	303	305	313	317	319	405	547	562	-1	-1	-1	-1	-1	-1	-1	-1	-1	-1	-1	-1
208	288	291	305	313	316	317	319	575	-1	-1	-1	-1	-1	-1	-1	-1	-1	-1	-1	-1	-1	-1	-1
215	265	290	309	314	315	319	367	594	-1	-1	-1	-1	-1	-1	-1	-1	-1	-1	-1	-1	-1	-1	-1
19	60	121	223	277	287	289	312	314	315	316	319	339	398	664	813	-1	-1	-1	-1	-1	-1	-1	-1
235	249	286	293	310	315	376	385	452	489	985	-1	-1	-1	-1	-1	-1	-1	-1	-1	-1	-1	-1	-1
157	208	231	283	284	288	295	313	314	315	318	456	489	-1	-1	-1	-1	-1	-1	-1	-1	-1	-1	-1
208	297	322	324	325	326	327	333	350	356	566	694	979	1007	-1	-1	-1	-1	-1	-1	-1	-1	-1	-1
114	283	322	324	327	332	344	355	375	534	548	764	805	931	951	-1	-1	-1	-1	-1	-1	-1	-1	-1
106	245	323	324	325	327	328	341	351	352	357	914	-1	-1	-1	-1	-1	-1	-1	-1	-1	-1	-1	-1
27	86	225	258	321	324	327	337	359	374	823	-1	-1	-1	-1	-1	-1	-1	-1	-1	-1	-1	-1	-1
205	305	320	323	326	329	335	345	352	404	728	843	977	-1	-1	-1	-1	-1	-1	-1	-1	-1	-1	-1
61	73	226	290	320	322	323	326	327	329	335	339	384	392	547	634	-1	-1	-1	-1	-1	-1	-1	-1
45	320	322	334	337	340	345	359	370	575	841	-1	-1	-1	-1	-1	-1	-1	-1	-1	-1	-1	-1	-1
153	228	320	321	322	324	345	346	358	969	999	-1	-1	-1	-1	-1	-1	-1	-1	-1	-1	-1	-1	-1
320	322	330	332	333	352	389	587	-1	-1	-1	-1	-1	-1	-1	-1	-1	-1	-1	-1	-1	-1	-1	-1
220	320	323	324	331	332	333	334	335	337	350	351	913	-1	-1	-1	-1	-1	-1	-1	-1	-1	-1	-1
197	238	277	331	332	333	334	344	370	403	417	431	490	880	972	-1	-1	-1	-1	-1	-1	-1	-1	-1
72	150	320	330	332	333	334	336	344	355	357	358	361	565	-1	-1	-1	-1	-1	-1	-1	-1	-1	-1
273	329	334	335	353	359	471	-1	-1	-1	-1	-1	-1	-1	-1	-1	-1	-1	-1	-1	-1	-1	-1	-1
20	251	256	282	328	329	331	332	334	341	349	478	519	650	-1	-1	-1	-1	-1	-1	-1	-1	-1	-1
132	208	241	243	278	320	328	329	336	347	351	369	382	776	1022	-1	-1	-1	-1	-1	-1	-1	-1	-1
62	94	225	266	310	327	328	329	330	340	343	387	398	506	719	959	-1	-1	-1	-1	-1	-1	-1	-1
216	315	331	340	354	371	540	546	689	719	789	994	-1	-1	-1	-1	-1	-1	-1	-1	-1	-1	-1	-1
4	217	267	328	332	341	351	357	361	525	-1	-1	-1	-1	-1	-1	-1	-1	-1	-1	-1	-1	-1	-1
102	220	294	306	329	336	337	339	340	341	342	366	396	509	551	554	-1	-1	-1	-1	-1	-1	-1	-1
30	219	324	336	338	340	343	618	634	808	-1	-1	-1	-1	-1	-1	-1	-1	-1	-1	-1	-1	-1	-1
200	242	271	312	337	343	378	460	616	732	836	921	-1	-1	-1	-1	-1	-1	-1	-1	-1	-1	-1	-1
68	190	236	252	262	288	323	339	340	342	356	359	931	965	-1	-1	-1	-1	-1	-1	-1	-1	-1	-1
118	205	212	240	244	248	335	336	338	350	353	364	384	594	622	658	-1	-1	-1	-1	-1	-1	-1	-1
243	288	289	317	331	334	337	338	339	340	342	640	883	1001	-1	-1	-1	-1	-1	-1	-1	-1	-1	-1
205	264	268	315	338	345	346	347	348	351	359	397	453	603	988	-1	-1	-1	-1	-1	-1	-1	-1	-1
125	277	278	300	322	325	344	358	387	388	694	903	-1	-1	-1	-1	-1	-1	-1	-1	-1	-1	-1	-1
123	250	261	265	277	278	296	322	332	337	344	347	348	351	352	357	-1	-1	-1	-1	-1	-1	-1	-1
16	167	295	336	342	344	351	657	724	-1	-1	-1	-1	-1	-1	-1	-1	-1	-1	-1	-1	-1	-1	-1
49	152	212	234	328	331	335	349	706	-1	-1	-1	-1	-1	-1	-1	-1	-1	-1	-1	-1	-1	-1	-1
207	208	293	323	335	344	346	348	350	370	407	-1	-1	-1	-1	-1	-1	-1	-1	-1	-1	-1	-1	-1
178	217	232	328	332	339	342	346	348	351	355	356	377	407	470	676	851	-1	-1	-1	-1	-1	-1	-1
241	298	342	345	346	347	359	460	-1	-1	-1	-1	-1	-1	-1	-1	-1	-1	-1	-1	-1	-1	-1	-1
221	238	330	335	354	355	357	359	968	-1	-1	-1	-1	-1	-1	-1	-1	-1	-1	-1	-1	-1	-1	-1
216	228	324	348	352	354	356	357	358	359	501	663	834	843	941	-1	-1	-1	-1	-1	-1	-1	-1	-1
70	241	263	286	323	336	343	348	352	356	359	400	454	867	989	-1	-1	-1	-1	-1	-1	-1	-1	-1
255	338	353	354	356	358	359	490	683	1017	-1	-1	-1	-1	-1	-1	-1	-1	-1	-1	-1	-1	-1	-1
52	53	295	328	329	342	348	350	352	358	395	397	684	864	923	-1	-1	-1	-1	-1	-1	-1	-1	-1
305	320	331	335	352	353	354	358	464	893	917	-1	-1	-1	-1	-1	-1	-1	-1	-1	-1	-1	-1	-1
206	323	328	329	352	353	761	-1	-1	-1	-1	-1	-1	-1	-1	-1	-1	-1	-1	-1	-1	-1	-1	-1
32	246	273	290	317	325	331	340	342	349	350	352	353	355	356	357	358	485	-1	-1	-1	-1	-1	-1
153	172	361	363	364	374	375	377	379	574	716	794	974	-1	-1	-1	-1	-1	-1	-1	-1	-1	-1	-1
83	136	207	208	295	345	362	365	366	372	384	386	575	702	921	-1	-1	-1	-1	-1	-1	-1	-1	-1
211	213	265	297	302	306	307	360	363	365	383	385	393	407	486	494	510	704	730	-1	-1	-1	-1	-1
210	234	262	339	360	361	368	379	381	403	747	924	-1	-1	-1	-1	-1	-1	-1	-1	-1	-1	-1	-1
305	360	366	367	369	393	395	538	596	646	915	926	1018	-1	-1	-1	-1	-1	-1	-1	-1	-1	-1	-1
234	242	340	341	360	363	364	366	373	386	391	694	910	-1	-1	-1	-1	-1	-1	-1	-1	-1	-1	-1
291	342	360	362	365	378	385	387	395	416	442	717	-1	-1	-1	-1	-1	-1	-1	-1	-1	-1	-1	-1
217	366	369	396	652	684	898	-1	-1	-1	-1	-1	-1	-1	-1	-1	-1	-1	-1	-1	-1	-1	-1	-1
40	206	277	329	372	374	375	378	395	-1	-1	-1	-1	-1	-1	-1	-1	-1	-1	-1	-1	-1	-1	-1
260	264	356	361	372	375	393	396	420	-1	-1	-1	-1	-1	-1	-1	-1	-1	-1	-1	-1	-1	-1	-1
181	264	334	356	364	371	372	375	376	387	390	397	441	538	616	-1	-1	-1	-1	-1	-1	-1	-1	-1
59	266	336	351	368	372	374	375	380	383	387	396	526	704	804	-1	-1	-1	-1	-1	-1	-1	-1	-1
244	245	351	368	371	374	382	532	-1	-1	-1	-1	-1	-1	-1	-1	-1	-1	-1	-1	-1	-1	-1	-1
277	362	367	369	370	371	372	374	375	378	381	397	401	717	-1	-1	-1	-1	-1	-1	-1	-1	-1	-1
191	204	220	224	258	357	366	367	372	373	375	384	388	399	576	832	-1	-1	-1	-1	-1	-1	-1	-1
218	237	364	366	369	370	371	373	396	457	-1	-1	-1	-1	-1	-1	-1	-1	-1	-1	-1	-1	-1	-1
39	121	241	282	290	361	362	366	379	380	383	384	390	394	403	611	621	778	793	860	875	-1	-1	-1
339	360	363	364	375	379	383	385	390	533	668	-1	-1	-1	-1	-1	-1	-1	-1	-1	-1	-1	-1	-1
188	354	361	366	380	381	382	383	386	387	493	816	891	-1	-1	-1	-1	-1	-1	-1	-1	-1	-1	-1
224	234	309	312	332	371	372	374	375	376	388	394	396	584	652	-1	-1	-1	-1	-1	-1	-1	-1	-1
115	213	226	281	329	345	358	376	377	378	379	381	382	383	386	387	395	732	1011	-1	-1	-1	-1	-1
35	212	225	262	291	335	352	360	367	376	377	382	387	390	641	642	817	-1	-1	-1	-1	-1	-1	-1
197	233	253	268	305	337	363	366	376	377	378	380	381	386	389	391	815	-1	-1	-1	-1	-1	-1	-1
14	198	236	334	369	376	382	388	393	404	409	579	833	-1	-1	-1	-1	-1	-1	-1	-1	-1	-1	-1
190	209	244	266	271	272	324	379	386	390	398	425	582	648	998	-1	-1	-1	-1	-1	-1	-1	-1	-1
69	216	233	236	271	285	288	331	355	364	366	374	377	383	386	387	390	391	965	-1	-1	-1	-1	-1
354	361	365	378	380	384	385	523	617	709	721	-1	-1	-1	-1	-1	-1	-1	-1	-1	-1	-1	-1	-1
271	273	346	361	370	376	386	388	394	451	704	959	-1	-1	-1	-1	-1	-1	-1	-1	-1	-1	-1	-1
243	293	341	368	378	386	390	391	392	394	399	563	666	713	899	964	-1	-1	-1	-1	-1	-1	-1	-1
31	68	211	256	360	367	368	384	396	511	794	-1	-1	-1	-1	-1	-1	-1	-1	-1	-1	-1	-1	-1
70	200	264	272	291	312	326	364	366	370	376	384	385	391	393	403	-1	-1	-1	-1	-1	-1	-1	-1
87	228	305	364	365	371	372	377	384	385	387	388	392	397	-1	-1	-1	-1	-1	-1	-1	-1	-1	-1
204	321	357	363	364	370	385	394	396	398	401	446	968	-1	-1	-1	-1	-1	-1	-1	-1	-1	-1	-1
65	175	253	309	345	386	392	395	397	398	399	-1	-1	-1	-1	-1	-1	-1	-1	-1	-1	-1	-1	-1
205	256	379	383	392	393	396	397	924	-1	-1	-1	-1	-1	-1	-1	-1	-1	-1	-1	-1	-1	-1	-1
224	258	269	287	291	337	364	371	373	387	394	396	397	398	399	457	870	925	-1	-1	-1	-1	-1	-1
194	235	238	243	271	379	383	388	392	393	397	398	399	402	662	695	804	871	974	-1	-1	-1	-1	-1
241	248	276	303	312	360	366	371	377	388	392	393	394	395	573	998	-1	-1	-1	-1	-1	-1	-1	-1
116	280	362	371	392	393	519	521	584	765	1015	-1	-1	-1	-1	-1	-1	-1	-1	-1	-1	-1	-1	-1
186	241	273	339	349	379	388	389	398	544	577	655	789	-1	-1	-1	-1	-1	-1	-1	-1	-1	-1	-1
152	256	350	401	402	403	404	405	406	407	409	430	436	438	444	533	644	900	958	-1	-1	-1	-1	-1
22	31	43	217	241	313	383	391	400	420	423	430	434	631	925	-1	-1	-1	-1	-1	-1	-1	-1	-1
134	205	207	234	257	304	305	403	428	437	651	786	816	-1	-1	-1	-1	-1	-1	-1	-1	-1	-1	-1
72	215	231	335	383	402	405	408	411	419	425	431	554	874	-1	-1	-1	-1	-1	-1	-1	-1	-1	-1
118	298	307	397	400	403	405	406	407	422	425	428	437	445	662	818	901	-1	-1	-1	-1	-1	-1	-1
207	295	316	400	401	402	403	411	414	436	437	562	690	835	-1	-1	-1	-1	-1	-1	-1	-1	-1	-1
115	235	242	330	356	404	405	407	425	432	487	830	-1	-1	-1	-1	-1	-1	-1	-1	-1	-1	-1	-1
58	64	155	272	281	285	361	388	400	403	406	412	414	423	424	428	649	698	706	857	876	891	-1	-1
1	273	303	411	412	413	414	415	417	421	423	426	436	453	836	928	-1	-1	-1	-1	-1	-1	-1	-1
0	410	411	414	415	418	420	422	432	583	585	606	678	722	879	921	987	-1	-1	-1	-1	-1	-1	-1
403	408	412	413	415	473	495	534	853	973	-1	-1	-1	-1	-1	-1	-1	-1	-1	-1	-1	-1	-1	-1
402	408	410	414	415	416	417	419	420	421	436	441	520	649	712	1019	-1	-1	-1	-1	-1	-1	-1	-1
107	246	353	408	409	410	413	414	427	482	484	540	551	781	-1	-1	-1	-1	-1	-1	-1	-1	-1	-1
179	390	408	410	411	412	414	415	421	422	425	433	439	458	512	538	549	666	860	-1	-1	-1	-1	-1
1	281	406	408	409	410	412	413	415	416	427	435	438	464	537	600	608	627	-1	-1	-1	-1	-1	-1
409	412	413	434	436	451	567	-1	-1	-1	-1	-1	-1	-1	-1	-1	-1	-1	-1	-1	-1	-1	-1	-1
310	405	415	418	421	422	424	430	432	434	445	465	476	509	526	667	699	784	817	832	856	868	928	-1
196	418	420	425	464	486	752	-1	-1	-1	-1	-1	-1	-1	-1	-1	-1	-1	-1	-1	-1	-1	-1	-1
44	83	420	421	422	423	425	429	433	434	441	486	541	-1	-1	-1	-1	-1	-1	-1	-1	-1	-1	-1
181	410	412	416	418	421	427	436	444	509	529	530	650	711	-1	-1	-1	-1	-1	-1	-1	-1	-1	-1
242	403	404	416	417	421	422	435	439	450	477	486	667	911	930	-1	-1	-1	-1	-1	-1	-1	-1	-1
67	138	401	402	412	413	417	419	423	593	647	732	-1	-1	-1	-1	-1	-1	-1	-1	-1	-1	-1	-1
403	412	415	416	417	419	420	421	428	433	434	455	693	701	1002	1003	-1	-1	-1	-1	-1	-1	-1	-1
407	416	417	418	419	422	446	485	537	994	-1	-1	-1	-1	-1	-1	-1	-1	-1	-1	-1	-1	-1	-1
429	436	438	440	465	499	618	-1	-1	-1	-1	-1	-1	-1	-1	-1	-1	-1	-1	-1	-1	-1	-1	-1
373	405	424	426	430	437	542	549	565	583	864	-1	-1	-1	-1	-1	-1	-1	-1	-1	-1	-1	-1	-1
233	411	428	430	432	436	572	584	601	610	643	713	963	-1	-1	-1	-1	-1	-1	-1	-1	-1	-1	-1
133	401	411	413	425	426	430	431	432	435	438	439	448	480	525	579	581	974	996	-1	-1	-1	-1	-1
303	304	410	413	414	425	426	430	431	438	449	457	496	522	536	841	-1	-1	-1	-1	-1	-1	-1	-1
124	402	406	412	415	421	425	427	428	430	435	445	505	541	551	601	-1	-1	-1	-1	-1	-1	-1	-1
262	321	396	409	412	414	416	421	424	426	428	429	438	513	518	528	580	859	956	-1	-1	-1	-1	-1
351	415	422	424	425	427	428	430	433	435	598	-1	-1	-1	-1	-1	-1	-1	-1	-1	-1	-1	-1	-1
14	172	406	411	418	423	424	429	433	434	435	437	442	465	479	509	627	704	749	768	839	919	935	1003
246	421	424	430	434	438	439	509	543	621	775	-1	-1	-1	-1	-1	-1	-1	-1	-1	-1	-1	-1	-1
172	201	262	400	402	432	435	523	541	908	974	-1	-1	-1	-1	-1	-1	-1	-1	-1	-1	-1	-1	-1
5	403	412	419	431	434	436	437	438	446	472	480	487	498	552	555	776	-1	-1	-1	-1	-1	-1	-1
161	246	318	411	423	433	437	438	439	444	503	568	766	897	992	-1	-1	-1	-1	-1	-1	-1	-1	-1
147	282	410	419	424	432	433	435	484	556	577	584	588	592	656	-1	-1	-1	-1	-1	-1	-1	-1	-1
233	375	405	411	429	433	434	435	437	439	532	634	-1	-1	-1	-1	-1	-1	-1	-1	-1	-1	-1	-1
229	278	406	409	413	437	438	486	488	513	738	944	-1	-1	-1	-1	-1	-1	-1	-1	-1	-1	-1	-1
148	415	444	445	446	455	461	474	479	544	558	562	566	638	-1	-1	-1	-1	-1	-1	-1	-1	-1	-1
389	437	442	445	447	454	473	477	567	598	637	884	974	-1	-1	-1	-1	-1	-1	-1	-1	-1	-1	-1
408	440	443	447	453	454	472	531	558	589	697	870	-1	-1	-1	-1	-1	-1	-1	-1	-1	-1	-1	-1
435	441	447	474	478	479	526	559	997	-1	-1	-1	-1	-1	-1	-1	-1	-1	-1	-1	-1	-1	-1	-1
440	447	448	449	450	454	581	593	-1	-1	-1	-1	-1	-1	-1	-1	-1	-1	-1	-1	-1	-1	-1	-1
53	390	392	427	440	442	443	446	478	525	528	596	-1	-1	-1	-1	-1	-1	-1	-1	-1	-1	-1	-1
111	250	382	388	406	440	442	444	445	447	449	453	464	497	527	544	554	906	-1	-1	-1	-1	-1	-1
70	270	415	440	441	444	445	458	468	479	482	539	540	553	697	-1	-1	-1	-1	-1	-1	-1	-1	-1
187	352	449	451	452	454	455	486	602	949	-1	-1	-1	-1	-1	-1	-1	-1	-1	-1	-1	-1	-1	-1
442	451	452	459	475	598	-1	-1	-1	-1	-1	-1	-1	-1	-1	-1	-1	-1	-1	-1	-1	-1	-1	-1
198	238	444	449	451	454	455	460	466	479	484	580	-1	-1	-1	-1	-1	-1	-1	-1	-1	-1	-1	-1
116	376	425	448	450	453	454	546	574	698	818	-1	-1	-1	-1	-1	-1	-1	-1	-1	-1	-1	-1	-1
19	448	449	450	453	457	469	474	478	555	-1	-1	-1	-1	-1	-1	-1	-1	-1	-1	-1	-1	-1	-1
42	115	225	356	448	460	487	515	559	598	601	916	-1	-1	-1	-1	-1	-1	-1	-1	-1	-1	-1	-1
70	135	346	433	440	444	448	449	451	452	453	455	476	518	543	554	558	771	941	976	-1	-1	-1	-1
167	437	449	452	453	454	459	472	473	779	-1	-1	-1	-1	-1	-1	-1	-1	-1	-1	-1	-1	-1	-1
169	448	451	458	459	462	463	464	472	501	548	597	-1	-1	-1	-1	-1	-1	-1	-1	-1	-1	-1	-1
444	456	458	459	460	463	541	883	-1	-1	-1	-1	-1	-1	-1	-1	-1	-1	-1	-1	-1	-1	-1	-1
106	261	409	449	451	455	457	459	460	490	563	584	588	609	678	812	-1	-1	-1	-1	-1	-1	-1	-1
93	360	407	435	445	462	463	470	477	479	536	540	557	599	642	-1	-1	-1	-1	-1	-1	-1	-1	-1
393	417	453	457	458	462	463	474	476	503	513	552	590	593	760	-1	-1	-1	-1	-1	-1	-1	-1	-1
245	413	449	451	456	458	459	470	555	559	588	809	967	-1	-1	-1	-1	-1	-1	-1	-1	-1	-1	-1
142	419	430	451	456	457	459	469	479	505	539	573	590	595	703	782	798	-1	-1	-1	-1	-1	-1	-1
59	411	427	456	459	461	464	466	476	478	489	556	-1	-1	-1	-1	-1	-1	-1	-1	-1	-1	-1	-1
439	442	443	453	454	461	467	473	536	537	590	591	679	-1	-1	-1	-1	-1	-1	-1	-1	-1	-1	-1
322	431	447	455	462	466	468	470	471	550	583	841	-1	-1	-1	-1	-1	-1	-1	-1	-1	-1	-1	-1
250	442	448	454	459	467	468	469	471	497	512	543	576	702	847	-1	-1	-1	-1	-1	-1	-1	-1	-1
93	99	442	453	457	462	464	468	470	471	477	517	922	-1	-1	-1	-1	-1	-1	-1	-1	-1	-1	-1
81	188	194	211	330	364	378	450	453	466	467	469	470	471	489	492	528	567	583	608	1019	-1	-1	-1
234	334	441	444	463	467	468	571	577	871	-1	-1	-1	-1	-1	-1	-1	-1	-1	-1	-1	-1	-1	-1
224	322	359	376	413	417	446	448	453	455	464	465	466	467	471	522	556	567	682	-1	-1	-1	-1	-1
440	446	447	456	461	463	464	465	467	469	474	490	491	533	537	543	576	824	862	-1	-1	-1	-1	-1
31	110	165	367	409	426	476	477	478	479	524	532	576	789	971	-1	-1	-1	-1	-1	-1	-1	-1	-1
443	444	458	459	468	475	477	478	482	513	604	708	780	-1	-1	-1	-1	-1	-1	-1	-1	-1	-1	-1
451	452	454	473	475	476	479	498	595	806	854	951	-1	-1	-1	-1	-1	-1	-1	-1	-1	-1	-1	-1
362	408	441	445	472	476	477	478	482	492	528	533	547	574	577	602	799	947	-1	-1	-1	-1	-1	-1
17	120	346	445	468	472	474	475	611	715	788	-1	-1	-1	-1	-1	-1	-1	-1	-1	-1	-1	-1	-1
46	422	447	463	472	473	474	475	476	478	481	498	505	546	549	553	-1	-1	-1	-1	-1	-1	-1	-1
429	451	474	476	477	479	586	608	-1	-1	-1	-1	-1	-1	-1	-1	-1	-1	-1	-1	-1	-1	-1	-1
447	473	474	475	476	478	535	541	542	585	605	934	-1	-1	-1	-1	-1	-1	-1	-1	-1	-1	-1	-1
46	343	418	446	465	484	485	486	493	608	902	-1	-1	-1	-1	-1	-1	-1	-1	-1	-1	-1	-1	-1
4	50	110	342	436	440	483	484	485	493	503	508	597	598	701	-1	-1	-1	-1	-1	-1	-1	-1	-1
414	419	446	480	483	485	486	487	512	537	545	609	678	699	702	709	927	-1	-1	-1	-1	-1	-1	-1
280	299	354	423	468	481	482	484	485	486	487	497	510	512	527	659	724	914	998	-1	-1	-1	-1	-1
58	418	426	482	483	486	529	728	-1	-1	-1	-1	-1	-1	-1	-1	-1	-1	-1	-1	-1	-1	-1	-1
258	467	474	480	482	486	487	491	496	498	504	510	524	562	571	828	-1	-1	-1	-1	-1	-1	-1	-1
428	480	484	485	487	519	563	582	839	882	993	-1	-1	-1	-1	-1	-1	-1	-1	-1	-1	-1	-1	-1
256	260	287	331	447	449	480	483	485	493	495	504	506	508	509	515	519	545	546	566	-1	-1	-1	-1
300	442	490	491	492	500	715	788	-1	-1	-1	-1	-1	-1	-1	-1	-1	-1	-1	-1	-1	-1	-1	-1
171	437	490	494	495	501	502	503	506	541	574	603	610	888	930	-1	-1	-1	-1	-1	-1	-1	-1	-1
12	282	355	482	488	489	492	494	497	499	682	894	917	966	-1	-1	-1	-1	-1	-1	-1	-1	-1	-1
42	417	439	482	488	489	492	495	519	521	522	563	942	-1	-1	-1	-1	-1	-1	-1	-1	-1	-1	-1
93	190	245	341	467	479	484	488	493	494	495	504	508	510	513	515	567	581	582	-1	-1	-1	-1	-1
21	140	456	494	502	514	-1	-1	-1	-1	-1	-1	-1	-1	-1	-1	-1	-1	-1	-1	-1	-1	-1	-1
6	275	409	448	475	486	489	491	492	493	503	507	548	-1	-1	-1	-1	-1	-1	-1	-1	-1	-1	-1
488	491	492	494	501	504	506	512	790	1005	-1	-1	-1	-1	-1	-1	-1	-1	-1	-1	-1	-1	-1	-1
20	79	297	487	497	500	507	517	544	591	645	821	835	951	-1	-1	-1	-1	-1	-1	-1	-1	-1	-1
3	72	289	373	498	500	501	502	507	512	513	515	558	560	572	972	1019	-1	-1	-1	-1	-1	-1	-1
42	116	154	225	489	496	499	500	501	502	503	508	551	575	-1	-1	-1	-1	-1	-1	-1	-1	-1	-1
102	115	271	466	478	490	493	496	498	500	501	505	512	524	563	913	983	1014	1017	-1	-1	-1	-1	-1
412	497	498	502	503	504	505	508	529	556	562	648	693	720	958	-1	-1	-1	-1	-1	-1	-1	-1	-1
0	441	442	448	461	484	498	502	503	513	646	864	-1	-1	-1	-1	-1	-1	-1	-1	-1	-1	-1	-1
219	482	485	489	491	498	500	516	571	573	601	-1	-1	-1	-1	-1	-1	-1	-1	-1	-1	-1	-1	-1
191	207	410	420	426	478	492	498	501	554	972	-1	-1	-1	-1	-1	-1	-1	-1	-1	-1	-1	-1	-1
58	443	480	497	505	506	510	544	599	813	994	-1	-1	-1	-1	-1	-1	-1	-1	-1	-1	-1	-1	-1
16	246	276	415	483	484	489	502	506	508	512	601	608	-1	-1	-1	-1	-1	-1	-1	-1	-1	-1	-1
67	458	488	503	504	509	514	527	890	911	987	-1	-1	-1	-1	-1	-1	-1	-1	-1	-1	-1	-1	-1
202	417	458	469	481	489	490	493	501	504	505	511	555	601	-1	-1	-1	-1	-1	-1	-1	-1	-1	-1
6	20	79	90	474	483	490	493	504	505	506	510	511	512	518	-1	-1	-1	-1	-1	-1	-1	-1	-1
49	313	481	489	504	507	508	510	516	547	550	578	595	607	678	801	861	-1	-1	-1	-1	-1	-1	-1
207	442	504	505	509	549	562	667	949	-1	-1	-1	-1	-1	-1	-1	-1	-1	-1	-1	-1	-1	-1	-1
221	441	481	485	488	498	504	517	549	561	599	716	841	851	-1	-1	-1	-1	-1	-1	-1	-1	-1	-1
481	485	500	515	518	532	-1	-1	-1	-1	-1	-1	-1	-1	-1	-1	-1	-1	-1	-1	-1	-1	-1	-1
54	418	437	471	488	499	502	512	514	516	519	524	529	558	653	-1	-1	-1	-1	-1	-1	-1	-1	-1
496	499	504	512	518	580	653	763	-1	-1	-1	-1	-1	-1	-1	-1	-1	-1	-1	-1	-1	-1	-1	-1
45	72	426	482	488	494	501	512	516	517	518	519	629	826	-1	-1	-1	-1	-1	-1	-1	-1	-1	-1
208	416	484	499	512	514	515	522	549	880	1017	-1	-1	-1	-1	-1	-1	-1	-1	-1	-1	-1	-1	-1
410	422	427	431	494	498	513	515	518	519	605	705	884	-1	-1	-1	-1	-1	-1	-1	-1	-1	-1	-1
70	185	451	485	492	503	504	516	517	539	561	568	-1	-1	-1	-1	-1	-1	-1	-1	-1	-1	-1	-1
24	151	423	447	485	486	496	512	516	518	582	599	855	-1	-1	-1	-1	-1	-1	-1	-1	-1	-1	-1
136	235	522	523	529	530	556	558	-1	-1	-1	-1	-1	-1	-1	-1	-1	-1	-1	-1	-1	-1	-1	-1
7	266	361	394	420	435	455	523	524	525	527	532	533	585	810	-1	-1	-1	-1	-1	-1	-1	-1	-1
468	473	521	526	539	543	544	596	715	836	910	-1	-1	-1	-1	-1	-1	-1	-1	-1	-1	-1	-1	-1
53	298	443	471	522	525	526	532	535	537	550	833	-1	-1	-1	-1	-1	-1	-1	-1	-1	-1	-1	-1
23	435	520	521	523	530	584	672	-1	-1	-1	-1	-1	-1	-1	-1	-1	-1	-1	-1	-1	-1	-1	-1
25	360	457	517	520	521	526	527	541	565	723	805	918	-1	-1	-1	-1	-1	-1	-1	-1	-1	-1	-1
41	81	415	416	425	453	464	479	499	506	523	544	553	557	-1	-1	-1	-1	-1	-1	-1	-1	-1	-1
10	151	258	378	434	472	473	520	521	522	524	525	526	541	555	701	866	-1	-1	-1	-1	-1	-1	-1
127	159	501	531	532	533	535	540	558	596	706	777	940	-1	-1	-1	-1	-1	-1	-1	-1	-1	-1	-1
16	56	341	393	409	424	432	515	527	535	545	553	567	-1	-1	-1	-1	-1	-1	-1	-1	-1	-1	-1
115	491	520	525	531	532	533	534	535	539	542	-1	-1	-1	-1	-1	-1	-1	-1	-1	-1	-1	-1	-1
258	424	441	458	482	523	528	529	532	535	546	553	729	933	963	977	-1	-1	-1	-1	-1	-1	-1	-1
148	346	374	394	419	428	449	463	484	530	531	533	534	539	619	790	861	876	1013	-1	-1	-1	-1	-1
89	114	162	230	422	456	525	531	532	534	535	549	665	761	-1	-1	-1	-1	-1	-1	-1	-1	-1	-1
106	348	428	434	453	528	529	532	533	537	542	549	555	603	695	898	-1	-1	-1	-1	-1	-1	-1	-1
190	514	528	529	531	532	533	575	593	797	818	-1	-1	-1	-1	-1	-1	-1	-1	-1	-1	-1	-1	-1
174	451	486	525	531	537	538	539	540	542	543	546	547	548	559	590	645	999	-1	-1	-1	-1	-1	-1
287	289	388	409	468	501	503	526	541	546	554	1022	-1	-1	-1	-1	-1	-1	-1	-1	-1	-1	-1	-1
9	247	256	457	488	503	534	539	541	543	553	561	883	923	-1	-1	-1	-1	-1	-1	-1	-1	-1	-1
44	305	507	512	531	533	541	542	543	-1	-1	-1	-1	-1	-1	-1	-1	-1	-1	-1	-1	-1	-1	-1
417	525	532	536	538	539	548	556	899	940	-1	-1	-1	-1	-1	-1	-1	-1	-1	-1	-1	-1	-1	-1
147	251	316	391	460	501	517	536	537	540	543	555	592	595	-1	-1	-1	-1	-1	-1	-1	-1	-1	-1
330	425	472	477	536	538	539	543	544	548	558	592	632	767	899	963	-1	-1	-1	-1	-1	-1	-1	-1
122	152	462	478	500	504	517	533	537	541	550	856	1012	-1	-1	-1	-1	-1	-1	-1	-1	-1	-1	-1
230	313	419	427	456	461	469	479	510	523	533	545	547	550	552	586	963	967	995	1008	-1	-1	-1	-1
105	443	508	517	523	541	542	544	547	550	552	554	556	752	879	-1	-1	-1	-1	-1	-1	-1	-1	-1
86	111	362	429	460	520	525	539	544	545	548	549	550	590	593	813	990	-1	-1	-1	-1	-1	-1	-1
445	492	525	541	542	544	546	549	550	551	563	609	767	-1	-1	-1	-1	-1	-1	-1	-1	-1	-1	-1
37	315	326	501	511	535	541	543	544	545	549	550	551	559	741	-1	-1	-1	-1	-1	-1	-1	-1	-1
146	522	523	540	545	546	547	551	564	804	-1	-1	-1	-1	-1	-1	-1	-1	-1	-1	-1	-1	-1	-1
110	302	520	525	529	532	538	545	547	548	549	551	553	554	-1	-1	-1	-1	-1	-1	-1	-1	-1	-1
451	487	496	523	528	538	544	545	546	547	548	552	557	765	-1	-1	-1	-1	-1	-1	-1	-1	-1	-1
132	356	385	505	525	532	554	556	558	561	591	597	718	-1	-1	-1	-1	-1	-1	-1	-1	-1	-1	-1
0	324	532	548	552	555	559	574	866	1003	-1	-1	-1	-1	-1	-1	-1	-1	-1	-1	-1	-1	-1	-1
175	222	307	434	496	533	540	548	553	555	557	656	783	979	-1	-1	-1	-1	-1	-1	-1	-1	-1	-1
97	103	152	438	468	474	487	489	522	531	537	543	553	556	557	559	594	934	997	-1	-1	-1	-1	-1
112	199	434	525	526	538	548	552	553	554	555	559	561	897	903	-1	-1	-1	-1	-1	-1	-1	-1	-1
74	451	471	535	536	538	543	552	554	555	558	559	597	683	919	-1	-1	-1	-1	-1	-1	-1	-1	-1
157	417	460	542	551	553	554	557	693	716	870	923	928	-1	-1	-1	-1	-1	-1	-1	-1	-1	-1	-1
465	500	542	546	552	554	555	558	565	583	596	626	668	854	954	-1	-1	-1	-1	-1	-1	-1	-1	-1
546	562	563	564	566	568	592	598	914	1010	-1	-1	-1	-1	-1	-1	-1	-1	-1	-1	-1	-1	-1	-1
214	241	422	458	463	467	505	560	564	565	570	572	575	578	-1	-1	-1	-1	-1	-1	-1	-1	-1	-1
429	501	506	528	557	563	564	567	569	570	573	595	596	817	975	-1	-1	-1	-1	-1	-1	-1	-1	-1
414	431	555	560	561	562	567	578	589	-1	-1	-1	-1	-1	-1	-1	-1	-1	-1	-1	-1	-1	-1	-1
412	418	560	562	563	565	566	572	577	580	585	588	594	597	598	599	-1	-1	-1	-1	-1	-1	-1	-1
318	430	434	511	533	553	561	562	567	568	569	599	602	-1	-1	-1	-1	-1	-1	-1	-1	-1	-1	-1
143	150	432	496	550	560	562	567	576	589	599	-1	-1	-1	-1	-1	-1	-1	-1	-1	-1	-1	-1	-1
307	374	408	485	552	561	562	563	566	582	583	818	1021	-1	-1	-1	-1	-1	-1	-1	-1	-1	-1	-1
288	445	507	520	527	533	540	573	575	582	-1	-1	-1	-1	-1	-1	-1	-1	-1	-1	-1	-1	-1	-1
33	427	475	540	570	573	574	579	581	590	592	596	650	1009	-1	-1	-1	-1	-1	-1	-1	-1	-1	-1
115	189	325	413	417	481	521	573	575	578	598	812	-1	-1	-1	-1	-1	-1	-1	-1	-1	-1	-1	-1
232	567	569	570	572	573	574	610	747	965	972	-1	-1	-1	-1	-1	-1	-1	-1	-1	-1	-1	-1	-1
24	336	436	441	571	574	629	-1	-1	-1	-1	-1	-1	-1	-1	-1	-1	-1	-1	-1	-1	-1	-1	-1
428	436	444	569	570	571	572	585	589	590	592	593	727	910	-1	-1	-1	-1	-1	-1	-1	-1	-1	-1
253	377	491	561	568	570	571	572	573	585	594	606	919	-1	-1	-1	-1	-1	-1	-1	-1	-1	-1	-1
48	284	435	438	439	478	482	562	564	565	567	568	569	573	574	595	819	967	-1	-1	-1	-1	-1	-1
543	572	579	583	595	723	853	885	-1	-1	-1	-1	-1	-1	-1	-1	-1	-1	-1	-1	-1	-1	-1	-1
149	480	500	528	532	548	564	565	571	572	580	581	582	589	829	1017	-1	-1	-1	-1	-1	-1	-1	-1
229	562	569	572	577	579	580	581	583	588	599	-1	-1	-1	-1	-1	-1	-1	-1	-1	-1	-1	-1	-1
331	425	497	535	562	572	577	578	580	581	582	583	584	588	597	825	855	-1	-1	-1	-1	-1	-1	-1
434	458	492	505	544	550	564	565	569	576	579	581	582	610	646	770	1005	-1	-1	-1	-1	-1	-1	-1
225	324	435	473	476	515	579	585	591	596	680	-1	-1	-1	-1	-1	-1	-1	-1	-1	-1	-1	-1	-1
57	63	301	400	532	561	569	577	579	580	581	590	592	597	599	815	-1	-1	-1	-1	-1	-1	-1	-1
100	327	376	442	455	527	576	579	597	649	773	808	-1	-1	-1	-1	-1	-1	-1	-1	-1	-1	-1	-1
153	513	567	571	575	577	578	585	587	588	590	591	593	596	606	670	1015	-1	-1	-1	-1	-1	-1	-1
171	300	408	489	534	551	567	570	576	584	586	588	590	875	-1	-1	-1	-1	-1	-1	-1	-1	-1	-1
469	471	493	525	576	585	588	589	591	597	-1	-1	-1	-1	-1	-1	-1	-1	-1	-1	-1	-1	-1	-1
218	233	431	436	437	486	584	585	589	591	593	596	724	-1	-1	-1	-1	-1	-1	-1	-1	-1	-1	-1
61	210	443	458	521	580	586	587	589	590	596	677	807	837	-1	-1	-1	-1	-1	-1	-1	-1	-1	-1
429	560	563	584	585	586	587	588	794	-1	-1	-1	-1	-1	-1	-1	-1	-1	-1	-1	-1	-1	-1	-1
65	69	155	205	463	529	530	565	571	572	578	580	585	586	588	594	831	876	991	-1	-1	-1	-1	-1
408	516	535	582	588	611	942	-1	-1	-1	-1	-1	-1	-1	-1	-1	-1	-1	-1	-1	-1	-1	-1	-1
210	271	412	573	584	586	593	594	596	606	825	854	-1	-1	-1	-1	-1	-1	-1	-1	-1	-1	-1	-1
279	329	367	415	461	484	585	587	592	596	597	599	1015	-1	-1	-1	-1	-1	-1	-1	-1	-1	-1	-1
474	557	564	565	579	580	592	593	596	597	598	599	753	-1	-1	-1	-1	-1	-1	-1	-1	-1	-1	-1
153	256	448	458	541	542	550	566	572	576	584	596	598	739	875	903	995	-1	-1	-1	-1	-1	-1	-1
31	112	281	429	494	506	574	579	581	591	594	598	599	796	872	881	930	-1	-1	-1	-1	-1	-1	-1
38	481	511	524	563	565	585	589	593	594	595	603	938	-1	-1	-1	-1	-1	-1	-1	-1	-1	-1	-1
34	77	477	491	523	563	568	570	576	586	593	594	599	600	708	712	801	841	915	-1	-1	-1	-1	-1
27	177	358	461	462	513	524	565	589	592	593	594	596	598	688	-1	-1	-1	-1	-1	-1	-1	-1	-1
272	486	538	587	592	601	603	604	605	609	614	634	639	655	771	-1	-1	-1	-1	-1	-1	-1	-1	-1
380	460	477	524	600	602	609	622	625	636	637	934	958	-1	-1	-1	-1	-1	-1	-1	-1	-1	-1	-1
2	91	492	493	539	592	600	604	605	607	621	639	873	943	1007	-1	-1	-1	-1	-1	-1	-1	-1	-1
438	577	604	606	607	612	613	620	624	626	634	809	887	975	988	-1	-1	-1	-1	-1	-1	-1	-1	-1
508	600	605	625	628	632	635	-1	-1	-1	-1	-1	-1	-1	-1	-1	-1	-1	-1	-1	-1	-1	-1	-1
202	411	481	506	510	526	535	547	559	577	592	595	600	601	603	607	618	629	639	772	-1	-1	-1	-1
176	429	516	552	602	603	604	605	607	619	622	637	638	725	880	-1	-1	-1	-1	-1	-1	-1	-1	-1
116	236	414	501	539	561	600	601	602	618	620	632	634	961	-1	-1	-1	-1	-1	-1	-1	-1	-1	-1
53	504	524	603	609	611	613	614	615	620	631	636	637	638	765	915	-1	-1	-1	-1	-1	-1	-1	-1
334	412	436	449	460	464	473	596	610	612	613	614	615	621	630	893	-1	-1	-1	-1	-1	-1	-1	-1
167	315	415	487	495	512	516	577	606	612	613	614	625	-1	-1	-1	-1	-1	-1	-1	-1	-1	-1	-1
56	60	156	417	460	574	601	603	604	608	616	619	623	631	635	729	824	-1	-1	-1	-1	-1	-1	-1
65	142	426	524	603	605	607	608	610	624	626	631	633	649	743	790	921	969	-1	-1	-1	-1	-1	-1
80	85	503	606	609	611	612	632	635	1003	-1	-1	-1	-1	-1	-1	-1	-1	-1	-1	-1	-1	-1	-1
131	492	606	611	615	617	625	631	633	670	718	742	748	797	926	-1	-1	-1	-1	-1	-1	-1	-1	-1
144	217	455	506	603	608	609	610	614	616	626	749	790	815	966	-1	-1	-1	-1	-1	-1	-1	-1	-1
195	405	542	576	605	610	617	619	623	625	631	633	638	690	697	790	808	836	923	-1	-1	-1	-1	-1
509	559	606	611	616	619	621	623	681	-1	-1	-1	-1	-1	-1	-1	-1	-1	-1	-1	-1	-1	-1	-1
212	255	309	616	620	623	666	684	727	764	883	-1	-1	-1	-1	-1	-1	-1	-1	-1	-1	-1	-1	-1
606	609	620	626	631	636	656	671	698	735	753	771	1013	1017	-1	-1	-1	-1	-1	-1	-1	-1	-1	-1
84	332	584	616	617	619	621	635	721	757	774	-1	-1	-1	-1	-1	-1	-1	-1	-1	-1	-1	-1	-1
229	477	605	617	619	622	623	629	632	636	653	660	963	-1	-1	-1	-1	-1	-1	-1	-1	-1	-1	-1
604	609	618	620	629	631	633	657	676	681	722	768	872	-1	-1	-1	-1	-1	-1	-1	-1	-1	-1	-1
609	616	617	618	619	620	622	625	629	-1	-1	-1	-1	-1	-1	-1	-1	-1	-1	-1	-1	-1	-1	-1
139	458	532	554	601	603	626	627	653	664	696	721	723	747	759	763	789	846	-1	-1	-1	-1	-1	-1
180	230	607	616	620	627	628	630	631	637	702	748	756	766	784	802	1001	-1	-1	-1	-1	-1	-1	-1
19	603	611	612	615	624	627	629	630	631	637	644	650	656	685	692	736	746	781	-1	-1	-1	-1	-1
287	397	522	605	606	611	612	624	625	628	660	664	682	688	849	865	896	1012	-1	-1	-1	-1	-1	-1
97	157	234	241	564	625	626	631	665	725	805	913	926	945	-1	-1	-1	-1	-1	-1	-1	-1	-1	-1
376	448	601	606	607	608	617	618	624	626	628	630	631	661	697	698	709	743	792	811	-1	-1	-1	-1
66	152	236	460	507	608	613	617	618	623	624	625	626	628	639	752	925	-1	-1	-1	-1	-1	-1	-1
63	600	612	617	619	624	625	630	637	687	705	779	971	-1	-1	-1	-1	-1	-1	-1	-1	-1	-1	-1
329	600	637	638	737	758	764	-1	-1	-1	-1	-1	-1	-1	-1	-1	-1	-1	-1	-1	-1	-1	-1	-1
118	280	308	610	612	621	631	634	637	664	669	729	775	-1	-1	-1	-1	-1	-1	-1	-1	-1	-1	-1
68	610	622	632	636	638	639	669	760	916	-1	-1	-1	-1	-1	-1	-1	-1	-1	-1	-1	-1	-1	-1
546	606	612	616	621	622	633	639	735	-1	-1	-1	-1	-1	-1	-1	-1	-1	-1	-1	-1	-1	-1	-1
220	366	458	603	605	625	635	638	797	-1	-1	-1	-1	-1	-1	-1	-1	-1	-1	-1	-1	-1	-1	-1
621	626	632	634	635	636	744	788	791	-1	-1	-1	-1	-1	-1	-1	-1	-1	-1	-1	-1	-1	-1	-1
37	222	413	521	599	603	605	608	610	612	615	617	623	627	636	957	-1	-1	-1	-1	-1	-1	-1	-1
157	342	602	617	621	624	634	636	637	638	661	665	684	700	815	-1	-1	-1	-1	-1	-1	-1	-1	-1
307	357	641	642	643	649	650	655	662	665	666	-1	-1	-1	-1	-1	-1	-1	-1	-1	-1	-1	-1	-1
640	643	652	671	800	-1	-1	-1	-1	-1	-1	-1	-1	-1	-1	-1	-1	-1	-1	-1	-1	-1	-1	-1
396	542	632	641	643	645	646	649	655	665	668	670	745	988	-1	-1	-1	-1	-1	-1	-1	-1	-1	-1
642	645	646	651	652	657	669	670	671	674	675	699	808	-1	-1	-1	-1	-1	-1	-1	-1	-1	-1	-1
137	154	281	546	621	625	639	640	641	642	646	647	653	654	657	660	663	665	669	685	723	752	816	887
88	239	618	642	643	644	656	657	662	668	669	677	696	722	724	736	739	784	788	792	835	-1	-1	-1
371	456	642	644	645	670	704	750	753	805	-1	-1	-1	-1	-1	-1	-1	-1	-1	-1	-1	-1	-1	-1
124	466	562	626	641	642	643	644	645	646	666	667	675	677	715	762	775	777	822	-1	-1	-1	-1	-1
95	466	539	649	651	663	788	790	792	-1	-1	-1	-1	-1	-1	-1	-1	-1	-1	-1	-1	-1	-1	-1
579	621	639	640	641	652	655	665	666	700	814	1002	-1	-1	-1	-1	-1	-1	-1	-1	-1	-1	-1	-1
94	251	360	389	568	582	583	643	648	726	751	776	1016	-1	-1	-1	-1	-1	-1	-1	-1	-1	-1	-1
160	230	618	640	650	652	654	655	810	916	-1	-1	-1	-1	-1	-1	-1	-1	-1	-1	-1	-1	-1	-1
459	571	641	648	649	650	651	653	654	655	658	672	678	802	912	-1	-1	-1	-1	-1	-1	-1	-1	-1
20	432	450	566	631	642	643	644	649	652	720	739	774	861	1014	-1	-1	-1	-1	-1	-1	-1	-1	-1
63	195	317	641	649	653	655	657	660	676	712	726	747	750	774	776	-1	-1	-1	-1	-1	-1	-1	-1
286	416	536	613	622	630	641	648	649	653	654	662	668	686	693	723	763	923	-1	-1	-1	-1	-1	-1
238	245	520	576	608	630	660	661	676	744	779	937	948	958	-1	-1	-1	-1	-1	-1	-1	-1	-1	-1
40	297	489	641	646	648	654	659	662	670	683	719	762	799	-1	-1	-1	-1	-1	-1	-1	-1	-1	-1
69	430	654	655	660	661	662	663	675	679	726	781	797	896	-1	-1	-1	-1	-1	-1	-1	-1	-1	-1
156	273	309	636	647	656	658	662	663	668	673	678	690	808	976	-1	-1	-1	-1	-1	-1	-1	-1	-1
392	457	529	620	648	659	667	668	677	752	776	931	-1	-1	-1	-1	-1	-1	-1	-1	-1	-1	-1	-1
128	230	285	647	656	657	659	662	663	664	679	742	-1	-1	-1	-1	-1	-1	-1	-1	-1	-1	-1	-1
385	527	632	633	635	642	645	660	703	764	776	779	799	-1	-1	-1	-1	-1	-1	-1	-1	-1	-1	-1
374	640	661	664	666	671	673	696	712	738	744	746	791	831	-1	-1	-1	-1	-1	-1	-1	-1	-1	-1
57	135	285	415	423	439	640	643	644	661	671	683	726	731	746	804	899	912	-1	-1	-1	-1	-1	-1
240	343	659	664	666	670	677	680	708	828	912	925	966	-1	-1	-1	-1	-1	-1	-1	-1	-1	-1	-1
67	247	365	628	650	660	665	667	668	671	766	795	901	-1	-1	-1	-1	-1	-1	-1	-1	-1	-1	-1
649	656	665	669	670	673	763	-1	-1	-1	-1	-1	-1	-1	-1	-1	-1	-1	-1	-1	-1	-1	-1	-1
175	195	243	261	646	661	662	664	665	667	669	673	683	729	791	800	897	-1	-1	-1	-1	-1	-1	-1
652	654	655	665	666	670	671	792	813	966	-1	-1	-1	-1	-1	-1	-1	-1	-1	-1	-1	-1	-1	-1
304	447	628	646	651	656	665	667	669	673	778	811	814	928	-1	-1	-1	-1	-1	-1	-1	-1	-1	-1
644	647	650	652	653	665	667	668	674	731	738	-1	-1	-1	-1	-1	-1	-1	-1	-1	-1	-1	-1	-1
427	430	542	639	642	655	677	682	683	754	836	846	-1	-1	-1	-1	-1	-1	-1	-1	-1	-1	-1	-1
57	220	625	641	652	654	674	675	676	679	805	845	943	1003	-1	-1	-1	-1	-1	-1	-1	-1	-1	-1
269	431	598	613	616	650	651	665	672	677	679	711	728	737	748	1008	-1	-1	-1	-1	-1	-1	-1	-1
0	391	485	643	654	658	659	672	673	676	712	805	-1	-1	-1	-1	-1	-1	-1	-1	-1	-1	-1	-1
65	215	478	500	642	650	655	656	667	673	674	675	679	712	749	751	786	794	795	891	1020	-1	-1	-1
246	630	643	652	661	664	673	675	678	806	814	965	-1	-1	-1	-1	-1	-1	-1	-1	-1	-1	-1	-1
574	647	672	673	675	677	680	725	743	747	-1	-1	-1	-1	-1	-1	-1	-1	-1	-1	-1	-1	-1	-1
299	307	328	378	502	642	644	646	647	657	662	663	672	673	676	678	683	698	737	-1	-1	-1	-1	-1
113	260	399	645	668	681	683	714	716	736	754	777	792	856	-1	-1	-1	-1	-1	-1	-1	-1	-1	-1
64	166	682	684	685	687	696	703	705	711	712	716	764	986	-1	-1	-1	-1	-1	-1	-1	-1	-1	-1
35	222	240	430	590	624	642	683	684	686	687	702	717	723	737	798	848	-1	-1	-1	-1	-1	-1	-1
250	684	685	687	690	699	703	708	720	749	-1	-1	-1	-1	-1	-1	-1	-1	-1	-1	-1	-1	-1	-1
221	554	614	680	687	693	694	697	705	735	758	766	785	826	-1	-1	-1	-1	-1	-1	-1	-1	-1	-1
67	189	205	301	333	682	683	687	695	697	704	707	715	754	783	894	-1	-1	-1	-1	-1	-1	-1	-1
80	105	320	466	485	622	630	681	682	684	689	696	705	-1	-1	-1	-1	-1	-1	-1	-1	-1	-1	-1
4	496	634	682	684	685	686	695	699	715	731	733	915	1015	-1	-1	-1	-1	-1	-1	-1	-1	-1	-1
467	585	689	694	695	701	-1	-1	-1	-1	-1	-1	-1	-1	-1	-1	-1	-1	-1	-1	-1	-1	-1	-1
85	113	171	268	575	621	678	688	691	696	701	711	812	895	-1	-1	-1	-1	-1	-1	-1	-1	-1	-1
47	459	481	552	628	645	663	678	682	687	688	689	692	711	713	714	716	779	799	-1	-1	-1	-1	-1
239	506	612	628	681	686	689	690	692	695	696	699	715	737	777	975	-1	-1	-1	-1	-1	-1	-1	-1
264	683	684	685	688	691	693	694	695	707	710	718	730	733	755	-1	-1	-1	-1	-1	-1	-1	-1	-1
689	690	691	696	697	713	725	755	773	-1	-1	-1	-1	-1	-1	-1	-1	-1	-1	-1	-1	-1	-1	-1
462	561	635	654	692	695	696	707	710	716	771	793	898	-1	-1	-1	-1	-1	-1	-1	-1	-1	-1	-1
33	116	546	618	662	671	691	692	694	697	700	701	-1	-1	-1	-1	-1	-1	-1	-1	-1	-1	-1	-1
281	423	553	637	693	695	699	702	707	710	715	737	752	770	-1	-1	-1	-1	-1	-1	-1	-1	-1	-1
304	336	500	644	659	690	695	698	699	712	835	-1	-1	-1	-1	-1	-1	-1	-1	-1	-1	-1	-1	-1
309	494	581	614	661	697	700	706	711	712	717	721	750	754	808	874	-1	-1	-1	-1	-1	-1	-1	-1
64	617	697	703	704	713	714	733	813	872	976	-1	-1	-1	-1	-1	-1	-1	-1	-1	-1	-1	-1	-1
392	591	622	668	696	697	698	699	702	703	709	717	748	769	775	838	-1	-1	-1	-1	-1	-1	-1	-1
8	510	635	682	698	699	702	703	704	707	718	854	861	871	884	-1	-1	-1	-1	-1	-1	-1	-1	-1
543	616	667	680	688	690	693	698	699	710	711	723	740	751	806	889	-1	-1	-1	-1	-1	-1	-1	-1
62	661	684	686	687	699	715	758	805	994	-1	-1	-1	-1	-1	-1	-1	-1	-1	-1	-1	-1	-1	-1
653	750	754	811	985	-1	-1	-1	-1	-1	-1	-1	-1	-1	-1	-1	-1	-1	-1	-1	-1	-1	-1	-1
679	685	687	698	704	708	712	745	785	-1	-1	-1	-1	-1	-1	-1	-1	-1	-1	-1	-1	-1	-1	-1
46	202	615	659	680	682	684	687	693	694	700	704	708	709	711	739	745	753	788	-1	-1	-1	-1	-1
170	333	502	641	659	670	673	688	704	705	708	709	710	711	733	767	834	-1	-1	-1	-1	-1	-1	-1
297	319	341	648	660	690	697	702	705	710	711	719	736	798	-1	-1	-1	-1	-1	-1	-1	-1	-1	-1
255	684	696	704	706	708	710	711	712	737	767	769	793	812	970	-1	-1	-1	-1	-1	-1	-1	-1	-1
130	142	687	688	692	697	700	704	705	709	812	825	-1	-1	-1	-1	-1	-1	-1	-1	-1	-1	-1	-1
292	480	669	694	699	702	706	707	708	709	710	713	746	755	757	814	-1	-1	-1	-1	-1	-1	-1	-1
217	689	710	714	716	717	758	1005	-1	-1	-1	-1	-1	-1	-1	-1	-1	-1	-1	-1	-1	-1	-1	-1
6	211	562	656	679	693	696	712	717	736	781	789	794	838	-1	-1	-1	-1	-1	-1	-1	-1	-1	-1
180	452	574	689	712	713	716	717	718	719	774	850	-1	-1	-1	-1	-1	-1	-1	-1	-1	-1	-1	-1
437	682	711	713	716	717	718	751	-1	-1	-1	-1	-1	-1	-1	-1	-1	-1	-1	-1	-1	-1	-1	-1
333	416	608	671	683	687	699	707	719	722	734	772	786	857	935	-1	-1	-1	-1	-1	-1	-1	-1	-1
298	511	613	698	706	712	713	714	716	718	719	758	767	770	815	1002	-1	-1	-1	-1	-1	-1	-1	-1
75	252	405	416	505	616	662	701	715	716	717	931	-1	-1	-1	-1	-1	-1	-1	-1	-1	-1	-1	-1
170	510	640	660	671	709	714	715	813	887	-1	-1	-1	-1	-1	-1	-1	-1	-1	-1	-1	-1	-1	-1
655	721	725	727	734	747	981	-1	-1	-1	-1	-1	-1	-1	-1	-1	-1	-1	-1	-1	-1	-1	-1	-1
110	303	722	725	727	729	788	-1	-1	-1	-1	-1	-1	-1	-1	-1	-1	-1	-1	-1	-1	-1	-1	-1
524	558	628	641	720	729	740	749	776	807	997	-1	-1	-1	-1	-1	-1	-1	-1	-1	-1	-1	-1	-1
56	335	357	400	469	645	720	721	747	807	954	977	1023	-1	-1	-1	-1	-1	-1	-1	-1	-1	-1	-1
340	430	639	692	720	722	725	726	727	747	790	801	809	916	-1	-1	-1	-1	-1	-1	-1	-1	-1	-1
721	722	723	724	797	809	819	950	-1	-1	-1	-1	-1	-1	-1	-1	-1	-1	-1	-1	-1	-1	-1	-1
342	421	427	718	721	722	723	724	725	727	730	734	735	738	740	759	773	780	807	844	-1	-1	-1	-1
135	367	637	662	677	720	721	723	724	750	798	-1	-1	-1	-1	-1	-1	-1	-1	-1	-1	-1	-1	-1
98	241	592	614	716	729	731	733	735	736	748	749	935	-1	-1	-1	-1	-1	-1	-1	-1	-1	-1	-1
708	711	728	730	734	735	744	746	752	776	796	-1	-1	-1	-1	-1	-1	-1	-1	-1	-1	-1	-1	-1
490	628	719	731	734	753	783	811	813	993	-1	-1	-1	-1	-1	-1	-1	-1	-1	-1	-1	-1	-1	-1
141	546	665	696	724	727	729	732	734	738	749	755	-1	-1	-1	-1	-1	-1	-1	-1	-1	-1	-1	-1
632	669	672	719	720	726	729	731	733	734	735	743	746	754	771	785	853	-1	-1	-1	-1	-1	-1	-1
438	619	729	734	737	743	751	753	756	758	763	1021	-1	-1	-1	-1	-1	-1	-1	-1	-1	-1	-1	-1
532	650	711	712	715	728	729	730	732	733	746	749	751	756	766	789	804	-1	-1	-1	-1	-1	-1	-1
38	146	597	641	654	683	707	709	713	722	729	734	737	739	742	755	859	-1	-1	-1	-1	-1	-1	-1
8	79	164	281	678	711	740	742	743	759	766	781	-1	-1	-1	-1	-1	-1	-1	-1	-1	-1	-1	-1
399	526	561	640	649	675	739	743	753	767	804	805	938	-1	-1	-1	-1	-1	-1	-1	-1	-1	-1	-1
412	649	703	722	731	736	739	741	742	746	753	871	882	1006	-1	-1	-1	-1	-1	-1	-1	-1	-1	-1
97	129	194	195	562	613	650	654	665	682	735	736	741	742	747	751	757	767	770	783	809	1011	-1	-1
24	159	698	726	736	741	742	743	752	812	983	-1	-1	-1	-1	-1	-1	-1	-1	-1	-1	-1	-1	-1
195	362	411	621	671	716	725	732	736	737	739	743	748	799	807	930	-1	-1	-1	-1	-1	-1	-1	-1
495	707	739	749	750	758	-1	-1	-1	-1	-1	-1	-1	-1	-1	-1	-1	-1	-1	-1	-1	-1	-1	-1
17	33	705	721	722	729	730	736	737	738	740	741	754	755	759	792	821	-1	-1	-1	-1	-1	-1	-1
120	479	635	699	730	745	747	748	749	750	914	-1	-1	-1	-1	-1	-1	-1	-1	-1	-1	-1	-1	-1
31	450	521	722	737	747	749	750	751	799	803	807	809	864	-1	-1	-1	-1	-1	-1	-1	-1	-1	-1
422	462	554	690	723	732	744	745	750	753	-1	-1	-1	-1	-1	-1	-1	-1	-1	-1	-1	-1	-1	-1
220	628	647	739	744	746	748	749	782	960	970	1018	-1	-1	-1	-1	-1	-1	-1	-1	-1	-1	-1	-1
215	456	589	629	679	739	742	744	745	746	747	749	751	949	-1	-1	-1	-1	-1	-1	-1	-1	-1	-1
246	445	466	588	640	660	723	732	744	745	750	751	810	985	-1	-1	-1	-1	-1	-1	-1	-1	-1	-1
33	38	619	707	708	736	745	748	749	751	753	789	797	800	825	937	-1	-1	-1	-1	-1	-1	-1	-1
309	426	654	721	726	727	735	737	745	746	750	778	-1	-1	-1	-1	-1	-1	-1	-1	-1	-1	-1	-1
28	96	117	264	398	426	439	617	625	641	735	740	747	753	759	791	938	-1	-1	-1	-1	-1	-1	-1
86	285	441	644	725	734	754	756	853	-1	-1	-1	-1	-1	-1	-1	-1	-1	-1	-1	-1	-1	-1	-1
17	289	324	545	663	720	725	730	742	745	747	752	753	755	756	-1	-1	-1	-1	-1	-1	-1	-1	-1
137	498	698	728	732	739	741	744	748	749	752	756	757	758	810	1012	-1	-1	-1	-1	-1	-1	-1	-1
268	687	700	734	752	754	757	783	809	842	-1	-1	-1	-1	-1	-1	-1	-1	-1	-1	-1	-1	-1	-1
249	551	601	612	614	659	678	705	720	722	727	729	752	753	758	759	768	858	951	-1	-1	-1	-1	-1
224	534	706	736	752	753	754	759	760	765	776	791	859	-1	-1	-1	-1	-1	-1	-1	-1	-1	-1	-1
169	215	498	670	675	712	723	724	737	739	747	749	751	752	754	755	756	757	758	780	-1	-1	-1	-1
599	702	710	741	761	763	764	765	767	781	862	-1	-1	-1	-1	-1	-1	-1	-1	-1	-1	-1	-1	-1
7	163	170	236	321	648	763	765	766	772	782	783	-1	-1	-1	-1	-1	-1	-1	-1	-1	-1	-1	-1
23	328	701	711	741	767	771	775	787	791	807	-1	-1	-1	-1	-1	-1	-1	-1	-1	-1	-1	-1	-1
447	458	463	750	760	767	781	789	1002	-1	-1	-1	-1	-1	-1	-1	-1	-1	-1	-1	-1	-1	-1	-1
30	619	646	654	709	760	762	763	765	766	771	779	795	798	900	1016	-1	-1	-1	-1	-1	-1	-1	-1
84	420	627	687	709	745	760	761	775	794	-1	-1	-1	-1	-1	-1	-1	-1	-1	-1	-1	-1	-1	-1
116	174	624	669	684	713	720	762	763	764	783	-1	-1	-1	-1	-1	-1	-1	-1	-1	-1	-1	-1	-1
310	631	635	763	764	765	781	979	-1	-1	-1	-1	-1	-1	-1	-1	-1	-1	-1	-1	-1	-1	-1	-1
93	315	631	663	711	769	775	778	786	-1	-1	-1	-1	-1	-1	-1	-1	-1	-1	-1	-1	-1	-1	-1
36	178	241	368	636	683	715	760	768	770	771	772	773	774	775	787	792	793	-1	-1	-1	-1	-1	-1
152	235	652	706	739	751	757	766	771	775	778	790	805	841	879	-1	-1	-1	-1	-1	-1	-1	-1	-1
260	455	510	667	764	768	772	774	775	784	785	792	-1	-1	-1	-1	-1	-1	-1	-1	-1	-1	-1	-1
69	416	489	620	636	645	760	768	770	771	775	782	786	794	796	-1	-1	-1	-1	-1	-1	-1	-1	-1
3	516	741	757	768	769	771	772	775	776	793	795	799	810	997	-1	-1	-1	-1	-1	-1	-1	-1	-1
157	680	732	761	773	775	781	783	-1	-1	-1	-1	-1	-1	-1	-1	-1	-1	-1	-1	-1	-1	-1	-1
294	344	463	680	700	770	771	780	783	784	970	-1	-1	-1	-1	-1	-1	-1	-1	-1	-1	-1	-1	-1
174	248	402	445	613	711	762	778	780	782	786	792	796	801	-1	-1	-1	-1	-1	-1	-1	-1	-1	-1
64	212	658	663	752	776	787	792	798	799	805	-1	-1	-1	-1	-1	-1	-1	-1	-1	-1	-1	-1	-1
30	487	571	648	650	662	726	776	781	782	790	906	932	-1	-1	-1	-1	-1	-1	-1	-1	-1	-1	-1
63	377	632	666	738	777	781	782	788	791	792	795	-1	-1	-1	-1	-1	-1	-1	-1	-1	-1	-1	-1
145	390	431	623	699	766	769	776	777	779	785	786	792	1017	-1	-1	-1	-1	-1	-1	-1	-1	-1	-1
373	431	508	614	672	766	773	780	782	783	784	796	799	923	-1	-1	-1	-1	-1	-1	-1	-1	-1	-1
50	51	350	521	647	670	718	729	750	759	760	783	791	797	-1	-1	-1	-1	-1	-1	-1	-1	-1	-1
281	640	666	672	683	727	753	756	758	760	761	778	779	780	785	789	863	-1	-1	-1	-1	-1	-1	-1
259	488	545	607	657	763	767	772	776	787	789	790	818	-1	-1	-1	-1	-1	-1	-1	-1	-1	-1	-1
111	157	181	556	559	773	784	788	792	794	797	854	-1	-1	-1	-1	-1	-1	-1	-1	-1	-1	-1	-1
28	399	464	639	737	766	767	768	784	789	791	988	-1	-1	-1	-1	-1	-1	-1	-1	-1	-1	-1	-1
515	625	673	711	767	768	771	778	780	783	789	791	794	1022	-1	-1	-1	-1	-1	-1	-1	-1	-1	-1
1	327	339	577	707	760	764	779	784	785	787	789	790	791	792	809	-1	-1	-1	-1	-1	-1	-1	-1
642	647	673	782	784	785	786	787	790	793	979	-1	-1	-1	-1	-1	-1	-1	-1	-1	-1	-1	-1	-1
4	560	621	654	760	767	783	787	789	798	-1	-1	-1	-1	-1	-1	-1	-1	-1	-1	-1	-1	-1	-1
627	636	672	778	786	787	788	789	790	795	864	-1	-1	-1	-1	-1	-1	-1	-1	-1	-1	-1	-1	-1
1	343	440	612	657	682	766	779	783	793	794	796	797	798	799	951	964	-1	-1	-1	-1	-1	-1	-1
82	125	214	251	612	620	680	714	716	762	780	782	794	797	798	957	-1	-1	-1	-1	-1	-1	-1	-1
10	271	332	645	653	715	765	769	778	783	793	795	796	797	799	-1	-1	-1	-1	-1	-1	-1	-1	-1
626	660	685	774	777	783	793	796	797	814	-1	-1	-1	-1	-1	-1	-1	-1	-1	-1	-1	-1	-1	-1
733	762	771	775	776	777	785	787	788	791	792	795	797	798	799	810	-1	-1	-1	-1	-1	-1	-1	-1
78	308	656	679	764	773	789	793	794	796	799	822	858	874	-1	-1	-1	-1	-1	-1	-1	-1	-1	-1
62	288	371	442	524	622	674	709	750	763	768	792	794	795	796	797	799	-1	-1	-1	-1	-1	-1	-1
113	501	726	760	767	768	779	793	795	797	-1	-1	-1	-1	-1	-1	-1	-1	-1	-1	-1	-1	-1	-1
665	697	707	764	801	805	806	807	810	821	839	-1	-1	-1	-1	-1	-1	-1	-1	-1	-1	-1	-1	-1
293	633	657	723	788	800	802	804	806	815	838	-1	-1	-1	-1	-1	-1	-1	-1	-1	-1	-1	-1	-1
54	155	333	347	455	614	635	644	767	800	801	803	804	805	806	807	817	822	823	832	-1	-1	-1	-1
612	657	802	804	805	806	820	824	832	834	924	-1	-1	-1	-1	-1	-1	-1	-1	-1	-1	-1	-1	-1
216	351	475	582	628	667	676	694	715	773	788	800	801	810	824	826	827	830	985	-1	-1	-1	-1	-1
11	288	538	633	724	768	801	802	804	806	807	810	813	816	819	837	980	-1	-1	-1	-1	-1	-1	-1
660	725	788	800	801	802	804	812	820	828	839	-1	-1	-1	-1	-1	-1	-1	-1	-1	-1	-1	-1	-1
4	20	376	614	636	652	671	711	783	787	801	826	827	937	949	1005	-1	-1	-1	-1	-1	-1	-1	-1
615	701	752	759	810	811	812	814	820	824	832	835	-1	-1	-1	-1	-1	-1	-1	-1	-1	-1	-1	-1
169	293	554	643	715	745	808	813	814	815	816	826	915	-1	-1	-1	-1	-1	-1	-1	-1	-1	-1	-1
32	350	470	490	710	714	785	799	808	811	819	827	832	835	948	-1	-1	-1	-1	-1	-1	-1	-1	-1
126	363	557	614	631	654	681	691	712	763	800	808	810	813	814	815	824	833	839	923	938	960	-1	-1
17	110	272	453	634	774	804	813	815	821	828	830	1018	-1	-1	-1	-1	-1	-1	-1	-1	-1	-1	-1
318	374	530	595	733	738	744	808	815	824	-1	-1	-1	-1	-1	-1	-1	-1	-1	-1	-1	-1	-1	-1
302	491	647	664	717	761	798	800	809	811	815	838	839	953	-1	-1	-1	-1	-1	-1	-1	-1	-1	-1
72	290	291	481	513	634	667	794	800	808	810	811	813	817	819	-1	-1	-1	-1	-1	-1	-1	-1	-1
208	251	801	805	812	815	818	838	860	921	1009	-1	-1	-1	-1	-1	-1	-1	-1	-1	-1	-1	-1	-1
383	801	803	804	818	820	821	832	839	938	-1	-1	-1	-1	-1	-1	-1	-1	-1	-1	-1	-1	-1	-1
268	485	500	763	801	802	819	823	825	831	862	913	1019	-1	-1	-1	-1	-1	-1	-1	-1	-1	-1	-1
70	201	316	332	336	351	408	573	816	817	820	821	822	823	828	846	873	996	1007	-1	-1	-1	-1	-1
79	430	512	816	817	819	823	831	833	849	850	912	976	-1	-1	-1	-1	-1	-1	-1	-1	-1	-1	-1
309	399	428	816	819	822	1005	1007	1010	-1	-1	-1	-1	-1	-1	-1	-1	-1	-1	-1	-1	-1	-1	-1
145	232	270	464	800	801	805	814	816	817	819	821	824	836	842	859	867	974	1012	-1	-1	-1	-1	-1
459	522	557	773	804	816	817	818	819	820	821	822	827	828	832	918	925	935	954	973	-1	-1	-1	-1
804	812	821	828	829	831	839	840	855	863	943	944	972	1000	1018	-1	-1	-1	-1	-1	-1	-1	-1	-1
197	292	402	507	563	802	804	806	822	824	829	838	891	945	980	-1	-1	-1	-1	-1	-1	-1	-1	-1
92	824	829	945	-1	-1	-1	-1	-1	-1	-1	-1	-1	-1	-1	-1	-1	-1	-1	-1	-1	-1	-1	-1
110	229	321	526	805	824	825	830	831	834	835	852	892	970	1010	-1	-1	-1	-1	-1	-1	-1	-1	-1
805	818	822	826	827	830	835	845	867	947	967	970	993	-1	-1	-1	-1	-1	-1	-1	-1	-1	-1	-1
13	163	173	304	355	518	660	807	808	824	827	828	834	904	910	-1	-1	-1	-1	-1	-1	-1	-1	-1
255	394	465	802	812	820	824	825	827	829	831	835	916	932	959	960	1005	1017	-1	-1	-1	-1	-1	-1
364	597	803	804	816	824	825	826	827	828	830	839	847	849	882	889	947	1006	-1	-1	-1	-1	-1	-1
75	222	305	646	754	818	831	834	835	838	-1	-1	-1	-1	-1	-1	-1	-1	-1	-1	-1	-1	-1	-1
371	428	563	800	820	832	834	836	838	929	-1	-1	-1	-1	-1	-1	-1	-1	-1	-1	-1	-1	-1	-1
263	812	820	827	829	830	832	835	904	952	959	965	-1	-1	-1	-1	-1	-1	-1	-1	-1	-1	-1	-1
192	407	556	576	804	808	822	832	833	834	904	905	906	915	943	-1	-1	-1	-1	-1	-1	-1	-1	-1
174	322	615	801	813	825	830	839	847	929	-1	-1	-1	-1	-1	-1	-1	-1	-1	-1	-1	-1	-1	-1
243	800	801	803	819	824	829	833	838	839	925	-1	-1	-1	-1	-1	-1	-1	-1	-1	-1	-1	-1	-1
423	441	749	830	832	834	839	881	888	933	956	964	1015	-1	-1	-1	-1	-1	-1	-1	-1	-1	-1	-1
406	428	801	808	813	819	834	835	838	879	-1	-1	-1	-1	-1	-1	-1	-1	-1	-1	-1	-1	-1	-1
224	359	633	841	843	844	845	846	847	848	853	857	873	937	944	966	985	-1	-1	-1	-1	-1	-1	-1
255	675	753	823	837	840	843	844	845	846	847	851	853	872	877	903	932	963	980	989	995	-1	-1	-1
326	437	634	835	841	843	844	846	847	866	944	945	1009	-1	-1	-1	-1	-1	-1	-1	-1	-1	-1	-1
178	200	291	352	448	766	816	840	842	846	847	849	867	870	906	965	-1	-1	-1	-1	-1	-1	-1	-1
1	63	567	709	727	816	842	845	846	858	868	931	1006	-1	-1	-1	-1	-1	-1	-1	-1	-1	-1	-1
251	288	382	841	842	843	844	846	852	856	875	876	878	899	908	913	-1	-1	-1	-1	-1	-1	-1	-1
458	840	841	842	844	845	854	862	878	932	987	999	-1	-1	-1	-1	-1	-1	-1	-1	-1	-1	-1	-1
355	551	658	841	842	843	844	846	853	869	876	877	878	881	897	937	958	-1	-1	-1	-1	-1	-1	-1
249	307	465	628	833	842	852	855	859	860	873	922	993	1005	-1	-1	-1	-1	-1	-1	-1	-1	-1	-1
276	848	851	853	854	855	870	871	898	984	1019	-1	-1	-1	-1	-1	-1	-1	-1	-1	-1	-1	-1	-1
183	634	817	834	845	851	852	854	855	864	875	876	899	941	1008	-1	-1	-1	-1	-1	-1	-1	-1	-1
151	336	846	853	854	855	878	881	916	-1	-1	-1	-1	-1	-1	-1	-1	-1	-1	-1	-1	-1	-1	-1
72	274	711	841	848	849	869	873	905	928	-1	-1	-1	-1	-1	-1	-1	-1	-1	-1	-1	-1	-1	-1
121	236	282	308	483	642	782	820	827	833	848	849	851	852	855	864	867	891	917	-1	-1	-1	-1	-1
0	166	323	627	712	835	836	843	848	849	852	855	875	877	1012	-1	-1	-1	-1	-1	-1	-1	-1	-1
267	610	844	849	850	851	854	862	954	-1	-1	-1	-1	-1	-1	-1	-1	-1	-1	-1	-1	-1	-1	-1
18	311	735	812	848	858	859	864	873	917	951	958	978	997	1022	-1	-1	-1	-1	-1	-1	-1	-1	-1
332	684	820	828	841	860	863	871	898	985	-1	-1	-1	-1	-1	-1	-1	-1	-1	-1	-1	-1	-1	-1
388	423	839	845	859	861	873	929	-1	-1	-1	-1	-1	-1	-1	-1	-1	-1	-1	-1	-1	-1	-1	-1
194	638	829	841	857	863	867	941	958	967	-1	-1	-1	-1	-1	-1	-1	-1	-1	-1	-1	-1	-1	-1
78	241	397	531	676	857	863	864	877	910	999	-1	-1	-1	-1	-1	-1	-1	-1	-1	-1	-1	-1	-1
458	490	719	843	846	850	855	857	858	859	862	863	864	872	884	910	994	1000	1002	-1	-1	-1	-1	-1
5	857	858	860	861	875	891	918	-1	-1	-1	-1	-1	-1	-1	-1	-1	-1	-1	-1	-1	-1	-1	-1
11	52	737	763	835	845	851	857	859	861	862	915	987	1012	-1	-1	-1	-1	-1	-1	-1	-1	-1	-1
41	132	169	401	541	844	853	855	858	868	869	870	871	951	953	1012	-1	-1	-1	-1	-1	-1	-1	-1
79	104	199	250	501	520	523	816	848	850	856	864	867	869	870	871	873	-1	-1	-1	-1	-1	-1	-1
59	154	385	635	842	846	852	857	859	861	864	865	867	868	869	874	876	879	883	958	976	1000	-1	-1
21	265	268	781	840	852	857	870	871	878	907	-1	-1	-1	-1	-1	-1	-1	-1	-1	-1	-1	-1	-1
160	378	588	840	849	852	858	865	866	869	871	879	884	887	910	971	1010	-1	-1	-1	-1	-1	-1	-1
20	116	120	194	681	687	710	722	843	864	865	866	867	868	870	871	872	875	880	905	964	966	-1	-1
31	325	355	443	511	583	602	843	855	857	864	866	867	868	869	871	968	1003	-1	-1	-1	-1	-1	-1
41	239	740	864	867	868	869	870	921	978	-1	-1	-1	-1	-1	-1	-1	-1	-1	-1	-1	-1	-1	-1
845	848	875	879	924	933	948	1014	-1	-1	-1	-1	-1	-1	-1	-1	-1	-1	-1	-1	-1	-1	-1	-1
91	422	820	842	846	848	851	863	869	870	872	876	877	878	879	885	911	964	973	990	1005	1014	1020	-1
235	249	409	643	684	741	813	866	867	870	876	877	879	-1	-1	-1	-1	-1	-1	-1	-1	-1	-1	-1
218	456	577	846	852	864	869	870	873	877	878	992	-1	-1	-1	-1	-1	-1	-1	-1	-1	-1	-1	-1
176	828	846	863	865	873	875	878	879	927	943	997	-1	-1	-1	-1	-1	-1	-1	-1	-1	-1	-1	-1
115	676	840	849	852	861	865	872	873	874	875	876	878	909	933	960	1003	1013	-1	-1	-1	-1	-1	-1
228	490	548	624	682	810	836	842	843	861	873	877	919	-1	-1	-1	-1	-1	-1	-1	-1	-1	-1	-1
175	478	843	844	856	876	877	913	976	-1	-1	-1	-1	-1	-1	-1	-1	-1	-1	-1	-1	-1	-1	-1
322	570	583	878	881	882	883	884	885	886	893	900	920	-1	-1	-1	-1	-1	-1	-1	-1	-1	-1	-1
880	882	884	885	908	915	933	965	977	979	987	-1	-1	-1	-1	-1	-1	-1	-1	-1	-1	-1	-1	-1
319	478	723	739	792	821	881	884	891	893	896	903	905	931	959	994	-1	-1	-1	-1	-1	-1	-1	-1
68	420	880	882	885	887	894	902	911	913	916	931	938	940	-1	-1	-1	-1	-1	-1	-1	-1	-1	-1
75	123	244	318	345	706	820	841	875	880	882	885	886	893	894	904	923	971	988	-1	-1	-1	-1	-1
514	604	672	868	879	880	881	883	884	886	893	896	897	900	902	939	-1	-1	-1	-1	-1	-1	-1	-1
772	873	880	881	884	887	889	890	897	904	979	991	1016	1020	-1	-1	-1	-1	-1	-1	-1	-1	-1	-1
97	335	863	882	884	886	894	909	924	949	1000	1017	-1	-1	-1	-1	-1	-1	-1	-1	-1	-1	-1	-1
102	104	215	390	471	598	643	649	793	854	886	889	890	891	892	894	895	897	901	904	912	1003	-1	-1
77	108	117	384	821	882	888	890	906	916	993	-1	-1	-1	-1	-1	-1	-1	-1	-1	-1	-1	-1	-1
292	580	609	647	823	867	889	892	893	895	900	902	914	919	945	964	1011	-1	-1	-1	-1	-1	-1	-1
466	602	670	705	842	888	889	890	892	895	897	916	931	991	-1	-1	-1	-1	-1	-1	-1	-1	-1	-1
311	398	446	789	890	894	895	897	900	904	906	913	945	970	994	-1	-1	-1	-1	-1	-1	-1	-1	-1
70	640	722	823	857	892	894	896	897	898	919	934	947	-1	-1	-1	-1	-1	-1	-1	-1	-1	-1	-1
53	199	351	819	888	889	890	892	895	896	903	935	941	970	996	-1	-1	-1	-1	-1	-1	-1	-1	-1
38	60	829	883	888	891	894	912	941	971	-1	-1	-1	-1	-1	-1	-1	-1	-1	-1	-1	-1	-1	-1
211	553	872	891	899	902	904	948	1001	-1	-1	-1	-1	-1	-1	-1	-1	-1	-1	-1	-1	-1	-1	-1
172	338	436	437	735	861	888	898	900	901	903	911	952	961	-1	-1	-1	-1	-1	-1	-1	-1	-1	-1
324	485	822	889	899	901	910	919	981	1018	-1	-1	-1	-1	-1	-1	-1	-1	-1	-1	-1	-1	-1	-1
37	495	612	741	846	876	882	888	897	902	904	916	935	975	1018	-1	-1	-1	-1	-1	-1	-1	-1	-1
163	343	394	652	666	678	773	857	896	898	899	903	914	928	-1	-1	-1	-1	-1	-1	-1	-1	-1	-1
148	171	693	882	885	897	899	900	978	1016	-1	-1	-1	-1	-1	-1	-1	-1	-1	-1	-1	-1	-1	-1
44	505	536	627	896	899	903	918	955	986	1007	-1	-1	-1	-1	-1	-1	-1	-1	-1	-1	-1	-1	-1
483	527	884	897	898	906	-1	-1	-1	-1	-1	-1	-1	-1	-1	-1	-1	-1	-1	-1	-1	-1	-1	-1
741	851	881	895	898	900	902	903	906	908	910	913	916	-1	-1	-1	-1	-1	-1	-1	-1	-1	-1	-1
58	234	393	424	820	859	889	891	904	911	913	916	932	1018	-1	-1	-1	-1	-1	-1	-1	-1	-1	-1
19	333	429	430	813	863	866	870	883	893	899	900	907	910	1006	1010	-1	-1	-1	-1	-1	-1	-1	-1
52	108	437	685	833	843	854	870	885	903	904	905	909	919	941	1014	-1	-1	-1	-1	-1	-1	-1	-1
244	405	484	890	905	907	911	914	955	974	-1	-1	-1	-1	-1	-1	-1	-1	-1	-1	-1	-1	-1	-1
212	412	626	662	884	906	907	908	910	946	1021	-1	-1	-1	-1	-1	-1	-1	-1	-1	-1	-1	-1	-1
220	633	789	837	842	882	905	906	909	911	988	997	998	-1	-1	-1	-1	-1	-1	-1	-1	-1	-1	-1
64	230	252	339	567	898	903	904	905	906	908	913	980	1015	-1	-1	-1	-1	-1	-1	-1	-1	-1	-1
306	384	615	874	898	914	916	918	-1	-1	-1	-1	-1	-1	-1	-1	-1	-1	-1	-1	-1	-1	-1	-1
75	274	393	418	851	907	911	912	914	915	916	917	918	919	967	-1	-1	-1	-1	-1	-1	-1	-1	-1
138	880	895	909	915	916	917	926	932	1006	-1	-1	-1	-1	-1	-1	-1	-1	-1	-1	-1	-1	-1	-1
9	173	822	832	880	881	883	893	898	900	903	907	911	914	917	919	992	1012	-1	-1	-1	-1	-1	-1
612	892	912	913	917	980	-1	-1	-1	-1	-1	-1	-1	-1	-1	-1	-1	-1	-1	-1	-1	-1	-1	-1
38	369	441	476	726	733	792	885	891	904	909	914	916	918	919	936	960	961	-1	-1	-1	-1	-1	-1
396	418	433	860	881	892	897	907	912	913	915	919	966	-1	-1	-1	-1	-1	-1	-1	-1	-1	-1	-1
455	617	656	892	904	906	907	912	913	915	916	917	1011	-1	-1	-1	-1	-1	-1	-1	-1	-1	-1	-1
333	481	486	572	823	923	925	931	936	941	951	983	-1	-1	-1	-1	-1	-1	-1	-1	-1	-1	-1	-1
254	274	364	768	857	896	911	922	923	924	925	926	929	936	939	940	947	949	955	-1	-1	-1	-1	-1
700	725	890	920	921	924	925	926	929	932	934	956	1001	-1	-1	-1	-1	-1	-1	-1	-1	-1	-1	-1
486	495	834	877	920	924	925	930	931	-1	-1	-1	-1	-1	-1	-1	-1	-1	-1	-1	-1	-1	-1	-1
577	780	821	921	922	923	925	926	939	970	-1	-1	-1	-1	-1	-1	-1	-1	-1	-1	-1	-1	-1	-1
234	257	406	922	923	924	926	927	937	946	951	-1	-1	-1	-1	-1	-1	-1	-1	-1	-1	-1	-1	-1
0	711	712	816	920	921	922	925	927	928	935	948	949	1009	-1	-1	-1	-1	-1	-1	-1	-1	-1	-1
55	62	103	163	282	829	857	886	920	923	925	938	945	973	992	-1	-1	-1	-1	-1	-1	-1	-1	-1
122	716	921	927	931	932	972	-1	-1	-1	-1	-1	-1	-1	-1	-1	-1	-1	-1	-1	-1	-1	-1	-1
649	889	928	931	935	941	958	-1	-1	-1	-1	-1	-1	-1	-1	-1	-1	-1	-1	-1	-1	-1	-1	-1
6	149	338	509	621	633	683	827	833	882	922	927	928	929	931	932	934	940	945	947	1004	1012	-1	-1
452	472	625	850	865	889	930	933	934	935	937	958	989	-1	-1	-1	-1	-1	-1	-1	-1	-1	-1	-1
286	849	921	930	931	933	934	943	947	952	956	1013	-1	-1	-1	-1	-1	-1	-1	-1	-1	-1	-1	-1
167	314	789	824	872	879	882	922	932	934	936	954	987	1008	-1	-1	-1	-1	-1	-1	-1	-1	-1	-1
6	333	459	573	748	825	834	884	927	928	931	935	940	942	954	1005	-1	-1	-1	-1	-1	-1	-1	-1
110	322	400	587	833	922	928	929	931	932	933	934	937	956	-1	-1	-1	-1	-1	-1	-1	-1	-1	-1
214	224	292	829	858	868	916	928	942	943	955	964	989	1008	-1	-1	-1	-1	-1	-1	-1	-1	-1	-1
149	315	839	881	889	903	909	919	924	936	938	939	940	941	942	946	949	954	960	979	1002	-1	-1	-1
188	383	491	599	658	818	823	843	928	939	940	941	945	957	988	-1	-1	-1	-1	-1	-1	-1	-1	-1
35	161	275	455	907	921	923	930	936	938	940	943	944	952	-1	-1	-1	-1	-1	-1	-1	-1	-1	-1
817	882	888	902	921	925	933	937	939	948	953	-1	-1	-1	-1	-1	-1	-1	-1	-1	-1	-1	-1	-1
354	466	886	912	917	931	936	939	942	943	948	999	1007	1017	-1	-1	-1	-1	-1	-1	-1	-1	-1	-1
22	296	928	937	938	939	940	941	943	950	952	1001	-1	-1	-1	-1	-1	-1	-1	-1	-1	-1	-1	-1
38	627	847	921	923	933	936	937	940	952	979	-1	-1	-1	-1	-1	-1	-1	-1	-1	-1	-1	-1	-1
133	195	332	337	414	506	626	755	921	937	938	941	945	949	951	1006	-1	-1	-1	-1	-1	-1	-1	-1
157	278	556	610	782	867	870	876	883	921	948	949	951	1016	-1	-1	-1	-1	-1	-1	-1	-1	-1	-1
180	379	381	512	544	881	886	924	925	944	945	947	948	949	950	963	999	1004	1006	-1	-1	-1	-1	-1
80	108	260	389	647	662	700	747	877	900	920	926	927	934	937	945	950	953	-1	-1	-1	-1	-1	-1
47	224	400	720	831	853	858	883	921	922	944	945	949	950	957	962	-1	-1	-1	-1	-1	-1	-1	-1
301	309	352	476	496	630	653	856	883	886	933	935	946	947	1006	-1	-1	-1	-1	-1	-1	-1	-1	-1
134	288	861	921	927	937	942	945	946	948	960	981	1006	-1	-1	-1	-1	-1	-1	-1	-1	-1	-1	-1
816	853	905	923	937	940	944	945	946	947	-1	-1	-1	-1	-1	-1	-1	-1	-1	-1	-1	-1	-1	-1
260	920	933	953	955	956	957	959	975	-1	-1	-1	-1	-1	-1	-1	-1	-1	-1	-1	-1	-1	-1	-1
27	132	426	468	731	823	865	880	928	930	946	949	952	957	958	959	1004	1012	-1	-1	-1	-1	-1	-1
138	461	896	925	928	934	956	957	959	975	1003	1011	-1	-1	-1	-1	-1	-1	-1	-1	-1	-1	-1	-1
423	835	843	919	940	944	952	953	957	991	993	-1	-1	-1	-1	-1	-1	-1	-1	-1	-1	-1	-1	-1
41	100	288	488	585	772	897	935	939	941	953	955	958	959	-1	-1	-1	-1	-1	-1	-1	-1	-1	-1
82	124	227	353	565	787	806	923	950	952	955	956	958	-1	-1	-1	-1	-1	-1	-1	-1	-1	-1	-1
90	91	118	443	500	844	912	922	928	931	935	952	955	956	971	1007	-1	-1	-1	-1	-1	-1	-1	-1
375	608	897	940	943	953	955	958	1009	-1	-1	-1	-1	-1	-1	-1	-1	-1	-1	-1	-1	-1	-1	-1
247	261	471	679	706	895	962	965	976	986	996	999	-1	-1	-1	-1	-1	-1	-1	-1	-1	-1	-1	-1
725	822	839	855	897	914	924	957	963	967	968	-1	-1	-1	-1	-1	-1	-1	-1	-1	-1	-1	-1	-1
89	329	525	627	836	862	875	879	897	914	963	965	966	971	979	999	-1	-1	-1	-1	-1	-1	-1	-1
56	850	873	874	902	936	964	965	968	972	976	997	1018	-1	-1	-1	-1	-1	-1	-1	-1	-1	-1	-1
190	839	960	965	984	-1	-1	-1	-1	-1	-1	-1	-1	-1	-1	-1	-1	-1	-1	-1	-1	-1	-1	-1
559	824	826	858	961	963	976	991	992	-1	-1	-1	-1	-1	-1	-1	-1	-1	-1	-1	-1	-1	-1	-1
107	223	255	859	888	925	960	962	976	991	993	-1	-1	-1	-1	-1	-1	-1	-1	-1	-1	-1	-1	-1
85	900	921	946	962	964	965	966	975	977	996	-1	-1	-1	-1	-1	-1	-1	-1	-1	-1	-1	-1	-1
105	214	235	321	450	496	722	753	775	845	859	879	904	952	965	966	967	969	971	973	974	977	983	-1
375	568	618	903	966	968	970	974	975	978	1013	-1	-1	-1	-1	-1	-1	-1	-1	-1	-1	-1	-1	-1
155	246	409	666	733	913	935	941	968	971	972	973	974	975	976	977	984	987	1000	1004	-1	-1	-1	-1
66	182	260	583	597	731	796	848	890	972	973	975	981	998	-1	-1	-1	-1	-1	-1	-1	-1	-1	-1
882	884	954	962	969	970	974	975	999	1018	-1	-1	-1	-1	-1	-1	-1	-1	-1	-1	-1	-1	-1	-1
93	111	334	349	659	880	882	893	897	965	968	971	975	980	-1	-1	-1	-1	-1	-1	-1	-1	-1	-1
43	536	804	848	854	936	968	969	970	971	972	975	981	985	993	-1	-1	-1	-1	-1	-1	-1	-1	-1
104	542	630	727	830	855	929	943	965	968	969	970	971	972	988	994	-1	-1	-1	-1	-1	-1	-1	-1
119	123	661	960	977	980	981	982	-1	-1	-1	-1	-1	-1	-1	-1	-1	-1	-1	-1	-1	-1	-1	-1
707	823	859	896	936	964	978	980	982	983	1006	-1	-1	-1	-1	-1	-1	-1	-1	-1	-1	-1	-1	-1
546	589	695	817	837	856	907	937	959	960	962	967	976	983	987	988	990	991	993	-1	-1	-1	-1	-1
95	97	242	828	869	947	954	980	982	983	989	997	-1	-1	-1	-1	-1	-1	-1	-1	-1	-1	-1	-1
300	457	849	915	920	965	979	981	982	987	1000	1010	-1	-1	-1	-1	-1	-1	-1	-1	-1	-1	-1	-1
29	129	439	609	621	792	856	881	894	962	976	977	982	983	992	-1	-1	-1	-1	-1	-1	-1	-1	-1
782	881	884	965	976	977	978	979	980	991	994	1002	-1	-1	-1	-1	-1	-1	-1	-1	-1	-1	-1	-1
202	239	671	678	830	838	888	932	960	961	964	970	977	981	982	987	993	-1	-1	-1	-1	-1	-1	-1
782	820	969	971	985	988	989	991	999	-1	-1	-1	-1	-1	-1	-1	-1	-1	-1	-1	-1	-1	-1	-1
834	945	964	976	978	986	987	989	-1	-1	-1	-1	-1	-1	-1	-1	-1	-1	-1	-1	-1	-1	-1	-1
922	954	957	969	981	988	990	991	1011	-1	-1	-1	-1	-1	-1	-1	-1	-1	-1	-1	-1	-1	-1	-1
166	576	595	701	739	825	896	922	962	966	967	973	984	985	986	990	1013	-1	-1	-1	-1	-1	-1	-1
77	774	890	949	968	970	971	972	985	989	-1	-1	-1	-1	-1	-1	-1	-1	-1	-1	-1	-1	-1	-1
36	160	591	830	855	890	962	978	984	985	986	987	988	991	996	998	999	-1	-1	-1	-1	-1	-1	-1
397	433	955	963	986	988	989	1015	-1	-1	-1	-1	-1	-1	-1	-1	-1	-1	-1	-1	-1	-1	-1	-1
22	43	776	835	884	894	941	962	963	965	967	968	973	984	986	988	989	990	993	-1	-1	-1	-1	-1
12	677	817	910	927	970	994	997	-1	-1	-1	-1	-1	-1	-1	-1	-1	-1	-1	-1	-1	-1	-1	-1
98	893	968	994	997	998	999	-1	-1	-1	-1	-1	-1	-1	-1	-1	-1	-1	-1	-1	-1	-1	-1	-1
201	427	847	963	964	980	987	988	992	993	996	-1	-1	-1	-1	-1	-1	-1	-1	-1	-1	-1	-1	-1
253	412	506	516	748	939	963	967	980	985	989	993	997	998	-1	-1	-1	-1	-1	-1	-1	-1	-1	-1
210	496	675	836	842	871	949	968	978	993	994	995	-1	-1	-1	-1	-1	-1	-1	-1	-1	-1	-1	-1
322	377	402	532	779	834	844	905	977	989	990	993	998	1014	-1	-1	-1	-1	-1	-1	-1	-1	-1	-1
455	594	861	982	992	993	994	996	997	-1	-1	-1	-1	-1	-1	-1	-1	-1	-1	-1	-1	-1	-1	-1
72	226	788	839	852	864	915	974	990	992	996	1014	-1	-1	-1	-1	-1	-1	-1	-1	-1	-1	-1	-1
112	252	437	841	894	950	1002	1003	1004	1006	1017	1018	-1	-1	-1	-1	-1	-1	-1	-1	-1	-1	-1	-1
10	26	412	736	893	1000	1002	1003	1004	-1	-1	-1	-1	-1	-1	-1	-1	-1	-1	-1	-1	-1	-1	-1
100	267	306	314	739	818	840	941	961	1003	1004	1005	-1	-1	-1	-1	-1	-1	-1	-1	-1	-1	-1	-1
39	309	327	424	466	512	788	897	961	1001	1002	1005	1007	-1	-1	-1	-1	-1	-1	-1	-1	-1	-1	-1
74	621	791	871	1002	1005	1006	1007	1019	-1	-1	-1	-1	-1	-1	-1	-1	-1	-1	-1	-1	-1	-1	-1
190	817	840	869	917	954	983	1000	1003	1006	-1	-1	-1	-1	-1	-1	-1	-1	-1	-1	-1	-1	-1	-1
826	859	863	892	956	1000	1002	1003	1005	1008	-1	-1	-1	-1	-1	-1	-1	-1	-1	-1	-1	-1	-1	-1
188	812	829	857	884	1000	1001	1003	1004	1005	1006	1012	-1	-1	-1	-1	-1	-1	-1	-1	-1	-1	-1	-1
159	362	838	887	939	949	978	1001	1009	1010	1014	1015	-1	-1	-1	-1	-1	-1	-1	-1	-1	-1	-1	-1
40	77	128	138	226	700	777	863	867	870	894	1010	1013	1014	1015	-1	-1	-1	-1	-1	-1	-1	-1	-1
429	557	705	854	1008	1012	1013	1014	1015	-1	-1	-1	-1	-1	-1	-1	-1	-1	-1	-1	-1	-1	-1	-1
23	362	763	796	853	864	892	910	1008	1009	1010	1013	1021	-1	-1	-1	-1	-1	-1	-1	-1	-1	-1	-1
273	339	435	827	887	905	909	934	953	988	1008	1011	1013	1014	-1	-1	-1	-1	-1	-1	-1	-1	-1	-1
363	693	1008	1010	1012	-1	-1	-1	-1	-1	-1	-1	-1	-1	-1	-1	-1	-1	-1	-1	-1	-1	-1	-1
87	106	158	265	335	694	836	848	869	910	1008	1010	1011	1012	-1	-1	-1	-1	-1	-1	-1	-1	-1	-1
597	672	821	827	853	877	967	970	982	1009	1013	1014	-1	-1	-1	-1	-1	-1	-1	-1	-1	-1	-1	-1
300	719	853	948	954	1017	1019	1020	1021	1023	-1	-1	-1	-1	-1	-1	-1	-1	-1	-1	-1	-1	-1	-1
249	310	365	380	843	844	908	911	919	953	999	1003	1013	1019	1023	-1	-1	-1	-1	-1	-1	-1	-1	-1
47	212	386	632	679	883	915	942	947	969	1017	1019	1020	1023	-1	-1	-1	-1	-1	-1	-1	-1	-1	-1
842	853	898	914	1016	1018	1020	1022	-1	-1	-1	-1	-1	-1	-1	-1	-1	-1	-1	-1	-1	-1	-1	-1
132	185	456	650	683	795	850	989	1016	1018	1019	-1	-1	-1	-1	-1	-1	-1	-1	-1	-1	-1	-1	-1
60	103	132	149	311	810	1022	-1	-1	-1	-1	-1	-1	-1	-1	-1	-1	-1	-1	-1	-1	-1	-1	-1
80	86	161	293	658	1016	1017	1018	1020	1023	-1	-1	-1	-1	-1	-1	-1	-1	-1	-1	-1	-1	-1	-1
52	670	1016	1019	1020	1021	1022	-1	-1	-1	-1	-1	-1	-1	-1	-1	-1	-1	-1	-1	-1	-1	-1	-1
#0.07480425475382015