rs_generated = 50
1e-05
	6.919642857142857e-05	0.0	0.0	0.0	0.0	8.035714285714287e-05	8.92857142857143e-05	0.000125	3.571428571428572e-05	7.142857142857143e-05	7.589285714285715e-05	3.571428571428572e-05	0.00014285714285714287	7.142857142857143e-05	5.3571428571428575e-05	5.3571428571428575e-05	3.571428571428572e-05	3.571428571428572e-05	7.142857142857143e-05	7.142857142857143e-05	6.696428571428572e-05	0.00010714285714285714	7.142857142857143e-05	3.571428571428572e-05	5.3571428571428575e-05	
	0.00025731679694949354	0.0	0.0	0.0	0.0	0.0002793658544136074	0.00027374481637064104	0.00046940855100338977	0.00015567496226930982	0.0002422260708259024	0.0002726871081084903	0.00015567496226930982	0.0004711037842240328	0.00031134992453861964	0.00017034628596731175	0.00021391336697698107	0.00015567496226930982	0.00015567496226930982	0.0002422260708259024	0.00031134992453861964	0.00027210178495840667	0.0003928571428571429	0.00031134992453861964	0.00015567496226930982	0.00023351244340396465	
1.3894954943731388e-05
	3.236607142857143e-05	0.0	0.0	0.0	0.0	3.125e-05	5.3571428571428575e-05	1.785714285714286e-05	1.785714285714286e-05	3.571428571428572e-05	5.3571428571428575e-05	7.142857142857143e-05	3.571428571428572e-05	8.92857142857143e-05	1.785714285714286e-05	1.785714285714286e-05	0.0	1.785714285714286e-05	1.785714285714286e-05	3.571428571428572e-05	2.678571428571429e-05	1.785714285714286e-05	0.0	3.571428571428572e-05	5.3571428571428575e-05	
	7.779746391894398e-05	0.0	0.0	0.0	0.0	8.122055981544758e-05	0.00017034628596731175	7.78374811346549e-05	7.78374811346549e-05	0.00010714285714285712	0.00013061373962792674	0.00018210783977117088	0.00010714285714285714	0.0002493614293530168	7.78374811346549e-05	4.552695994279272e-05	0.0	7.78374811346549e-05	7.783748113465491e-05	0.00010714285714285714	8.035714285714287e-05	7.78374811346549e-05	0.0	0.0001556749622693098	0.00017034628596731175	
1.9306977288832496e-05
	0.00020312500000000007	0.0	0.0	0.0	0.0	0.00014732142857142857	0.00010714285714285715	0.00014285714285714287	0.0001785714285714286	0.00016071428571428573	0.00023214285714285714	0.0002142857142857143	0.00028571428571428574	0.00019642857142857146	0.00023214285714285717	0.0002589285714285714	0.00030357142857142855	0.00021428571428571427	0.0003035714285714286	0.0002142857142857143	0.00017410714285714287	0.000125	0.0001785714285714286	0.00016071428571428573	0.00023214285714285714	
	0.00039414232762546646	0.0	0.0	0.0	0.0	0.00031093357409581873	0.0002550510153051018	0.0002857142857142857	0.0004587583063808974	0.0003476414702487819	0.00044410107555163886	0.0004974424384708614	0.0005601566836199329	0.0004296860505541416	0.00037922786752848746	0.00050103528023565	0.0007255803447825016	0.0004573660169594892	0.0006802141769550325	0.00036421567954234187	0.00033819726725926196	0.0003248822392617902	0.0003480997980288916	0.00028738351677555507	0.0005085368166392193	
2.6826957952797274e-05
	0.0002700892857142857	0.0	0.0	0.0	0.0	0.0002946428571428572	0.0003571428571428572	0.0002321428571428572	0.0003035714285714286	0.00028571428571428574	0.00029017857142857144	0.00026785714285714287	0.0003035714285714286	0.00033928571428571433	0.00025	0.00026339285714285717	0.00025000000000000006	0.00028571428571428574	0.00016071428571428573	0.0003571428571428572	0.0002321428571428571	0.00025	0.00025000000000000006	0.00023214285714285714	0.00019642857142857146	
	0.0005706563909375389	0.0	0.0	0.0	0.0	0.0006326697763591743	0.0007405871911902756	0.0006315978279938356	0.0006514798695340965	0.0005714285714285716	0.0006306346768639237	0.0006764534616027076	0.0005898265916040624	0.0008023800692378919	0.0005187799659404983	0.0005500137695400668	0.0006398740309703186	0.0006448382173309926	0.0003476414702487819	0.0006585388898066347	0.00048773215299098793	0.0004804865731097753	0.0006398740309703186	0.0005677897534137376	0.00038257652295765264	
3.727593720314938e-05
	0.00030022321428571435	0.0	0.0	0.0	0.0	0.00032142857142857147	0.00039285714285714293	0.0003571428571428572	0.00025	0.00028571428571428574	0.00028125000000000003	0.00028571428571428574	0.0002321428571428572	0.00025	0.0003571428571428572	0.00029910714285714295	0.00025	0.0003571428571428572	0.00026785714285714287	0.00032142857142857147	0.0002991071428571429	0.00025	0.00041071428571428574	0.00025	0.00028571428571428574	
	0.000601912335330347	0.0	0.0	0.0	0.0	0.0006045111028503844	0.0006952829404975637	0.000860113898485164	0.0004935812486101877	0.0005714285714285715	0.000569104509384736	0.0006448382173309924	0.0005085368166392194	0.0005187799659404982	0.0006961995960577831	0.0007183339523451729	0.0005658206970626736	0.0009105391988558544	0.0008517314298365586	0.0006378775392675626	0.0005577856582606123	0.0006497644785235805	0.0008087137053017323	0.0005879313440412264	0.00044607128559988557	
5.1794746792312125e-05
	0.00021874999999999998	0.0	0.0	0.0	0.0	0.0002678571428571428	0.00028571428571428574	0.00019642857142857146	0.00025000000000000006	0.0003392857142857144	0.0002723214285714285	0.00025000000000000006	0.00021428571428571433	0.00032142857142857147	0.0003035714285714286	0.00018303571428571427	0.00019642857142857144	0.000125	8.92857142857143e-05	0.0003214285714285715	0.0001517857142857143	0.0002321428571428572	7.142857142857143e-05	0.00021428571428571433	8.92857142857143e-05	
	0.00022193831735233032	0.0	0.0	0.0	0.0	0.00034580208448280506	0.0004601463830973259	0.0003476414702487819	0.00040876868365212845	0.0004442805465937402	0.00029541970101010185	0.0003214285714285714	0.00030722590239437954	0.000421065218662557	0.00042670725519101856	0.00019454248722768688	0.0003287848685628923	0.00023351244340396465	0.0001914965231207787	0.0003369278975734503	0.00015490492475801315	0.00030462003766485677	0.0001428571428571429	0.00026244532958391196	0.0001914965231207787	
7.196856730011514e-05
	0.0005412946428571431	0.0	0.0	0.0	0.0	0.0005312500000000001	0.0004107142857142858	0.0005714285714285715	0.0005178571428571429	0.0006250000000000001	0.0005	0.0004821428571428572	0.0005	0.0005000000000000001	0.000517857142857143	0.0005848214285714287	0.0006964285714285716	0.000625	0.0005892857142857143	0.00042857142857142866	0.000549107142857143	0.00046428571428571433	0.00044642857142857147	0.0005714285714285715	0.0007142857142857144	
	0.0006307877345474349	0.0	0.0	0.0	0.0	0.0005952585561959527	0.0006214183086180468	0.0007775550377527586	0.0005587317088272148	0.0008212344491119227	0.0006130229962061384	0.0006315978279938355	0.0007525466966323384	0.0006428571428571428	0.0006726717214941916	0.0008117024146502091	0.0012240937922581333	0.0008212344491119227	0.0008472268688768898	0.0005933302759227197	0.000591092333467178	0.0007913757073628691	0.00043558253277323103	0.0008704326862109958	0.0006776309271789385	
0.0001
	0.0006439732142857144	0.0	0.0	0.0	0.0	0.0006250000000000001	0.0005714285714285716	0.000625	0.0005535714285714286	0.0007500000000000001	0.0006116071428571428	0.0006071428571428573	0.0007500000000000001	0.0006785714285714286	0.0004107142857142858	0.0006785714285714288	0.0006964285714285716	0.0005714285714285716	0.0006785714285714287	0.0007678571428571428	0.0006607142857142859	0.0005892857142857143	0.0007321428571428571	0.0006428571428571429	0.0006785714285714287	
	0.0005383711553165842	0.0	0.0	0.0	0.0	0.0006055651770647562	0.0005691920518039011	0.000739509972887452	0.0006336141071146491	0.0009098385144897855	0.000502127965385766	0.0007062042833316138	0.0006575697371257847	0.0007043958186898579	0.000482803779806992	0.0005958776326236995	0.0007273361376577253	0.0005578749768504754	0.0007977967108460241	0.0007077828993788004	0.0006271646188869984	0.0005448623679425843	0.0007095827316537691	0.0008033729913715709	0.0006766891186248721	
0.00013894954943731373
	0.0010245535714285719	0.0	0.0	0.0	0.0	0.0009821428571428572	0.0010357142857142856	0.0009642857142857143	0.0009464285714285714	0.0009821428571428572	0.0010848214285714287	0.0010535714285714289	0.0012142857142857142	0.0010714285714285713	0.001	0.0010401785714285715	0.0011785714285714286	0.0010892857142857143	0.0007500000000000002	0.001142857142857143	0.0009910714285714286	0.0010535714285714287	0.0009642857142857144	0.0009821428571428572	0.0009642857142857144	
	0.0005249048975451047	0.0	0.0	0.0	0.0	0.0005431037973480555	0.0006477984695434663	0.0007062042833316139	0.0006416158651150601	0.0007395099728874521	0.0005648865189900842	0.0005587317088272148	0.000708908330045686	0.0006776309271789385	0.0006832545167753211	0.0006574939619106625	0.0010170736332784389	0.0006534348022689995	0.0005038119992737815	0.0008645513169221573	0.0005524903037287494	0.0008709820284469429	0.0006497644785235805	0.0006172995006229859	0.0006691069283998284	
0.00019306977288832496
	0.000957589285714286	0.0	0.0	0.0	0.0	0.0009598214285714287	0.0010892857142857143	0.001	0.0009821428571428568	0.0007678571428571426	0.0010044642857142858	0.0009107142857142856	0.00125	0.0010178571428571428	0.0008392857142857144	0.0009330357142857143	0.0009642857142857143	0.0008035714285714284	0.0010535714285714287	0.0009107142857142856	0.0009330357142857145	0.0009285714285714287	0.0009821428571428572	0.0009999999999999996	0.0008214285714285716	
	0.0005862467296262293	0.0	0.0	0.0	0.0	0.0005867606887542374	0.0008023800692378918	0.0006144518047887592	0.0007975968369331176	0.0007167368657281957	0.0006566446820925366	0.000691373595807355	0.0007187361356249326	0.0008912485509619845	0.0007927847457293968	0.000594588559297048	0.0007668182340565674	0.0009304582478652163	0.0006820867590994386	0.0005811121462597492	0.0007055690233305839	0.0007525466966323384	0.0008591865516942434	0.001132767966225265	0.0005658206970626736	
0.00026826957952797245
	0.0020223214285714293	0.0	0.0	0.0	0.0	0.0019151785714285718	0.0020892857142857145	0.001875	0.0018750000000000001	0.0018214285714285715	0.0020267857142857153	0.0023035714285714287	0.002017857142857143	0.0019821428571428572	0.0018035714285714285	0.0020401785714285717	0.0022321428571428575	0.0019107142857142856	0.0020714285714285713	0.0019464285714285714	0.0021071428571428578	0.0020357142857142857	0.002321428571428572	0.002267857142857143	0.0018035714285714287	
	0.0008309869443367704	0.0	0.0	0.0	0.0	0.0008439625582600802	0.001067104369166333	0.0010404755094255156	0.001178436139421173	0.0009237512254555402	0.0008314125397325268	0.0009614707589979861	0.001067104369166333	0.0010068325256436036	0.0010194223554422916	0.0009058320640804937	0.0010526630466563926	0.0009601432184835762	0.001240268239584667	0.0011432755930363657	0.0009839269509968516	0.001112888317920206	0.0010503886549894817	0.0012282547349298316	0.0011432755930363655	
0.0003727593720314938
	0.002621651785714286	0.0	0.0	0.0	0.0	0.002629464285714287	0.002482142857142857	0.002875	0.0028035714285714283	0.002357142857142857	0.002504464285714287	0.002767857142857143	0.002428571428571429	0.0023749999999999995	0.0024464285714285716	0.0027812500000000016	0.0026249999999999997	0.0025535714285714285	0.003178571428571429	0.0027678571428571427	0.0025714285714285726	0.0025535714285714285	0.002357142857142857	0.0027321428571428566	0.002642857142857143	
	0.001102449798238957	0.0	0.0	0.0	0.0	0.001205348875633026	0.0014960620076093923	0.001371516924237316	0.0014431179043010607	0.0012596565777534573	0.0010849132824134588	0.0014633054209911343	0.0012857142857142859	0.0010848857270774313	0.001067104369166333	0.001266244887875735	0.00169887042304165	0.0011587896130648304	0.0014936088333090346	0.0015062582034665252	0.0011512664942646118	0.0014650477111406192	0.0014524785291187682	0.0013086983328982323	0.0010618620533798934	
0.0005179474679231213
	0.003483258928571429	0.0	0.0	0.0	0.0	0.0035044642857142883	0.004196428571428572	0.0033035714285714283	0.003196428571428571	0.003321428571428572	0.0035089285714285747	0.0034999999999999996	0.0032678571428571435	0.0038214285714285715	0.0034464285714285708	0.0035625000000000023	0.0036250000000000006	0.0033928571428571428	0.0039107142857142865	0.003321428571428572	0.0033571428571428598	0.0034821428571428577	0.0035357142857142853	0.0036071428571428574	0.0028035714285714283	
	0.0012912415873777656	0.0	0.0	0.0	0.0	0.0014998604845832468	0.0017600839207728889	0.0018587733227336041	0.0016655076752529635	0.001379052469736273	0.0013324528076798378	0.0016154546968426633	0.0011138907266964784	0.0018867827059817557	0.0014563154163287342	0.001301827355790974	0.0017651494415545693	0.001483325689806799	0.0015256104499176582	0.0015693980387657023	0.0013181063450020635	0.00115105874067738	0.0016556181409284657	0.0016245093450777371	0.00145192957466811	
0.0007196856730011514
	0.004565848214285714	0.0	0.0	0.0	0.0	0.004691964285714291	0.004660714285714285	0.004642857142857144	0.0048571428571428585	0.004607142857142857	0.004343750000000004	0.004107142857142857	0.004160714285714286	0.004732142857142858	0.0043749999999999995	0.004638392857142863	0.004589285714285715	0.004892857142857143	0.0050178571428571425	0.004053571428571429	0.0045892857142857185	0.004946428571428571	0.004357142857142858	0.004714285714285715	0.004339285714285715	
	0.0011225809051609685	0.0	0.0	0.0	0.0	0.0012315199641881093	0.001646250377713685	0.001441902088441882	0.001590789817951435	0.001752913027401147	0.001274715792153416	0.0012702442316984814	0.001537270805880423	0.0017308537176309081	0.0015806345599932007	0.0013277704358650062	0.0014431179043010607	0.0016678992041193744	0.0015668561725015234	0.0012989153638513096	0.0011883388551645875	0.001512174235452829	0.0014087916373797156	0.0014965947742683545	0.0013982268289895324	
0.001
	0.0067421875	0.0	0.0	0.0	0.0	0.006866071428571437	0.00692857142857143	0.006839285714285715	0.006982142857142859	0.006714285714285713	0.006316964285714293	0.006517857142857143	0.0068392857142857135	0.006339285714285714	0.005571428571428572	0.006901785714285721	0.0065535714285714294	0.006392857142857145	0.007446428571428571	0.007214285714285716	0.00688392857142858	0.006821428571428572	0.007250000000000001	0.006500000000000002	0.006964285714285716	
	0.0011055863509687256	0.0	0.0	0.0	0.0	0.001440214827725365	0.001710561430689722	0.002052484184233979	0.002053105537213999	0.0015592057109245054	0.0010358201146671092	0.0016439243428144623	0.001695112271280254	0.0010404755094255156	0.0016804700508597993	0.0012883467593970898	0.0014909377613311922	0.0017012150519735087	0.0016570620362064718	0.001619397721250663	0.0012319810970422352	0.0017674061473798046	0.0015775044875255568	0.0017113069358158494	0.0017550946250436607	
0.0013894954943731374
	0.009061383928571441	0.0	0.0	0.0	0.0	0.00900446428571429	0.008696428571428574	0.008642857142857148	0.009303571428571432	0.009375000000000003	0.008892857142857145	0.009160714285714288	0.008535714285714289	0.009571428571428576	0.008303571428571433	0.009178571428571432	0.008803571428571431	0.009303571428571432	0.009196428571428576	0.009410714285714291	0.009169642857142862	0.009071428571428576	0.009142857142857149	0.00928571428571429	0.009178571428571434	
	0.0017668996973279952	0.0	0.0	0.0	0.0	0.0017401038978334259	0.0019668003384758154	0.002529418744232257	0.0021531745666075776	0.002151396674967506	0.0020652617564001314	0.002187846182520006	0.002390190411678879	0.0029614874916611303	0.0021632216856403096	0.002061050046922281	0.0023965190530076306	0.0022713696083991263	0.0021837613824569344	0.0026468960450817497	0.001791975629902161	0.0019279099394665434	0.002194031793343957	0.002100777309978967	0.0021727087391793082	
0.0019306977288832496
	0.010939732142857166	0.0	0.0	0.0	0.0	0.01096428571428571	0.011250000000000008	0.01107142857142858	0.011482142857142866	0.010053571428571434	0.01075892857142857	0.01091071428571429	0.010892857142857152	0.011214285714285722	0.010017857142857148	0.011124999999999996	0.010875000000000006	0.01121428571428572	0.01116071428571429	0.011250000000000005	0.010910714285714284	0.01107142857142858	0.011053571428571435	0.011303571428571439	0.01021428571428572	
	0.001787511651257171	0.0	0.0	0.0	0.0	0.0019372325358508616	0.002963425004129862	0.0024406213661814172	0.002049374593501591	0.002213925661971221	0.002006744844879127	0.002217379750783273	0.0024884939302349824	0.0029242127843512513	0.002243115885894226	0.0021365980015922814	0.002214501717575057	0.0022598988599366295	0.0028004987711739795	0.002716399552829494	0.0017499999999999942	0.0023636274439677615	0.0023540970581485583	0.0024621496953778016	0.00191796022601394	
0.0026826957952797246
	0.01548772321428575	0.0	0.0	0.0	0.0	0.015580357142857132	0.015392857142857156	0.015517857142857158	0.01594642857142859	0.015464285714285729	0.015709821428571417	0.015517857142857158	0.01623214285714288	0.016250000000000018	0.014839285714285732	0.015450892857142845	0.0149107142857143	0.015928571428571445	0.015178571428571442	0.0157857142857143	0.015209821428571416	0.015339285714285729	0.015339285714285729	0.015107142857142871	0.015053571428571444	
	0.002627956256791871	0.0	0.0	0.0	0.0	0.002698955178605687	0.0034309887311778555	0.003439482267043424	0.003054093522618126	0.0028032870647414923	0.0030888824829738157	0.003521933823504199	0.0038390365367644394	0.003252746092589641	0.003213243878775751	0.0025458917674523484	0.0024688751259946545	0.0035649942038479447	0.0029827309086589474	0.002662092164797751	0.0028517352565086253	0.002774416191576467	0.0035001366591396266	0.0032144841208606627	0.003962958271961262	
0.003727593720314938
	0.019390625000000012	0.0	0.0	0.0	0.0	0.019446428571428566	0.01998214285714288	0.019107142857142878	0.01983928571428574	0.018857142857142885	0.01921428571428571	0.019500000000000024	0.01896428571428574	0.020142857142857167	0.01825000000000002	0.019571428571428573	0.019321428571428597	0.019000000000000027	0.020071428571428598	0.01989285714285717	0.01933035714285714	0.01891071428571431	0.020267857142857167	0.018714285714285735	0.019428571428571458	
	0.0022837897781881225	0.0	0.0	0.0	0.0	0.002948267824208884	0.003614869729778013	0.003496536186874447	0.0035687043181250166	0.003311236281856938	0.0021822276111668117	0.0031630842607835103	0.002585033454171087	0.002725540575476993	0.0027313841149998476	0.002850941931705952	0.0032279471583566708	0.003709131038562071	0.0035689276958155427	0.0029409581251486037	0.0024721826110230887	0.002539170180212752	0.002714931784011666	0.003669023670389387	0.002982517085159001	
0.005179474679231208
	0.024777901785714256	0.0	0.0	0.0	0.0	0.024638392857142873	0.025107142857142894	0.025035714285714324	0.024357142857142897	0.02405357142857146	0.024285714285714306	0.023946428571428608	0.02591071428571432	0.024875000000000036	0.022410714285714315	0.025254464285714307	0.025357142857142898	0.025732142857142894	0.024875000000000033	0.02505357142857146	0.024933035714285737	0.02491071428571432	0.025142857142857175	0.02521428571428575	0.024464285714285744	
	0.0025554718963670337	0.0	0.0	0.0	0.0	0.002676706940373361	0.004015435778317963	0.0030906788766171395	0.0033419107329398876	0.0034979494722199925	0.0032882123655908514	0.0036342247159076905	0.00401761904056396	0.0044295433841240114	0.00339731849539953	0.0025828545440390815	0.0035589066195294674	0.0033663911367686206	0.0034055682944500324	0.003186937225229117	0.0027990573019030557	0.0035658438478064105	0.003539860483818252	0.0032973396821668046	0.0032605793275153495	
0.007196856730011514
	0.031051339285714217	0.0	0.0	0.0	0.0	0.031058035714285764	0.03175000000000004	0.03160714285714289	0.03125000000000004	0.029625000000000037	0.030174107142857183	0.030142857142857186	0.030071428571428617	0.031625000000000035	0.02885714285714289	0.03179017857142862	0.03164285714285718	0.03219642857142861	0.03171428571428575	0.031607142857142896	0.031183035714285764	0.03141071428571431	0.03169642857142861	0.0308571428571429	0.030767857142857187	
	0.002396118804162401	0.0	0.0	0.0	0.0	0.002395333706407332	0.0028569196341371467	0.0033033301070159956	0.003507462889093383	0.0035453961955856845	0.0030299939539493287	0.003439343197858139	0.0031188204206601088	0.004053964738628186	0.0040478641382379185	0.0022343694252107017	0.002873613241413057	0.0035790543586317236	0.003359042016007849	0.002913506548501859	0.0030115735248642693	0.0031144720619215283	0.004335830487969758	0.003665545592377195	0.0038220543546365	
0.01
	0.03776227678571417	0.0	0.0	0.0	0.0	0.0377857142857144	0.038625	0.03707142857142858	0.038017857142857166	0.037428571428571436	0.03690178571428581	0.037142857142857165	0.037410714285714304	0.038000000000000006	0.03505357142857145	0.03843750000000011	0.03742857142857144	0.038321428571428576	0.038696428571428576	0.039303571428571424	0.03792410714285726	0.038571428571428576	0.03764285714285716	0.037625000000000006	0.03785714285714286	
	0.0021457021083707453	0.0	0.0	0.0	0.0	0.0032634630879681817	0.003602144698449975	0.00478971048505147	0.004610429337216781	0.0032214206525084613	0.0022015945346266753	0.0035156356292356124	0.002879100890690599	0.0023941893945848983	0.003670544293175488	0.002662975429431384	0.003534812294759589	0.00275046378278429	0.004028398869151292	0.00405553759741929	0.0017798732595758408	0.0037931194421004784	0.003418885126792643	0.003238549294145777	0.0026726124191242266	
0.013894954943731374
	0.045635044642857	0.0	0.0	0.0	0.0	0.04516964285714303	0.04635714285714282	0.04496428571428568	0.04508928571428567	0.044267857142857116	0.044959821428571606	0.04548214285714282	0.044357142857142824	0.046071428571428534	0.0439285714285714	0.04584375000000018	0.04544642857142854	0.04549999999999997	0.046928571428571396	0.04549999999999996	0.046566964285714475	0.04791071428571423	0.04566071428571425	0.045714285714285666	0.04698214285714282	
	0.0017782415490075335	0.0	0.0	0.0	0.0	0.0020151490994110626	0.002711935072367072	0.003668154460059852	0.0031519248249348686	0.0027628987845879317	0.002112031820780612	0.003508871773440693	0.0027747035142221335	0.0033635956222774397	0.0037728893274983364	0.002274679523009354	0.0032338196124264843	0.002932923595378242	0.004208228091901532	0.0033662490479851813	0.0023505174405905878	0.00337358246875177	0.003689607232567183	0.0031461022207921628	0.0036847642047894776	
0.019306977288832496
	0.05371651785714276	0.0	0.0	0.0	0.0	0.05331250000000025	0.05337499999999993	0.05401785714285708	0.05401785714285706	0.051839285714285636	0.05313392857142883	0.05341071428571421	0.05348214285714278	0.05471428571428563	0.05092857142857135	0.05451785714285741	0.05458928571428562	0.05514285714285706	0.05571428571428562	0.052624999999999915	0.05390178571428597	0.05457142857142849	0.05339285714285707	0.05401785714285705	0.053624999999999916	
	0.0018448967918322026	0.0	0.0	0.0	0.0	0.0024682130971326664	0.0038006360235720215	0.004101510112639188	0.003355765294874713	0.003619806272299591	0.0024926390356898916	0.0028064134821250025	0.005079564650717229	0.003979539507766873	0.002954588268563758	0.0020584956489472467	0.0025908862048593636	0.003048084041907393	0.002877162008731819	0.003977415515592173	0.0024047711132544353	0.003825931925954855	0.0035919055825961773	0.0033690423607564382	0.0031608151719169386	
0.026826957952797246
	0.06313504464285705	0.0	0.0	0.0	0.0	0.06299107142857173	0.06401785714285704	0.06342857142857132	0.0629642857142856	0.061553571428571326	0.06289285714285744	0.06291071428571418	0.06194642857142846	0.06451785714285706	0.06219642857142844	0.0631919642857146	0.062339285714285625	0.06319642857142846	0.06348214285714274	0.06374999999999992	0.06346428571428601	0.06339285714285704	0.06348214285714274	0.06391071428571418	0.06307142857142846	
	0.0015851432488892994	0.0	0.0	0.0	0.0	0.002785585505265046	0.0031234690127276	0.0038966233419959646	0.00416664965982924	0.004811862202634527	0.0020380625553676605	0.0025686368774436095	0.003793917997994975	0.003186937225229126	0.0034668160861964217	0.0021102192660397106	0.0048425134201662105	0.0036813009983993955	0.00341417177036409	0.003254706168749809	0.002000199288540365	0.0034116023525969474	0.003223943823255965	0.0030103456815537047	0.00435860631160832	
0.03727593720314938
	0.07249330357142846	0.0	0.0	0.0	0.0	0.07203571428571441	0.07344642857142855	0.07162499999999995	0.07308928571428568	0.0699821428571428	0.0714598214285716	0.07194642857142852	0.07089285714285709	0.0733928571428571	0.06960714285714278	0.07302232142857155	0.07241071428571426	0.07139285714285709	0.07476785714285711	0.07351785714285712	0.07345535714285727	0.07376785714285711	0.07469642857142854	0.0729285714285714	0.07242857142857137	
	0.0014385827360927793	0.0	0.0	0.0	0.0	0.002220074518422018	0.003194931812373225	0.0038423575750695235	0.003499772222908958	0.0037397393639402466	0.002225575159265729	0.0026974926944729246	0.002423576796760521	0.0037037970037379518	0.0040593492491446115	0.002332267792267152	0.003818047569753182	0.003872818675047436	0.004618445438164924	0.0024177147035486274	0.0020619201411226423	0.003790554520308195	0.0034502199722833715	0.00261861468283193	0.0033342685762811175	
0.05179474679231207
	0.08308482142857124	0.0	0.0	0.0	0.0	0.08324999999999996	0.08298214285714288	0.08308928571428574	0.08467857142857149	0.08225000000000002	0.08224999999999998	0.08233928571428575	0.08276785714285716	0.08408928571428574	0.07980357142857145	0.08335714285714282	0.08300000000000005	0.08321428571428574	0.08483928571428577	0.08237500000000005	0.08348214285714285	0.08283928571428575	0.08375000000000002	0.08433928571428576	0.08300000000000005	
	0.001319470224789895	0.0	0.0	0.0	0.0	0.0019330717993992178	0.0035647705796747267	0.004022061292523598	0.0026484015202089366	0.0029126308326574853	0.0017726306405326181	0.0034227536205428157	0.0030823621838864464	0.002882642902275765	0.0029569077718841034	0.002373791314349583	0.004232406562007332	0.0037728893274983975	0.0028804296554507556	0.003598601981949375	0.0017915084568654658	0.003364496126268174	0.0036325133256775014	0.002928299203375561	0.0023835105304948105	
0.07196856730011514
	0.09421874999999981	0.0	0.0	0.0	0.0	0.09443749999999984	0.09483928571428582	0.09407142857142867	0.09458928571428585	0.09425000000000011	0.09353571428571415	0.09385714285714297	0.09398214285714297	0.09508928571428585	0.0912142857142858	0.09428124999999987	0.09339285714285726	0.094107142857143	0.09567857142857152	0.09394642857142868	0.0946205357142856	0.0942857142857144	0.0963928571428573	0.0940714285714287	0.09373214285714296	
	0.001075953058481688	0.0	0.0	0.0	0.0	0.0018090219973053503	0.0027973087467224505	0.004560254199860714	0.004086555545259344	0.0046413459078951365	0.0022388114672107226	0.0037857142857143085	0.003476001911063121	0.0027406496883560015	0.00343563260966182	0.0017249655701236982	0.0034983596739276757	0.003751700294805139	0.002419362793491427	0.003842357575069512	0.0016421958587575338	0.002595128874940714	0.004193806171496468	0.0033719279291206375	0.003543596912973139	
0.1
	0.10663727678571411	0.0	0.0	0.0	0.0	0.10676339285714262	0.10730357142857165	0.10737500000000015	0.10766071428571447	0.1047142857142859	0.10595982142857123	0.10687500000000019	0.10689285714285733	0.10741071428571448	0.10266071428571447	0.10736607142857124	0.10739285714285736	0.10748214285714304	0.10787500000000017	0.1067142857142859	0.10645982142857124	0.10801785714285733	0.10605357142857162	0.10626785714285732	0.10550000000000016	
	0.0010691539051713784	0.0	0.0	0.0	0.0	0.0019246974566785573	0.0035669167929969145	0.004136193840935919	0.0025391701802127695	0.0021624107861743704	0.0017749395918867205	0.003307912206100009	0.0037099906485387676	0.0019848758507416122	0.0035309762626428193	0.0019651986514843613	0.0038234307171674795	0.003012463481021784	0.003751657796826631	0.002869615632371541	0.0017689559626242917	0.0031409795527861054	0.003726071616847639	0.0038819884316769536	0.003146912967415826	
0.1389495494373136
	0.11885044642857115	0.0	0.0	0.0	0.0	0.11762946428571408	0.11803571428571455	0.11751785714285741	0.11869642857142884	0.11626785714285735	0.11837053571428548	0.11873214285714308	0.1192678571428574	0.11912500000000024	0.1163571428571431	0.11944196428571406	0.11946428571428597	0.1196250000000002	0.11975000000000023	0.11892857142857167	0.11995982142857116	0.120714285714286	0.11930357142857166	0.1201428571428574	0.11967857142857166	
	0.0006576114097723212	0.0	0.0	0.0	0.0	0.0015612175859774451	0.002613495196639405	0.003050332450934593	0.002921758189578219	0.002462667688271636	0.001227435040780855	0.0032092718832171696	0.002704576148467106	0.0029719672416960276	0.0033571428571428676	0.0011440684847088929	0.002618371124752711	0.002274175674832548	0.0027712536763666385	0.003172345427314635	0.0014093220412919837	0.0025975852208526126	0.003089801773577079	0.0029974478940510635	0.003309887784027907	
0.19306977288832497
	0.13177232142857118	0.0	0.0	0.0	0.0	0.13148660714285684	0.13208928571428605	0.13176785714285744	0.1313214285714289	0.1307678571428575	0.13132589285714255	0.13187500000000035	0.13141071428571463	0.13176785714285746	0.13025000000000034	0.13201339285714253	0.1319464285714289	0.13164285714285745	0.13275000000000037	0.13171428571428603	0.13226339285714248	0.1321964285714289	0.13271428571428603	0.13214285714285748	0.13200000000000034	
	0.0007345547706583644	0.0	0.0	0.0	0.0	0.0014874247001177468	0.0031507105612570154	0.002460076633118666	0.001856112351455202	0.0027439055845897968	0.0016673434797115697	0.002885738596078675	0.0029068774010078224	0.00259629592901516	0.0035248751606205167	0.0010955160668863282	0.0024261411159052343	0.002108050651910561	0.002505351415327957	0.0026283384989963486	0.0015052721442703446	0.0032048970023884514	0.0024233136362410814	0.002145831269399991	0.0020652617564001522	
0.2682695795279722
	0.14333928571428553	0.0	0.0	0.0	0.0	0.14316964285714245	0.14362500000000045	0.1435892857142862	0.14335714285714332	0.14210714285714332	0.14318749999999966	0.14337500000000047	0.1437321428571433	0.14389285714285763	0.14175000000000046	0.14387053571428537	0.14339285714285757	0.14383928571428617	0.14432142857142904	0.14392857142857188	0.1431294642857139	0.14362500000000042	0.1434285714285719	0.14271428571428613	0.14275000000000046	
	0.0006452167138106	0.0	0.0	0.0	0.0	0.000991634331777145	0.0027252480695922716	0.0024023664990834525	0.002182373731064608	0.0022214745057262974	0.0015745960366301747	0.0021022188229563397	0.002695127406022593	0.0023416699953979566	0.0027149905099995994	0.0012504065027797485	0.0020840134944136155	0.0026411070460266215	0.0028277506024025675	0.0021841264073458218	0.0012379762920770917	0.002367065155203738	0.002071428571428607	0.0022683492154572382	0.002334031722499234	
0.3727593720314938
	0.1555323660714284	0.0	0.0	0.0	0.0	0.15580803571428545	0.15587500000000057	0.15596428571428628	0.15610714285714344	0.15528571428571483	0.15520535714285683	0.15530357142857207	0.15455357142857198	0.15642857142857206	0.15453571428571483	0.15565178571428542	0.15530357142857198	0.15582142857142917	0.15562500000000062	0.15585714285714347	0.15546428571428536	0.1560357142857149	0.15517857142857197	0.15546428571428625	0.15517857142857203	
	0.0005439414302808107	0.0	0.0	0.0	0.0	0.0011192721959936444	0.0018539636248991259	0.002729515543469384	0.0023280126411046303	0.002123724106759806	0.000748670164562582	0.0016647416604141149	0.0013546735053593167	0.002133909892327128	0.0018766149507742412	0.0008527136305432334	0.0018839920436159489	0.0019694736684231946	0.0022041096818888137	0.0022343560456596226	0.0008650122389130505	0.002325271544379737	0.0025038236066187414	0.0021785714285714576	0.0021264250923720713	
0.5179474679231213
	0.16635491071428557	0.0	0.0	0.0	0.0	0.1664776785714283	0.16657142857142923	0.16633928571428638	0.16655357142857213	0.16644642857142924	0.16604017857142828	0.1657678571428578	0.16630357142857216	0.16644642857142927	0.1656428571428578	0.1665446428571425	0.16594642857142924	0.1661250000000007	0.16737500000000072	0.16673214285714355	0.1663571428571425	0.16630357142857208	0.16648214285714352	0.16653571428571495	0.16610714285714345	
	0.0005896871941343562	0.0	0.0	0.0	0.0	0.0007636277834008222	0.0018605737539473084	0.0016361470107592326	0.0018255380811460515	0.0017293792386346074	0.0008203967704528362	0.0017579085149514702	0.0019861606641139564	0.0019932123339382224	0.0016075396335609833	0.0010647485211378734	0.0019274963934956717	0.0019797282590274675	0.001746990853100387	0.00218784618252002	0.001109660156653944	0.001750637638935366	0.0016875708601902751	0.0019269172800308943	0.0018554250296944005	
0.7196856730011514
	0.17582366071428562	0.0	0.0	0.0	0.0	0.1757678571428569	0.17553571428571507	0.17594642857142934	0.17641071428571506	0.1751785714285722	0.17557142857142827	0.17557142857142932	0.1755357142857151	0.17578571428571507	0.17539285714285796	0.17605803571428544	0.17628571428571507	0.17576785714285798	0.17619642857142936	0.17598214285714364	0.17589732142857117	0.17610714285714366	0.17576785714285792	0.17603571428571507	0.17567857142857218	
	0.0003064545989819798	0.0	0.0	0.0	0.0	0.0007310531960877885	0.0014173667737846357	0.0012125775800974914	0.0012650875181470362	0.0015831543042358017	0.0006440960284597089	0.001375811448875577	0.0015046696023529435	0.001567364875535152	0.0013117405480147762	0.0008740314428040578	0.0011088696211614228	0.0018009174249333738	0.0016951122712802618	0.0016400402869616766	0.0008467915699924357	0.0017746083212578524	0.0013038160240194064	0.001949293435570726	0.0011893447003819334	
1.0
	0.1838125	0.0	0.0	0.0	0.0	0.1837366071428569	0.1841785714285723	0.18358928571428662	0.18339285714285797	0.1837857142857152	0.18372767857142835	0.18373214285714373	0.18366071428571512	0.18400000000000083	0.183517857142858	0.18386160714285688	0.18385714285714372	0.18373214285714376	0.18416071428571518	0.18369642857142943	0.18392410714285698	0.18417857142857233	0.18408928571428662	0.18333928571428662	0.18408928571428654	
	0.00018306293351622922	0.0	0.0	0.0	0.0	0.000403542785013916	0.0012221384737334863	0.0011598898170753912	0.00133391781407024	0.0010497813183356645	0.000552472267057237	0.0010380208306666702	0.0012209637795694377	0.0010012746977768993	0.0011805989054332732	0.0005243398120689016	0.0011984258382544738	0.0011708349976989648	0.00127412935459666	0.0009400051563037393	0.0006032404787935764	0.001060058719975412	0.0014702621937489008	0.0012488515132075388	0.0009876469149303607	
1.389495494373136
	0.19007031249999987	0.0	0.0	0.0	0.0	0.19002678571428555	0.18975000000000095	0.1901607142857153	0.19001785714285807	0.19017857142857236	0.19023214285714263	0.19046428571428664	0.19025000000000092	0.19028571428571522	0.18992857142857236	0.19006696428571412	0.18982142857142947	0.19019642857142946	0.19014285714285814	0.19010714285714378	0.18995535714285694	0.19023214285714377	0.19001785714285804	0.1897321428571438	0.1898392857142866	
	0.000193859390407957	0.0	0.0	0.0	0.0	0.00035836843286405663	0.0008229799015573626	0.0006131530254782236	0.00105023685375229	0.0007945926950459912	0.0003321620578166904	0.0008459085201662544	0.000845908520166258	0.0008718968296952837	0.0005125964319430953	0.0003180314028743773	0.0008563984863058557	0.0006436007603907031	0.001061862053379916	0.0008151937293223931	0.0006453942988749635	0.0009667626916884917	0.000718514269240364	0.001301857973695073	0.0011432755930363943	
1.9306977288832496
	0.19473660714285715	0.0	0.0	0.0	0.0	0.1946785714285712	0.19466071428571524	0.19451785714285813	0.19464285714285812	0.19489285714285814	0.19475892857142843	0.19482142857142953	0.19476785714285808	0.1948035714285724	0.19464285714285803	0.19478124999999982	0.1948035714285724	0.19462500000000096	0.1948928571428581	0.1948035714285724	0.1947276785714283	0.19482142857142953	0.19478571428571523	0.19464285714285812	0.19466071428571524	
	0.00016136401403506147	0.0	0.0	0.0	0.0	0.000281497906614956	0.0007446664093568671	0.000589826591604075	0.0004517539514526267	0.0006092400753297171	0.00037891241382006103	0.0008711650655464676	0.0008243349205416816	0.0007360522801973579	0.0005868455973270054	0.0003111898556757521	0.0006726717214941728	0.0006336141071146458	0.0005769819436215549	0.0005587317088272806	0.00033819726725927356	0.0005474896327413246	0.0006123724356958037	0.0004922874554317844	0.0008258807914176862	
2.682695795279722
	0.19756138392857148	0.0	0.0	0.0	0.0	0.1975267857142855	0.19758928571428677	0.19757142857142962	0.1974285714285725	0.19751785714285816	0.1975714285714285	0.19755357142857244	0.1977142857142867	0.19737500000000097	0.1976428571428581	0.19762499999999983	0.19764285714285812	0.1975714285714296	0.19776785714285816	0.1975178571428581	0.19752232142857112	0.19741071428571527	0.1975714285714297	0.19741071428571527	0.19769642857142955	
	0.00010490477756758342	0.0	0.0	0.0	0.0	0.00025269592318022876	0.0004906654165726803	0.0005486532677048825	0.0006546536707080145	0.000382576522957562	0.0002831919915562813	0.00044140025336818987	0.00044320263021392197	0.0004958372634612227	0.0005101020306101891	0.0002714050741709119	0.0004974424384708404	0.0005601566836199511	0.0003549036948991968	0.0005354165839487307	0.00023937065390088066	0.0004774907841829067	0.00046014638309733774	0.0005854855825269508	0.0005233696746340034	
3.727593720314938
	0.1992388392857143	0.0	0.0	0.0	0.0	0.1992053571428568	0.199125000000001	0.19907142857142957	0.19933928571428672	0.1992857142857152	0.1992589285714284	0.19925000000000095	0.19921428571428673	0.19933928571428672	0.19923214285714386	0.19927232142857107	0.19921428571428676	0.19926785714285813	0.19930357142857255	0.19930357142857247	0.1992187499999998	0.19928571428571534	0.19914285714285818	0.19921428571428662	0.19923214285714386	
	0.00011068818096619431	0.0	0.0	0.0	0.0	0.00019541132703767005	0.0004145780987943299	0.00034626284695828385	0.00034395286221883557	0.00037457458863221477	0.00016727673209975403	0.00040563631041431184	0.00031134992453858603	0.0003792278675284518	0.00032488223926183585	0.0001791842164318584	0.0003846546290810746	0.00032878486856295207	0.0003087788654604828	0.0003087788654605008	0.0001891403586098126	0.00039123039821799315	0.0003813242232868049	0.00031134992453855004	0.0003046200376648596	
5.179474679231202
	0.19998995535714298	0.0	0.0	0.0	0.0	0.1999910714285706	0.2000000000000008	0.19998214285714383	0.19998214285714377	0.2000000000000008	0.1999866071428564	0.20000000000000073	0.19996428571428657	0.2000000000000007	0.19998214285714383	0.19999107142857053	0.19998214285714364	0.20000000000000093	0.20000000000000084	0.1999821428571436	0.19999107142857042	0.20000000000000082	0.19998214285714364	0.1999821428571438	0.20000000000000095	
	1.7961469798563126e-05	0.0	0.0	0.0	0.0	2.678571428575462e-05	3.255813018879823e-16	7.783748113464213e-05	7.783748113464055e-05	3.6596334288107107e-16	3.1881376913277094e-05	3.974962800297996e-16	0.0001071428571427363	4.864357644822344e-16	7.783748113457719e-05	2.6785714285882756e-05	7.783748113462015e-05	1.8814513647138849e-16	1.8179372333962735e-16	7.783748113458418e-05	2.6785714285867956e-05	2.964134343496355e-16	7.783748113461696e-05	7.783748113463225e-05	3.374329241674164e-16	
7.196856730011514
	0.20000000000000043	0.0	0.0	0.0	0.0	0.19999999999999948	0.20000000000000012	0.20000000000000037	0.20000000000000037	0.20000000000000015	0.19999999999999946	0.20000000000000043	0.20000000000000054	0.20000000000000018	0.20000000000000032	0.1999999999999995	0.20000000000000043	0.2000000000000003	0.20000000000000034	0.2000000000000003	0.1999999999999996	0.20000000000000037	0.20000000000000037	0.2000000000000003	0.20000000000000034	
	6.874759692910202e-16	0.0	0.0	0.0	0.0	4.007293834534819e-16	6.276382005781397e-16	6.263788376618161e-16	6.396139763847696e-16	6.417482834474639e-16	5.745135976363697e-16	6.724071041745079e-16	6.033885950918886e-16	6.344441333773466e-16	6.444435841931113e-16	6.366562778263775e-16	6.288031628281616e-16	6.706289291503219e-16	6.422282747512526e-16	6.103702879746579e-16	5.586736138277836e-16	6.561713940482397e-16	6.269934770380969e-16	6.296907629546778e-16	6.316451909729541e-16	
10.0
	0.20000000000000068	0.0	0.0	0.0	0.0	0.19999999999999984	0.2	0.20000000000000023	0.2000000000000001	0.20000000000000007	0.19999999999999954	0.20000000000000012	0.2	0.20000000000000023	0.20000000000000004	0.19999999999999946	0.19999999999999993	0.19999999999999976	0.19999999999999998	0.2	0.1999999999999994	0.2000000000000003	0.19999999999999998	0.20000000000000004	0.19999999999999984	
	4.545054959348401e-16	0.0	0.0	0.0	0.0	4.579249418244022e-16	6.117570651764699e-16	5.974867149080539e-16	6.121347318850489e-16	6.24808770526865e-16	5.464395470477929e-16	6.354450976600793e-16	5.83923485873206e-16	6.536423325205187e-16	6.106226635438362e-16	4.539967209664867e-16	5.0895734351719815e-16	4.0029660424867225e-16	5.830322762800933e-16	6.095809408684569e-16	5.253068079054402e-16	6.588953847643574e-16	5.683119316658233e-16	6.106226635438362e-16	4.985198090585056e-16	
13.89495494373136
	0.2000000000000008	0.0	0.0	0.0	0.0	0.19999999999999943	0.2	0.19999999999999996	0.19999999999999996	0.20000000000000012	0.1999999999999995	0.19999999999999996	0.19999999999999982	0.20000000000000004	0.19999999999999982	0.19999999999999962	0.19999999999999987	0.20000000000000007	0.20000000000000015	0.20000000000000004	0.19999999999999957	0.19999999999999996	0.20000000000000012	0.19999999999999996	0.20000000000000012	
	4.3155234401199313e-16	0.0	0.0	0.0	0.0	4.520411121784011e-16	6.117570651764699e-16	5.457341904261105e-16	5.431518653942347e-16	6.335327934766281e-16	4.276520870041579e-16	5.457341904261105e-16	4.768792382073735e-16	5.879991017139368e-16	4.768792382073735e-16	5.828670879282073e-16	4.965068306494545e-16	6.374120967379983e-16	6.06572053902698e-16	5.879991017139368e-16	4.760708307127101e-16	5.775561153410717e-16	6.555253535841921e-16	5.569127025343564e-16	6.335327934766281e-16	
19.306977288832496
	0.2000000000000005	0.0	0.0	0.0	0.0	0.1999999999999996	0.20000000000000015	0.2	0.2	0.20000000000000032	0.19999999999999934	0.19999999999999996	0.19999999999999984	0.2	0.19999999999999987	0.1999999999999996	0.20000000000000012	0.20000000000000018	0.19999999999999993	0.19999999999999996	0.1999999999999995	0.19999999999999987	0.2	0.20000000000000007	0.19999999999999996	
	7.750716536251771e-16	0.0	0.0	0.0	0.0	5.823381703166163e-16	6.535244635568843e-16	6.117570651764699e-16	5.839234858732059e-16	6.511626037759646e-16	3.05311331771918e-16	5.775561153410717e-16	4.757470830855276e-16	6.117570651764699e-16	5.347542221830667e-16	5.9529077749218605e-16	6.335327934766281e-16	6.470086032751108e-16	5.4672143489065705e-16	5.775561153410717e-16	4.44609322317814e-16	4.965068306494545e-16	6.117570651764698e-16	6.374120967379983e-16	5.775561153410717e-16	
26.82695795279722
	0.2000000000000009	0.0	0.0	0.0	0.0	0.1999999999999996	0.20000000000000032	0.20000000000000004	0.20000000000000023	0.2	0.1999999999999994	0.1999999999999999	0.20000000000000012	0.19999999999999998	0.19999999999999984	0.19999999999999948	0.1999999999999997	0.20000000000000026	0.20000000000000012	0.20000000000000012	0.19999999999999948	0.19999999999999982	0.20000000000000015	0.2	0.20000000000000007	
	7.726825239126632e-17	0.0	0.0	0.0	0.0	5.191479908634432e-16	6.511626037759646e-16	5.83791540670782e-16	6.167736072623137e-16	5.839234858732059e-16	3.85192994375018e-16	5.331671968450011e-16	6.555253535841922e-16	5.85372920201624e-16	4.757470830855275e-16	4.388541835720877e-16	2.9057317281871783e-16	6.516356605792056e-16	6.335327934766281e-16	6.335327934766281e-16	4.388541835720877e-16	4.768792382073735e-16	6.535244635568844e-16	6.117570651764699e-16	6.374120967379983e-16	
37.27593720314938
	0.2000000000000009	0.0	0.0	0.0	0.0	0.1999999999999995	0.19999999999999996	0.19999999999999996	0.20000000000000007	0.20000000000000004	0.1999999999999993	0.19999999999999993	0.1999999999999997	0.19999999999999998	0.20000000000000012	0.19999999999999987	0.20000000000000012	0.20000000000000007	0.19999999999999996	0.20000000000000034	0.19999999999999957	0.20000000000000004	0.20000000000000007	0.20000000000000012	0.19999999999999998	
	8.092071311423672e-17	0.0	0.0	0.0	0.0	4.3938049299596416e-16	5.775561153410717e-16	5.457341904261104e-16	5.870812744821109e-16	6.146465796626548e-16	2.9919429108042607e-16	5.79553433516819e-16	2.905731728187178e-16	6.141450319825084e-16	6.107488122206378e-16	5.782226546457896e-16	6.335327934766281e-16	5.87081274482111e-16	5.775561153410717e-16	6.626262209733343e-16	4.760708307127101e-16	5.879991017139368e-16	6.127636591359963e-16	6.335327934766281e-16	6.141450319825084e-16	
51.79474679231202
	0.2000000000000009	0.0	0.0	0.0	0.0	0.1999999999999996	0.20000000000000007	0.19999999999999996	0.19999999999999996	0.20000000000000015	0.19999999999999982	0.20000000000000015	0.20000000000000012	0.20000000000000015	0.2	0.19999999999999946	0.20000000000000004	0.19999999999999987	0.2000000000000002	0.20000000000000015	0.19999999999999954	0.20000000000000007	0.19999999999999998	0.2000000000000002	0.1999999999999999	
	7.972182145735181e-17	0.0	0.0	0.0	0.0	4.609431542661197e-16	6.127636591359963e-16	5.457341904261105e-16	5.775561153410717e-16	6.535244635568844e-16	4.629443640562132e-16	6.324374521249838e-16	6.335327934766281e-16	6.324374521249838e-16	6.117570651764698e-16	3.779245489191691e-16	6.4018582627671775e-16	4.965068306494546e-16	6.642808659430162e-16	6.535244635568843e-16	4.1392116139754023e-16	6.374120967379983e-16	5.551115123125782e-16	6.642808659430162e-16	5.331671968450011e-16	
71.96856730011514
	0.2000000000000009	0.0	0.0	0.0	0.0	0.1999999999999994	0.19999999999999998	0.19999999999999987	0.20000000000000023	0.20000000000000026	0.1999999999999997	0.19999999999999993	0.2000000000000002	0.2000000000000001	0.19999999999999998	0.1999999999999997	0.19999999999999987	0.20000000000000004	0.20000000000000004	0.20000000000000026	0.19999999999999937	0.1999999999999998	0.19999999999999984	0.20000000000000007	0.20000000000000007	
	7.850462293418876e-17	0.0	0.0	0.0	0.0	4.589332181463748e-16	5.768888059150691e-16	4.965068306494545e-16	6.630039596465037e-16	6.684427777288335e-16	6.404264524180008e-16	5.117875266520903e-16	6.642808659430162e-16	6.358389842764979e-16	5.85372920201624e-16	5.132905769563413e-16	4.934329372563553e-16	5.83791540670782e-16	6.146465796626548e-16	6.684427777288335e-16	3.89568068015994e-16	3.997188364167557e-16	4.757470830855276e-16	5.891770643672031e-16	6.374120967379983e-16	
100.0
	0.2000000000000009	0.0	0.0	0.0	0.0	0.19999999999999946	0.19999999999999996	0.20000000000000004	0.19999999999999996	0.19999999999999998	0.19999999999999946	0.2000000000000001	0.19999999999999996	0.1999999999999999	0.20000000000000012	0.19999999999999962	0.19999999999999996	0.2000000000000002	0.19999999999999996	0.19999999999999987	0.19999999999999968	0.19999999999999987	0.20000000000000023	0.20000000000000007	0.20000000000000007	
	7.726825239126632e-17	0.0	0.0	0.0	0.0	4.47717308814193e-16	5.457341904261105e-16	6.106226635438362e-16	5.457341904261105e-16	5.85372920201624e-16	3.7792454891916906e-16	6.35838984276498e-16	5.775561153410717e-16	5.331671968450011e-16	6.335327934766281e-16	4.4322099942071577e-16	5.457341904261105e-16	6.260712916926396e-16	5.775561153410717e-16	5.319014089382401e-16	5.98002234171263e-16	4.965068306494545e-16	5.974867149080539e-16	5.87081274482111e-16	6.374120967379983e-16	
