rs_generated = 50
1e-05
	0.024770163690476243	0.0	0.0	0.0	0.0	0.02470139508928574	0.024666815476190478	0.024785416666666667	0.024806994047619046	0.024546354166666663	0.024755505952380987	0.02466904761904761	0.024976190476190468	0.02466622023809523	0.024710565476190476	0.024868173363095266	0.02479419642857143	0.024890699404761903	0.02484561011904761	0.024942187499999997	0.024755580357142884	0.02492708333333333	0.024669047619047615	0.02475602678571428	0.02467016369047618	
	0.00046601341474373776	0.0	0.0	0.0	0.0	0.0005290517688909107	0.0005406736384147522	0.000579095392766081	0.000622451151905062	0.0005920641803611699	0.0005013598106505115	0.0005421087040526463	0.000484709648679746	0.0006075986158503646	0.0005963897898414724	0.000510714165459641	0.0005328461790131763	0.0005210762029401069	0.0006254755002774735	0.0006174308753336393	0.0005127721524354685	0.0006018044623745857	0.0005568442439099307	0.0005606866053933095	0.0005330011540021196	
1.3894954943731388e-05
	0.02503312872023814	0.0	0.0	0.0	0.0	0.024922991071428608	0.0249126488095238	0.02503221726190476	0.024940848214285705	0.024806250000000005	0.024961886160714312	0.024872767857142854	0.025145982142857144	0.024929761904761906	0.024899032738095243	0.025041257440476226	0.024997619047619046	0.025166369047619045	0.02494561011904761	0.02505543154761905	0.025206380208333365	0.025317633928571424	0.025140922619047622	0.02524776785714286	0.025119196428571425	
	0.0004346119030304598	0.0	0.0	0.0	0.0	0.0004663425591633106	0.0004892514751300734	0.0005699075516180058	0.000543764767739688	0.00047390742699628856	0.0005024731182388857	0.0005120514956158425	0.0006153810723969763	0.000516967926694424	0.0005460664830330463	0.0004368585225750621	0.000473243391587675	0.0005866134092825649	0.00045792796820722816	0.00046878758470826035	0.0004887553625804074	0.0005533611201649063	0.0005148690388795147	0.000538888167487301	0.000565329300313871	
1.9306977288832496e-05
	0.02488487258184529	0.0	0.0	0.0	0.0	0.024827008928571453	0.024725074404761904	0.025035788690476186	0.024863169642857133	0.024684002976190476	0.024844326636904796	0.024695238095238093	0.025129836309523805	0.024778794642857142	0.0247734375	0.025001804315476217	0.02504360119047619	0.02506577380952381	0.02493333333333334	0.024964508928571428	0.024866350446428598	0.024974479166666664	0.024766294642857147	0.024916964285714296	0.024807663690476187	
	0.0004141282251788916	0.0	0.0	0.0	0.0	0.00043181201170645797	0.000542019591045012	0.0004962589515608988	0.00044677447536752154	0.0004602069015819681	0.0004833218695981078	0.0005469848448154399	0.0004966482187316101	0.0006554328990493629	0.0004813546763920349	0.0005047967687941125	0.0005731836112793424	0.0005244176411179958	0.0006087851271719382	0.0005485677004490665	0.0003997875440888965	0.0004437111054642587	0.00041784106523684285	0.0005000864880555301	0.0004817496892767751	
2.6826957952797274e-05
	0.024957407924107194	0.0	0.0	0.0	0.0	0.02486633184523814	0.024835416666666665	0.025048660714285714	0.024924032738095233	0.024657217261904757	0.02494246651785717	0.02481339285714286	0.02516517857142857	0.024907440476190475	0.02488385416666667	0.02506923363095242	0.02503102678571427	0.025209523809523807	0.024908184523809523	0.0251281994047619	0.02495159970238099	0.025094122023809524	0.024945610119047616	0.024964732142857146	0.024801934523809525	
	0.0005572199559110063	0.0	0.0	0.0	0.0	0.0005840814874173226	0.0007015389645323255	0.0005899004729843932	0.00056310125985436	0.0006095969973629714	0.0006144424010523598	0.00069387758716768	0.0006020455229047552	0.000683245944278297	0.0006490651502281729	0.0005384182545208716	0.0006198545502384503	0.0005952914038628848	0.0005439574548215113	0.0006341791620250879	0.0006096063626106799	0.0005868756190017086	0.0007009240124571393	0.0006701026199460161	0.0006405469436988319	
3.727593720314938e-05
	0.024920331101190525	0.0	0.0	0.0	0.0	0.02486134672619051	0.024857961309523807	0.025035863095238094	0.02489434523809523	0.024657217261904757	0.024903869047619074	0.024711160714285706	0.025169270833333337	0.024805282738095236	0.0249297619047619	0.024962574404761934	0.024931101190476188	0.02506324404761905	0.02484583333333333	0.02501011904761904	0.024953534226190507	0.02507596726190476	0.024905133928571424	0.024959970238095236	0.024873065476190472	
	0.00044137139921936766	0.0	0.0	0.0	0.0	0.0005407165607411687	0.0006052885184990447	0.0006405790938145432	0.0005330325154114233	0.000577186762608381	0.0004518537756694112	0.0004710444130579685	0.0005384793729761798	0.0004947836163415972	0.0005066658572345172	0.0004780716409000053	0.000605323707345582	0.0005379388130923733	0.0005345945432239694	0.00044631424627402776	0.00051952861132819	0.0006373176310125089	0.0005705853007505615	0.0005789666645566	0.0004960139976983441	
5.1794746792312125e-05
	0.02535483165922624	0.0	0.0	0.0	0.0	0.025305319940476224	0.02525654761904761	0.025474107142857135	0.025386309523809523	0.025104315476190464	0.0253032366071429	0.025166369047619038	0.025488169642857137	0.025242857142857143	0.025315550595238094	0.0254029203869048	0.02537418154761904	0.02546636904761904	0.025332440476190477	0.025438690476190476	0.025407849702380993	0.02549412202380953	0.02534828869047618	0.025481622023809512	0.02530736607142857	
	0.00040102181076854426	0.0	0.0	0.0	0.0	0.00044606315805152143	0.0005350355116149375	0.0005073049366882478	0.0005585556902836511	0.00043830553776715427	0.00047101221676016324	0.00048621165849512297	0.0005966837402146328	0.0004926400137443314	0.0005054100789850725	0.0004199729104342612	0.00041718086495865945	0.0005038007690427266	0.0005294556071788042	0.00043638316105360685	0.0004466856759029632	0.0005764738104607946	0.0004521308012263564	0.0005254913992788589	0.0005358051603231063	
7.196856730011514e-05
	0.02529041573660719	0.0	0.0	0.0	0.0	0.025204129464285754	0.02514561011904762	0.025354836309523815	0.025264434523809526	0.025051636904761903	0.025253720238095287	0.02518586309523811	0.025438392857142857	0.025164360119047623	0.02522626488095237	0.025390345982142886	0.025364434523809522	0.02544888392857142	0.025362351190476185	0.025385714285714282	0.0253134672619048	0.025328124999999993	0.025321428571428575	0.025290625	0.02531369047619048	
	0.000464819342484313	0.0	0.0	0.0	0.0	0.0004958925778235028	0.0005108772098410129	0.0005463701761725167	0.0005488199540959565	0.0005412114821162192	0.00044899976484895186	0.0005358487967703995	0.0005002964018355859	0.0005234983317445824	0.00046249708532551404	0.000538189882168846	0.0005756692918458154	0.0006255177888108688	0.0005575746110832177	0.0005960056621005861	0.0005187520516763079	0.00045823198187537324	0.0005831554560551289	0.0006287109220217131	0.0006083899715037282	
0.0001
	0.025382175409226247	0.0	0.0	0.0	0.0	0.02524274553571432	0.025140104166666656	0.025378645833333328	0.025356101190476193	0.025096130952380957	0.0253591703869048	0.025269047619047615	0.02561904761904761	0.025288020833333334	0.025260565476190475	0.0255498697916667	0.025500148809523806	0.025673363095238093	0.025454241071428574	0.02557172619047619	0.025376915922619078	0.025486383928571426	0.025328571428571423	0.02546376488095238	0.02522894345238095	
	0.0003812591362471813	0.0	0.0	0.0	0.0	0.00042852274300290153	0.0004373977511002857	0.0005015532724442738	0.0005283219293979413	0.00048278724483367356	0.00040589462016377023	0.00047445778517092536	0.0004389172158275117	0.0005493365045965796	0.00045463511169507637	0.00038776928304948353	0.00048689168632024427	0.0003988210452760047	0.0004973107920498438	0.0004174814259772499	0.0004347067335563187	0.00043822573659093607	0.00044812675523143265	0.0005042181906491841	0.0005273798869053681	
0.00013894954943731373
	0.025807333519345298	0.0	0.0	0.0	0.0	0.025754278273809564	0.025705059523809512	0.025911607142857136	0.02583333333333332	0.025567113095238094	0.025777901785714326	0.025588318452380958	0.025968229166666655	0.02570200892857143	0.02585305059523809	0.025919773065476232	0.025866815476190477	0.02600193452380952	0.025857589285714275	0.02595275297619048	0.025777380952381	0.02585639880952381	0.02573608630952381	0.025770461309523807	0.02574657738095238	
	0.0004720324974380721	0.0	0.0	0.0	0.0	0.0004967951683522311	0.0005949992266246677	0.0004910158247740753	0.0006007382603493481	0.0005651204825773995	0.0004700343135974557	0.0005966248772873994	0.0005113548716741969	0.0005897840014282943	0.00048380139510338004	0.0005008879101329268	0.0005457311084950087	0.0004817285385461167	0.0006419560069669512	0.0005717232322885823	0.000540043867666035	0.0006627195011377063	0.0005098948127504341	0.0005667073504256203	0.0006807249499229168	
0.00019306977288832496
	0.026119108072916727	0.0	0.0	0.0	0.0	0.026081101190476238	0.02607075892857143	0.026250446428571425	0.02609672619047619	0.025906473214285713	0.026080468750000037	0.025963690476190474	0.026251339285714277	0.02604077380952381	0.02606607142857143	0.026179427083333373	0.026068526785714273	0.026266964285714286	0.02621071428571429	0.026171502976190475	0.026135435267857186	0.026218377976190463	0.026071502976190465	0.02617619047619048	0.026075669642857152	
	0.0004584785590169875	0.0	0.0	0.0	0.0	0.0004546556004723148	0.0005555202680872597	0.0005015658278387946	0.0005638622409521188	0.00042788509574476154	0.0005162280868371205	0.0005521595177508051	0.0006011603451902398	0.0005107404090957352	0.0006126375140647608	0.0005056777008455138	0.0005676367959124637	0.0005750991207822245	0.0005405199260873275	0.0005831341194772766	0.0004699212123279832	0.000504386280886145	0.0004710313261858235	0.0005663514138460544	0.0005855704916361173	
0.00026826957952797245
	0.02657170293898816	0.0	0.0	0.0	0.0	0.02645833333333338	0.026411458333333332	0.026612574404761898	0.026511904761904757	0.026297395833333334	0.02654713541666671	0.026350223214285703	0.026838392857142852	0.026504464285714277	0.026495461309523807	0.026688430059523854	0.026558779761904756	0.02681086309523809	0.026685267857142855	0.02669880952380953	0.026592912946428612	0.026652976190476192	0.026541145833333335	0.026620610119047615	0.026556919642857134	
	0.0004838470984066956	0.0	0.0	0.0	0.0	0.00046617642111906324	0.0005141400273835306	0.0005121039343373972	0.000532515977737946	0.0005641576939446739	0.0005085989407819175	0.0005430283661234971	0.0006012526120058649	0.000602956836113483	0.0005243377479426688	0.0005329024734867713	0.0005832113689005995	0.0005725020531283375	0.0005927979186389646	0.0005748363594107643	0.0005843214809366692	0.0006557106559730275	0.0005674083970595142	0.0006820072505618545	0.0006248628011614161	
0.0003727593720314938
	0.027065132068452437	0.0	0.0	0.0	0.0	0.027027920386904807	0.02683921130952381	0.027278794642857145	0.027094270833333323	0.02689940476190476	0.02701201636904766	0.0268813244047619	0.02730877976190476	0.02695863095238096	0.026899330357142853	0.027140159970238144	0.027123363095238096	0.027226562499999996	0.027007217261904755	0.027203497023809507	0.027080431547619094	0.027137127976190473	0.027104241071428566	0.027055133928571416	0.027025223214285708	
	0.00037134235753213376	0.0	0.0	0.0	0.0	0.0004286639034068198	0.00047769890482053217	0.0004910935296704095	0.000420621122332123	0.00058938235739511	0.0003802395117999732	0.00044582328137509583	0.0005522736243097966	0.00044124134194290014	0.0003167212505124132	0.00041083851285431887	0.0004548976926575294	0.00042169652860745826	0.0005139650290289188	0.0005515880738484135	0.000481902913844455	0.0005055517551214334	0.000588796003567421	0.00045912205178396363	0.0005737157624829394	
0.0005179474679231213
	0.02792182849702389	0.0	0.0	0.0	0.0	0.0279343377976191	0.027860342261904755	0.028096502976190475	0.02799248511904762	0.027788020833333333	0.027860230654761956	0.02773087797619047	0.028180357142857135	0.027789657738095233	0.027740029761904757	0.027942689732142905	0.027919122023809514	0.028055059523809517	0.027870163690476187	0.027926413690476184	0.027950055803571478	0.02810074404761905	0.027860119047619036	0.027998065476190475	0.027841294642857135	
	0.000402646364015465	0.0	0.0	0.0	0.0	0.0004541791241738389	0.0005276648118237313	0.0005379250277719636	0.0004133988365319741	0.0005914907572782934	0.0004455348600218006	0.0005236703187338944	0.0005058478971247313	0.0005876956144539194	0.00045200855501649305	0.00038970001426192176	0.00041808843446379144	0.00048653864924969996	0.00045547350700590267	0.00046772154869175207	0.00045762645822990767	0.0005294684053548355	0.0005255857794206332	0.0005186540503906989	0.0005393947080954607	
0.0007196856730011514
	0.02919647972470243	0.0	0.0	0.0	0.0	0.029105189732142902	0.0290781994047619	0.029377529761904747	0.02907023809523809	0.028894791666666655	0.029209207589285746	0.029108184523809522	0.029475520833333324	0.02909099702380951	0.02916212797619046	0.02925976562500004	0.029259374999999987	0.029252306547619046	0.029230431547619038	0.029296949404761893	0.029211755952381	0.02930438988095238	0.029214062499999985	0.0291844494047619	0.029144122023809504	
	0.00023381655220498055	0.0	0.0	0.0	0.0	0.00030343170797406094	0.0003884802871513167	0.0004062629729308396	0.00038250520575059115	0.0003907855679060001	0.00036795498220981157	0.00048705975473648156	0.0004669560638920114	0.0004270899506393674	0.0004439183456442808	0.0002533677877999649	0.00036730944476017705	0.00034145681222501334	0.0004038285876604205	0.0003583607783079709	0.00029651908200342166	0.000368960670740985	0.0003995196306081609	0.00038676042551554624	0.0003973003954326683	
0.001
	0.030460621279761953	0.0	0.0	0.0	0.0	0.030421856398809555	0.03027016369047618	0.030625372023809508	0.03055610119047617	0.030235788690476176	0.030400148809523846	0.03033906249999999	0.030719717261904752	0.030231547619047602	0.03031026785714284	0.030506268601190507	0.03046004464285713	0.030654613095238075	0.030456324404761894	0.030454092261904757	0.030514211309523847	0.03063080357142855	0.030471651785714263	0.030591815476190463	0.030362574404761894	
	0.00034931844692837126	0.0	0.0	0.0	0.0	0.00033188345435524006	0.0004237684594308512	0.00047762818330330034	0.00037879831850177813	0.00034121255579010076	0.0003841701739002162	0.0004402807152024796	0.00043803329503737056	0.00047385609460197663	0.0004034345302206032	0.0004562151051285823	0.0005558239950110606	0.0004559468685558152	0.0005170106366893223	0.0005300411677408369	0.0004078113325453915	0.00046155856852746495	0.0005080568812803148	0.0005286672956083592	0.00046156291643810194	
0.0013894954943731374
	0.03222579055059523	0.0	0.0	0.0	0.0	0.032101023065476186	0.03214308035714283	0.0322177083333333	0.032207738095238074	0.03183556547619045	0.03220331101190475	0.032116071428571404	0.03246703869047616	0.032089136904761874	0.032140997023809494	0.03230719866071429	0.032336830357142826	0.0324190476190476	0.03213556547619044	0.03233735119047616	0.03229162946428571	0.032338988095238067	0.03218846726190473	0.03236666666666663	0.03227239583333331	
	0.0003772809329726335	0.0	0.0	0.0	0.0	0.00041372642619641014	0.0005553463020253681	0.0005037031148176244	0.00043237589848170574	0.0004515319659211052	0.0003590064072744801	0.0004908897797154436	0.00045340885261462954	0.00041843240337904105	0.00037904129231164146	0.0004788095528449657	0.0005065483676848679	0.0004781258105086988	0.000546367273217813	0.0006553220007013097	0.00040015027603371113	0.00042343490478114154	0.0004786954030981981	0.00047152344674221885	0.0004883550695332728	
0.0019306977288832496
	0.03443590029761897	0.0	0.0	0.0	0.0	0.03436333705357137	0.03430669642857137	0.03456123511904757	0.03447232142857137	0.03411309523809519	0.03440416666666661	0.034180431547618996	0.03468266369047615	0.03441168154761899	0.034341889880952325	0.034513950892857095	0.034430431547619	0.03469122023809519	0.03444724702380948	0.03448690476190472	0.034462146577380906	0.03457648809523804	0.03441741071428566	0.03450052083333329	0.03435416666666661	
	0.00024355062833366465	0.0	0.0	0.0	0.0	0.0002563115138667488	0.000275547224360704	0.0003773394128149151	0.0003526845049229578	0.000348215875555994	0.00026837572774217236	0.0004192580252195045	0.00039342072810731984	0.0004096050802806658	0.00034001189289559956	0.00038611700439037446	0.0005372108570512482	0.00046482066727736657	0.0003920935334982217	0.0004431879155064603	0.0003302757866704607	0.00038552664936555213	0.0003653634450243049	0.0003948822783514431	0.000549503623476422	
0.0026826957952797246
	0.03682484188988084	0.0	0.0	0.0	0.0	0.036748716517857084	0.03671108630952376	0.0369040922619047	0.03686078869047615	0.03651889880952375	0.036877566964285645	0.03669114583333327	0.037181994047619	0.03681056547619043	0.03682656249999995	0.03687808779761898	0.03679739583333329	0.03701473214285708	0.03682849702380946	0.03687172619047614	0.036794996279761835	0.03690595238095234	0.03670952380952374	0.03687291666666661	0.036691592261904715	
	0.00022156995175096457	0.0	0.0	0.0	0.0	0.0002829070885596019	0.00042390960442393623	0.00035261003861206835	0.00037795326051792233	0.0003109051209368765	0.00031853444378579726	0.0004599797762968641	0.00031399183308540145	0.00038306577563614063	0.0004872964857065298	0.00028733886005948033	0.00040964359800041173	0.00035520241082699964	0.0004155696456178179	0.000386343342675531	0.0002714790883614643	0.0003892508710469786	0.0003986945963134375	0.0003494554599383549	0.0003468691027899615	
0.003727593720314938
	0.03994125744047612	0.0	0.0	0.0	0.0	0.03989295014880949	0.03981599702380948	0.040120684523809486	0.0399680803571428	0.039667038690476136	0.039869363839285674	0.039693973214285666	0.040203348214285686	0.03981212797619043	0.039768005952380905	0.040073232886904724	0.03993385416666662	0.04025669642857139	0.03998995535714282	0.04011242559523805	0.03992948288690471	0.040036235119047574	0.0398508928571428	0.04001257440476186	0.03981822916666662	
	0.00028899859832629855	0.0	0.0	0.0	0.0	0.0003960026855077147	0.0004377992945425413	0.000525836808463883	0.00047784687386089774	0.0004643808865843921	0.00036224548869036435	0.00047151478781316895	0.0005081040175808191	0.0004422693464272611	0.000399838591034421	0.0003635771964973619	0.0005148457325639981	0.00047226572720433785	0.0003752836715833752	0.00046913018997084673	0.0003108890865103486	0.0005225861290427795	0.0003726290017972822	0.00038863074411821745	0.00034728330758736485	
0.005179474679231208
	0.04376723400297622	0.0	0.0	0.0	0.0	0.0436811755952381	0.04358459821428571	0.04389806547619046	0.04382440476190476	0.04341763392857141	0.043748493303571445	0.043614434523809524	0.04403712797619049	0.04367447916666667	0.043667931547619054	0.04379194568452382	0.0438284226190476	0.043866815476190466	0.043691889880952364	0.04378065476190476	0.04384732142857145	0.04402224702380949	0.043708035714285706	0.04385959821428572	0.04379940476190476	
	0.00019611527772889683	0.0	0.0	0.0	0.0	0.0002986818704210845	0.00038171050430048294	0.00041147030788568563	0.000397149312863274	0.0004245409552917432	0.00018870290194136823	0.0003321055193213811	0.00034115998373829786	0.0003149173527012933	0.00032997921358864107	0.0002926604487276472	0.0004526147774466178	0.00035982961361756213	0.0003986211700401155	0.00037142880990529976	0.0002635529521275583	0.00038449505002883204	0.00036744868316222697	0.00047123573840160117	0.00038104961789162865	
0.007196856730011514
	0.0481704752604168	0.0	0.0	0.0	0.0	0.04804105282738104	0.047854836309523856	0.048303422619047645	0.04812708333333338	0.04787886904761911	0.048095331101190554	0.04790870535714288	0.048408258928571465	0.04810773809523815	0.04795662202380956	0.048301227678571534	0.04818296130952385	0.048477901785714345	0.04820334821428575	0.04834069940476194	0.048244289434523885	0.048339136904761944	0.048206473214285755	0.04827953869047622	0.048152008928571466	
	0.00018783049396089383	0.0	0.0	0.0	0.0	0.0002374856327390003	0.00034347472905596753	0.0002939469897216721	0.00040628635586494445	0.0004170241610505904	0.000251481879859662	0.00033909982278359753	0.00042542142455755176	0.0003365071322102195	0.0003464899706906372	0.0002742265477019917	0.00039695319820117847	0.00042636240510114616	0.0003987240116323209	0.0002880257154437372	0.0002640007410447395	0.00031848954639603007	0.000419762659412479	0.00035757585513936926	0.00036293405044640544	
0.01
	0.05328096168154778	0.0	0.0	0.0	0.0	0.05319239211309538	0.05315468750000007	0.053400744047619124	0.053277976190476244	0.052936160714285786	0.05330699404761918	0.0531585565476191	0.05367901785714293	0.05321569940476198	0.05317470238095245	0.053366238839285846	0.053357068452380994	0.053401116071428625	0.05327961309523817	0.05342715773809532	0.05325822172619063	0.0533726190476191	0.05313705357142864	0.053341666666666745	0.05318154761904769	
	0.00019388105112266412	0.0	0.0	0.0	0.0	0.00026945578265936287	0.0003758167436159396	0.0003464401410480185	0.00041126981602314816	0.00034609425986779083	0.0002680227094537157	0.00036526273704327677	0.000460748530819368	0.0003493387879960322	0.0003708636374054379	0.00026729161802003945	0.0003364155914833574	0.00033931858295521624	0.000434168304914852	0.00042689033640152564	0.00024536947046161834	0.00044528869854241473	0.0003775211100891214	0.0004065911919757842	0.0003896443188651954	
0.013894954943731374
	0.05915372488839308	0.0	0.0	0.0	0.0	0.05910636160714298	0.05904181547619052	0.05929672619047621	0.05922113095238098	0.05886577380952385	0.05909542410714299	0.05895751488095241	0.05952366071428576	0.058887127976190536	0.05901339285714291	0.05920509672619059	0.0590262648809524	0.05933385416666671	0.05913973214285718	0.059320535714285756	0.05920801711309537	0.05928779761904766	0.059112648809523854	0.059337946428571466	0.05909367559523814	
	0.00021484328300694672	0.0	0.0	0.0	0.0	0.00026862518545538335	0.00043402712868430076	0.0003952699737036396	0.00036244526132963884	0.00035815784591136256	0.00021854011394431528	0.00031063189681782656	0.0003904172917160821	0.0003733838310232878	0.00038117218942223624	0.00030390516840111487	0.0003772892335520903	0.0003765330956660687	0.00041035852539760914	0.000417030400336018	0.00028408745174975043	0.000432279090670276	0.0004014518840230475	0.0003230050830787793	0.00037079983922777245	
0.019306977288832496
	0.06584547061011892	0.0	0.0	0.0	0.0	0.06573279389880944	0.06558236607142852	0.06599769345238089	0.06587068452380944	0.06548043154761898	0.06579778645833324	0.06560052083333325	0.0662291666666666	0.06567105654761898	0.06569040178571424	0.06594501488095228	0.06589910714285707	0.06606800595238084	0.06585811011904753	0.06595483630952377	0.06590628720238086	0.06599099702380944	0.06586659226190468	0.06597909226190467	0.0657884672619047	
	0.00011618888603748812	0.0	0.0	0.0	0.0	0.00017179200435872205	0.0002731571084253315	0.0003589766367095492	0.00029040166180164655	0.00036965241970846215	0.00019847359450001517	0.0003172929023234851	0.0003266601236459413	0.0003624152691581093	0.0003082066630116617	0.00022598970839050292	0.0003282734722400242	0.0003650236044265542	0.00038721628512835773	0.0002939061651430117	0.00020470070161876042	0.0003189025679316387	0.00036608670996220204	0.0002983869279312872	0.00033161043803281117	
0.026826957952797246
	0.07333730003720215	0.0	0.0	0.0	0.0	0.0732938058035712	0.07324337797619035	0.07357552083333317	0.073388169642857	0.07296815476190463	0.0733256696428569	0.07321748511904747	0.07364002976190466	0.0732364583333332	0.0732087053571427	0.0733981026785712	0.07329627976190463	0.07359970238095222	0.0732911458333332	0.07340528273809509	0.0733316220238093	0.07351257440476175	0.07324985119047607	0.07338653273809509	0.0731775297619046	
	0.00013971370147991126	0.0	0.0	0.0	0.0	0.00019843071798212472	0.00033599125169824515	0.00034126784506068275	0.00033587698197180214	0.000330768090871935	0.0002249891582711385	0.00043577339511925587	0.0003457751556978976	0.0002762661534251777	0.0002763501937900116	0.0002353954718782848	0.0002989976997120709	0.0003885067281987924	0.00035397764219685234	0.0003956209780475819	0.00020265410638192633	0.00034695498946210287	0.0003415615894294547	0.0003000518592536518	0.00033610158710808833	
0.03727593720314938
	0.0817360491071427	0.0	0.0	0.0	0.0	0.08168141741071419	0.08170691964285706	0.08187886904761896	0.08181994047619041	0.0813199404761904	0.08169263392857132	0.08156659226190469	0.08199508928571422	0.08157485119047611	0.08163400297619043	0.08178781622023802	0.08183385416666658	0.08179590773809517	0.08171815476190467	0.08180334821428564	0.08178232886904754	0.08193154761904756	0.08163043154761898	0.08186175595238088	0.08170558035714282	
	0.00011203254353318672	0.0	0.0	0.0	0.0	0.00019875591023985395	0.0003690968864123833	0.0003344933577904031	0.00032228635405827204	0.00034387768835431596	0.00023338920732449538	0.0003408963197984283	0.00038501516018941306	0.0003387113977972189	0.0003159164244312318	0.00016483595943919923	0.0002642136143641666	0.00027087074775910327	0.0003185568086456026	0.0002915297924250459	0.00019114581523176275	0.00025806077211226893	0.00033351017212110114	0.0003573529577940659	0.0003443984250323205	
0.05179474679231207
	0.09109436848958352	0.0	0.0	0.0	0.0	0.0910126302083335	0.09095714285714297	0.09112961309523818	0.0911130208333334	0.09085074404761913	0.09110370163690493	0.09093541666666675	0.09142648809523819	0.09106651785714297	0.0909863839285715	0.09110001860119063	0.09109345238095246	0.09125200892857153	0.09096733630952389	0.09108727678571438	0.0911611235119049	0.09126227678571439	0.09102373511904768	0.09117276785714293	0.09118571428571436	
	8.681562409775357e-05	0.0	0.0	0.0	0.0	0.00020969714389025324	0.0003021986203889193	0.0003196425107517875	0.00030040059004615726	0.00038789296876254727	0.0001480612990426165	0.0002708163259965981	0.0002547864588884967	0.00026507759220548003	0.0003782944810137319	0.00018360453064700236	0.000281931061567302	0.00031256661173565043	0.00028875249586941587	0.0003329398270537387	0.0001456901430087035	0.0002815290270747719	0.000284418847149787	0.00027629600976626347	0.0002644132524874504	
0.07196856730011514
	0.10116868024553605	0.0	0.0	0.0	0.0	0.10108962053571456	0.10111525297619076	0.10118936011904783	0.10113563988095259	0.10091822916666693	0.10114897693452415	0.10109479166666689	0.1013531250000002	0.1010622023809526	0.10108578869047644	0.10123829985119075	0.10118206845238117	0.10143623511904787	0.10106517857142878	0.10126971726190499	0.1011978236607146	0.10134069940476216	0.10113936011904784	0.10125617559523833	0.10105505952380979	
	9.597942124540562e-05	0.0	0.0	0.0	0.0	0.00013906078318611854	0.0002834906279976517	0.0002715176976982016	0.0003292269132011069	0.00026281052159516066	0.00016539331852518041	0.00029064050534065495	0.0002868122041226265	0.0002778802602902187	0.00030799186806934115	0.00020118744332742964	0.00029299723264796125	0.0003063839661550534	0.000308106013372318	0.00033212209683209835	0.00014141684582183562	0.00024332642649681685	0.00028862662102155455	0.00034862550282790944	0.0002193174228826254	
0.1
	0.11193098028273842	0.0	0.0	0.0	0.0	0.11187994791666703	0.11187671130952412	0.1120346726190479	0.11191034226190508	0.11169806547619078	0.1119094494047623	0.1117226190476193	0.11212752976190507	0.11189412202380986	0.1118935267857146	0.11198407738095273	0.11200401785714319	0.11212187500000026	0.111847916666667	0.1119625000000003	0.11195044642857177	0.11205431547619076	0.11190959821428602	0.11199717261904792	0.11184069940476221	
	9.65517359748277e-05	0.0	0.0	0.0	0.0	0.000158829338453665	0.00019459940685206397	0.0002800930079041917	0.00024762241235479324	0.0003193066812032023	0.00015132908855297058	0.0002787420859410734	0.0003397366077653182	0.00023747012666059397	0.00027949789063699164	0.00015542670357632035	0.000242499079526995	0.0002937303239176725	0.00025412972297584745	0.0003240819303455878	0.00013688768110480188	0.0002432170918101243	0.00022039872329733106	0.0002306362319745822	0.00030433338556274807	
0.1389495494373136
	0.12317764601934575	0.0	0.0	0.0	0.0	0.12313928571428602	0.12305111607142874	0.12326309523809545	0.12322797619047635	0.12301495535714307	0.1231807849702384	0.12310416666666685	0.12334970238095254	0.12315252976190492	0.12311674107142874	0.12321417410714315	0.12313095238095255	0.12332671130952397	0.12319441964285727	0.12320461309523824	0.12317633928571456	0.12329821428571443	0.1231582589285716	0.1231866815476192	0.12306220238095256	
	7.965499244048965e-05	0.0	0.0	0.0	0.0	0.00015265777964715914	0.0002777263861278763	0.0002651536016515973	0.00024619752079588035	0.00026124346852287705	0.00014617329733958447	0.0002516964743210719	0.0002294423782081361	0.00022025594160319067	0.00022020603098715381	0.00015456873425489435	0.0002286345863883375	0.000266287865472093	0.00021770763403933745	0.00022609769596196202	0.00013944031050589889	0.00027803433800924394	0.00019950441994821981	0.00031238809823293825	0.00023527515161429297	
0.19306977288832497
	0.1346883556547614	0.0	0.0	0.0	0.0	0.13464955357142816	0.13456770833333312	0.1348573660714284	0.1346837053571427	0.13448943452380932	0.13468870907738054	0.1345627232142855	0.13491183035714263	0.13467782738095216	0.13460245535714266	0.1346985491071424	0.1346837053571426	0.13481666666666642	0.13460885416666643	0.13468497023809503	0.1347166108630948	0.13478452380952363	0.13471599702380932	0.1347212053571427	0.13464471726190458	
	7.186528835748412e-05	0.0	0.0	0.0	0.0	0.0001320826252036382	0.000212976011638545	0.00020017343902717458	0.00024357520196549524	0.0002213440498888344	9.719075743225641e-05	0.0002265724692857076	0.0002505645398323233	0.00023603812793425552	0.00021836499616649215	0.00013317600751735565	0.00023803348576060263	0.00024993471015362503	0.0001785553223143328	0.00026465078282158247	0.000133118370535741	0.00022403549335263176	0.0001797789191184938	0.0002504018281630678	0.0002254501733344531	
0.2682695795279722
	0.14616495535714263	0.0	0.0	0.0	0.0	0.14614356398809475	0.14608385416666625	0.1463068452380949	0.14613623511904725	0.14604732142857108	0.14614934895833281	0.14608147321428538	0.14626465773809486	0.14613809523809482	0.14611316964285676	0.14620991443452327	0.1461377232142854	0.14626793154761872	0.14617998511904728	0.14625401785714254	0.14615699404761856	0.14622589285714246	0.14615171130952345	0.1461835565476187	0.14606681547619008	
	6.030138593501061e-05	0.0	0.0	0.0	0.0	0.00012475885984476759	0.00019318091358015965	0.0002106822303772317	0.00021217922603334767	0.00021685387524794287	9.192024219173302e-05	0.00022535119246117053	0.00013356682710145902	0.00017082795381026162	0.00023470225876849545	0.0001164314545892409	0.0002347234866700086	0.00017477216109152105	0.00022185035922780841	0.00021169094934762422	0.00010566583034326153	0.00019405560712453137	0.00023006126841648415	0.00024688326332004284	0.00017612624010012265	
0.3727593720314938
	0.15718796968005944	0.0	0.0	0.0	0.0	0.15715161830357108	0.15711904761904738	0.15725252976190454	0.15717864583333302	0.1570562499999997	0.1571860677083329	0.1570930803571426	0.1573467261904759	0.1571163690476187	0.15718809523809496	0.15722293526785674	0.15718839285714256	0.15728549107142828	0.15717403273809494	0.1572438244047616	0.15719125744047582	0.1572148809523807	0.15720587797619023	0.15723854166666643	0.1571057291666664	
	4.3272489623957015e-05	0.0	0.0	0.0	0.0	8.508951676495408e-05	0.00019378662745367495	0.00017064410562671643	0.0001578326346576973	0.00019653456961453474	6.986504379936187e-05	0.00016506405900324305	0.0001705181185346005	0.00013322699841466357	0.00013668290447651328	0.00010568217709215966	0.00017968643707168624	0.00016809814220074235	0.00019474853384455102	0.0002109957035262411	8.288874148387224e-05	0.00011508124656369605	0.00015505247233419496	0.00015679193150799035	0.00020117662112855198	
0.5179474679231213
	0.16746443917410722	0.0	0.0	0.0	0.0	0.16745327380952374	0.16747373511904753	0.16750446428571422	0.16743355654761896	0.16740133928571427	0.16748048735119037	0.16742194940476185	0.16753363095238083	0.16745684523809515	0.16750952380952375	0.16744838169642848	0.16742127976190466	0.16746778273809518	0.16741235119047612	0.167492113095238	0.1674756138392856	0.1675232142857142	0.16747611607142848	0.1674473958333332	0.16745572916666657	
	3.98636089535317e-05	0.0	0.0	0.0	0.0	7.15358739542585e-05	0.00015489493552710426	9.544770924347756e-05	0.00014674273441571867	0.0001335416036539411	7.603011967426169e-05	0.00017569718401116727	0.00019194951955020612	0.00014093448245435075	0.00013301640426599063	7.654014683711936e-05	0.00014676904618992059	0.00013210022253685454	0.00014702004405245256	0.00012002445216902222	5.622112198948751e-05	0.00013274351699899806	0.00013598391869136726	0.00015760117667830775	0.00014184336547459338	
0.7196856730011514
	0.17659843749999982	0.0	0.0	0.0	0.0	0.17658922991071435	0.17656525297619066	0.17665803571428587	0.17659903273809538	0.17653459821428583	0.17658934151785727	0.17658474702380964	0.17662626488095248	0.17656473214285726	0.1765816220238097	0.17660617559523828	0.17660744047619065	0.17661525297619057	0.17658779761904778	0.17661421130952387	0.17660900297619056	0.17661116071428587	0.17658779761904772	0.17662507440476208	0.17661197916666685	
	3.1568985084785424e-05	0.0	0.0	0.0	0.0	5.8177616339832573e-05	0.00012519208685641577	0.0001386511127206706	0.00010424447030591392	0.00013384887261564345	5.413432530639828e-05	8.350816720458696e-05	0.00010265864735094159	0.00014452155407353536	0.00010015945005561257	6.020287869862201e-05	0.00013227492662847188	0.00010556168875866108	0.00012067800977663611	0.00012965283290716534	4.508277789751299e-05	8.439035196688005e-05	0.00010529838033723475	0.00010249155350164785	0.00012263532258063463	
1.0
	0.18431096075148792	0.0	0.0	0.0	0.0	0.18430998883928607	0.1842854910714288	0.1843263392857146	0.18433586309523844	0.1842922619047622	0.18430081845238136	0.18429159226190509	0.18435245535714312	0.1842890625000003	0.18427016369047652	0.18431746651785746	0.18430714285714317	0.18434055059523835	0.18430848214285747	0.1843136904761907	0.18431556919642897	0.18433802083333364	0.18429531250000022	0.1843270089285717	0.1843019345238098	
	2.011753847287682e-05	0.0	0.0	0.0	0.0	4.669100750353425e-05	8.49668826478925e-05	9.051314055950424e-05	8.838220935549157e-05	9.152136559283216e-05	5.6430616443261345e-05	0.00010878345154477013	9.13404748735589e-05	8.766905058745271e-05	0.00012284154083894437	4.2102022623315227e-05	7.645015966801385e-05	0.0001029720239402601	9.290899708288002e-05	9.249753896032815e-05	4.0740365429187344e-05	8.36794272006982e-05	8.268605575891932e-05	8.8479901676254e-05	9.924535443531579e-05	
1.389495494373136
	0.19042743210565466	0.0	0.0	0.0	0.0	0.19043517485119096	0.1904340029761909	0.19043482142857182	0.19045305059523848	0.1904188244047623	0.1904340029761909	0.19041056547619092	0.19045453869047654	0.1904509672619052	0.19041994047619085	0.1904284040178577	0.19042380952381	0.19043601190476225	0.1904199404761909	0.19043385416666703	0.19041214657738142	0.19041651785714325	0.19041004464285757	0.1904235119047623	0.19039851190476237	
	1.4503789231384144e-05	0.0	0.0	0.0	0.0	3.0602576588039415e-05	7.349522204425583e-05	7.201074138627211e-05	7.998733385638825e-05	6.659990977631305e-05	3.9057698826271145e-05	7.15399367458227e-05	6.448146075834671e-05	7.71720867633386e-05	7.959863019459702e-05	3.550211051271395e-05	6.547128634233513e-05	5.630528430887185e-05	7.536743305014541e-05	6.33301672057046e-05	3.7071295282043796e-05	8.175373673037864e-05	7.505257422466024e-05	6.900639548351723e-05	4.980808370804436e-05	
1.9306977288832496
	0.1948691266741072	0.0	0.0	0.0	0.0	0.19486785714285773	0.1948691964285719	0.19487544642857188	0.19487388392857183	0.1948529017857147	0.1948609002976196	0.19484880952380998	0.19488541666666712	0.19485766369047672	0.19485171130952425	0.19487202380952443	0.194875297619048	0.19488117559523854	0.19485163690476234	0.19487998511904808	0.19487572544642917	0.19487916666666705	0.1948736607142862	0.19488035714285765	0.19486971726190522	
	1.3497100107264737e-05	0.0	0.0	0.0	0.0	2.5283554826448428e-05	5.3231186394192865e-05	5.253650637943659e-05	4.095135625187049e-05	5.6751912062455304e-05	3.185269073757778e-05	5.7920941150453016e-05	5.028462955683863e-05	5.701274287744537e-05	5.8663849318872424e-05	2.9073369139469643e-05	5.804925818760732e-05	5.208338647957242e-05	7.65090820290519e-05	6.758807511078931e-05	2.2821841454467855e-05	4.70402887038522e-05	5.865228793578681e-05	4.294231368269032e-05	4.37465200470524e-05	
2.682695795279722
	0.19764610305059524	0.0	0.0	0.0	0.0	0.1976426897321435	0.19763184523809568	0.19764739583333377	0.19763497023809576	0.1976565476190481	0.19764542410714345	0.19764226190476236	0.19764598214285756	0.1976510416666671	0.19764241071428615	0.19764709821428633	0.19765595238095285	0.19764880952380992	0.1976422619047623	0.19764136904761948	0.19764920014881002	0.19764724702380998	0.1976457589285719	0.1976507440476195	0.19765305059523858	
	7.904871298039703e-06	0.0	0.0	0.0	0.0	1.9374986070565507e-05	3.334263263145012e-05	4.17932945106737e-05	3.921095655845193e-05	3.5559249305505544e-05	1.6630088475014433e-05	3.5560183407712085e-05	3.883586465501354e-05	3.8261703817618286e-05	3.530927345140823e-05	2.0424717008876706e-05	3.2585888059424555e-05	3.7978511180796004e-05	3.9359767416674594e-05	4.45584519546107e-05	2.0002542623869424e-05	3.704497952118986e-05	4.410821975505898e-05	4.737801722780267e-05	3.311647210318802e-05	
3.727593720314938
	0.19926154668898818	0.0	0.0	0.0	0.0	0.19926324404761897	0.19925245535714284	0.19926912202380936	0.1992617559523808	0.19926964285714274	0.19926417410714276	0.19925699404761898	0.19925982142857132	0.19927321428571415	0.19926666666666665	0.19926283482142845	0.1992790922619047	0.1992557291666665	0.1992514136904761	0.19926510416666657	0.1992559337797618	0.1992520833333332	0.1992590029761905	0.19925431547619035	0.19925833333333323	
	8.50742813052456e-06	0.0	0.0	0.0	0.0	1.6128379926253054e-05	3.20649995379104e-05	2.5350194840879582e-05	3.7167841108847365e-05	3.185740477414197e-05	1.4080941469941782e-05	3.101920156814156e-05	2.5336542185089356e-05	3.204557036351831e-05	3.578737560693464e-05	1.6046478442210172e-05	3.32356168967353e-05	3.0336802388302257e-05	2.3919597679062945e-05	2.724484562566519e-05	1.5991712936913905e-05	3.802046931606017e-05	3.095890856647311e-05	3.06215145640145e-05	3.3674710786305834e-05	
5.179474679231202
	0.19998729073660704	0.0	0.0	0.0	0.0	0.19998707217261916	0.19998526785714293	0.1999886904761906	0.1999854166666668	0.1999889136904763	0.19998746279761917	0.1999872767857144	0.19998802083333347	0.19998869047619056	0.19998586309523814	0.19998753720238102	0.19998653273809525	0.19998816964285726	0.19998794642857157	0.1999875000000002	0.1999870907738097	0.19998764880952385	0.19998772321428582	0.19998549107142863	0.19998750000000007	
	1.1466638201349756e-06	0.0	0.0	0.0	0.0	2.7454878246255932e-06	5.8378110850394824e-06	3.776362363174615e-06	5.305221270867196e-06	5.482272922554398e-06	2.844462031788975e-06	5.6218694047222784e-06	5.328648592122608e-06	5.58581082710564e-06	5.943073079649224e-06	2.4381045204670394e-06	4.906766992174344e-06	4.4325508955070365e-06	6.033671110822456e-06	4.6322566715169465e-06	1.5433384310068075e-06	4.064434608302885e-06	4.673306174816344e-06	5.367982585003057e-06	6.169765607671963e-06	
7.196856730011514
	0.1999999953497024	0.0	0.0	0.0	0.0	0.19999999999999965	0.1999999999999996	0.1999999999999997	0.19999999999999982	0.19999999999999965	0.1999999813988092	0.19999999999999976	0.19999999999999976	0.19999999999999984	0.19999992559523758	0.1999999999999997	0.19999999999999965	0.19999999999999965	0.19999999999999982	0.1999999999999997	0.19999999999999976	0.1999999999999998	0.19999999999999957	0.19999999999999965	0.19999999999999973	
	2.5042619165467667e-08	0.0	0.0	0.0	0.0	4.116817157781928e-16	4.1534559692531477e-16	4.3882492565121957e-16	4.680196922583937e-16	5.7295826967353e-16	1.0017047637392932e-07	5.052988744237386e-16	4.713274862752928e-16	5.231514930021597e-16	4.006819052581142e-07	4.220612281682087e-16	4.424381533587702e-16	4.524527749449666e-16	3.859256176596032e-16	3.9691443593156946e-16	4.586533637279209e-16	4.825533854501277e-16	4.873718906623145e-16	4.65571686718922e-16	4.595482979715425e-16	
10.0
	0.19999999999999982	0.0	0.0	0.0	0.0	0.19999999999999998	0.20000000000000004	0.19999999999999998	0.19999999999999996	0.2	0.19999999999999987	0.20000000000000004	0.20000000000000004	0.20000000000000023	0.20000000000000012	0.19999999999999984	0.20000000000000026	0.20000000000000015	0.19999999999999976	0.20000000000000012	0.1999999999999999	0.2	0.20000000000000012	0.19999999999999996	0.20	
	3.775166431889532e-16	0.0	0.0	0.0	0.0	4.2548491720905944e-16	7.096241841936118e-16	6.4038635433998385e-16	5.453105385130469e-16	7.281453660889722e-16	4.1509822013331336e-16	5.853509858533185e-16	6.985551444058481e-16	6.209230997477864e-16	7.04229934192431e-16	4.932637728851784e-16	6.411277628242957e-16	6.702459095696176e-16	4.410138833610407e-16	5.195064801072886e-16	4.777669065650897e-16	6.725980258695376e-16	7.059416636023412e-16	6.463534045214577e-16	7.043393178065716e-16	
13.89495494373136
	0.19999999999999984	0.0	0.0	0.0	0.0	0.19999999999999993	0.19999999999999998	0.20000000000000012	0.19999999999999993	0.19999999999999996	0.19999999999999968	0.19999999999999984	0.2	0.19999999999999968	0.1999999999999999	0.19999999999999982	0.19999999999999996	0.20000000000000034	0.20000000000000007	0.19999999999999987	0.19999999999999965	0.20000000000000012	0.20000000000000015	0.1999999999999997	0.20000000000000004	
	7.955576269871944e-16	0.0	0.0	0.0	0.0	7.188819108476081e-16	7.081571001215134e-16	8.514826758842814e-16	7.923718583280447e-16	7.841953014242096e-16	7.013250521196108e-16	8.208645989907719e-16	8.444114065690995e-16	7.174158615043613e-16	8.17447645726988e-16	6.765949366111774e-16	8.616456081407929e-16	7.639256850082066e-16	7.636399073480443e-16	7.878216951894592e-16	6.283231330561197e-16	7.949925600595992e-16	8.06871339434399e-16	7.293434380590219e-16	8.447002579593446e-16	
19.306977288832496
	0.19999999999999982	0.0	0.0	0.0	0.0	0.19999999999999998	0.20000000000000037	0.2000000000000002	0.2000000000000001	0.2000000000000002	0.19999999999999962	0.20000000000000015	0.20000000000000007	0.20000000000000018	0.19999999999999984	0.20000000000000015	0.2	0.2000000000000001	0.20000000000000007	0.2	0.20000000000000015	0.19999999999999993	0.20000000000000015	0.19999999999999984	0.20000000000000015	
	7.089000776946232e-16	0.0	0.0	0.0	0.0	8.422494857122988e-16	7.552373218596415e-16	8.178088236384308e-16	8.5671410766545275e-16	8.774889126171434e-16	7.648495282348951e-16	8.584059626555237e-16	8.401889801007477e-16	8.662822995980973e-16	7.941684570592891e-16	8.010261046133587e-16	8.596166593677061e-16	7.598812251880015e-16	9.373141855843251e-16	7.236704156435974e-16	8.283074811858873e-16	7.956221805110743e-16	8.274389740015271e-16	8.495957062570471e-16	8.15371704685951e-16	
26.82695795279722
	0.19999999999999973	0.0	0.0	0.0	0.0	0.2000000000000001	0.19999999999999998	0.1999999999999999	0.20000000000000015	0.20000000000000007	0.20000000000000015	0.1999999999999999	0.19999999999999993	0.19999999999999993	0.20000000000000004	0.19999999999999984	0.20000000000000007	0.1999999999999999	0.19999999999999987	0.1999999999999999	0.20000000000000018	0.2000000000000002	0.20000000000000007	0.20000000000000007	0.20	
	4.498915398428115e-16	0.0	0.0	0.0	0.0	7.803052813812958e-16	9.031017732510032e-16	6.78471027955118e-16	8.122636522799826e-16	8.385063058981529e-16	8.133536108999903e-16	8.751739823314224e-16	7.338187872020389e-16	7.549312479577665e-16	8.5833117232973115e-16	7.907660427355537e-16	8.312165468651593e-16	7.837367267966344e-16	7.78971326694125e-16	7.945078971113882e-16	7.775360114336286e-16	8.481436633976551e-16	8.157023214303747e-16	8.107289136452923e-16	7.942492892773387e-16	
37.27593720314938
	0.19999999999999998	0.0	0.0	0.0	0.0	0.19999999999999965	0.19999999999999984	0.19999999999999998	0.20000000000000012	0.19999999999999954	0.20000000000000007	0.19999999999999998	0.20000000000000004	0.19999999999999993	0.19999999999999984	0.20000000000000018	0.19999999999999996	0.2	0.20000000000000007	0.1999999999999997	0.19999999999999973	0.20000000000000012	0.2000000000000001	0.19999999999999996	0.20000000000000046	
	7.281806316352376e-16	0.0	0.0	0.0	0.0	8.117418503685061e-16	8.042733805459806e-16	8.714543566193095e-16	8.436051404833729e-16	7.272278616284821e-16	7.978460786510572e-16	7.74823129665338e-16	9.208690428321839e-16	8.489758667874365e-16	7.948471922053879e-16	8.326826880903253e-16	8.21599419409948e-16	8.092071311423671e-16	8.14899162365945e-16	7.48817790615222e-16	7.293082287400192e-16	8.41868291085074e-16	8.331913755079683e-16	8.067758573514146e-16	7.760153187991851e-16	
51.79474679231202
	0.19999999999999998	0.0	0.0	0.0	0.0	0.1999999999999998	0.19999999999999996	0.2	0.1999999999999999	0.2	0.19999999999999982	0.19999999999999987	0.20000000000000018	0.19999999999999965	0.19999999999999996	0.1999999999999999	0.19999999999999993	0.2	0.1999999999999999	0.20000000000000004	0.19999999999999987	0.20000000000000023	0.19999999999999976	0.20000000000000023	0.20000000000000004	
	6.572076451634173e-16	0.0	0.0	0.0	0.0	8.140794392420253e-16	8.188286825130209e-16	8.224272590745015e-16	7.618050209264093e-16	8.638778929438416e-16	7.445016037555905e-16	8.025314027930725e-16	8.143632829292239e-16	6.52403646303099e-16	7.815712508964112e-16	8.340538926907959e-16	8.58121724739549e-16	7.683500020299997e-16	8.36114161312103e-16	8.146155053999806e-16	8.177931235679039e-16	8.476288017287635e-16	7.298713740225118e-16	9.003394215847847e-16	7.482860632794001e-16	
71.96856730011514
	0.19999999999999993	0.0	0.0	0.0	0.0	0.1999999999999999	0.19999999999999998	0.19999999999999993	0.19999999999999982	0.20000000000000023	0.1999999999999997	0.19999999999999968	0.19999999999999982	0.20000000000000012	0.20000000000000015	0.20000000000000007	0.19999999999999987	0.20000000000000004	0.1999999999999997	0.2000000000000001	0.19999999999999957	0.19999999999999982	0.19999999999999998	0.2	0.20000000000000026	
	7.256548255619855e-16	0.0	0.0	0.0	0.0	8.144736398710148e-16	7.891244190146482e-16	8.258702501230192e-16	8.801187554146009e-16	8.392409786201903e-16	8.386287960464799e-16	7.421524675084118e-16	8.492329282995371e-16	7.587313753301015e-16	8.263986678835547e-16	8.611686384899949e-16	8.333146469061143e-16	7.890756056851782e-16	7.896611664889801e-16	7.912205433313472e-16	6.156275935900559e-16	7.693186020389474e-16	8.543428877545814e-16	8.134956717508578e-16	8.398527149639878e-16	
100.0
	0.19999999999999987	0.0	0.0	0.0	0.0	0.20000000000000015	0.2000000000000001	0.20000000000000007	0.20000000000000034	0.19999999999999996	0.1999999999999999	0.19999999999999965	0.19999999999999976	0.19999999999999996	0.20000000000000018	0.19999999999999993	0.1999999999999998	0.20000000000000007	0.19999999999999993	0.19999999999999982	0.19999999999999996	0.19999999999999998	0.20000000000000023	0.20	0.20000000000000018	
	6.636620666788167e-16	0.0	0.0	0.0	0.0	8.605272942120602e-16	8.349001404590572e-16	8.743667140988139e-16	7.226939337312119e-16	8.82871659468352e-16	7.771395958860365e-16	6.618021973517333e-16	7.966382085203306e-16	8.449586202396606e-16	9.068331749486365e-16	8.393786581684699e-16	7.346931099084361e-16	8.138743794588839e-16	8.237376026420738e-16	7.607931032502708e-16	8.436660176359317e-16	8.782202144463967e-16	8.786587033883121e-16	7.51675786194663e-16	7.855367300016405e-16	
