rs_generated = 50
1e-05
	0.007867071242559524	0.0	0.0	0.0	0.0	0.00787903645833333	0.00786986607142858	0.007943154761904768	0.007903720238095244	0.00779940476190477	0.007866462053571423	0.007849330357142864	0.00791130952380953	0.007846428571428575	0.007858779761904768	0.007867057291666663	0.00788616071428572	0.007870982142857152	0.007873288690476194	0.007837797619047623	0.007855729166666664	0.007881696428571438	0.007834672619047627	0.007874032738095244	0.007832514880952388	
	0.0014852375273755184	0.0	0.0	0.0	0.0	0.0014761850900156187	0.0014984341527240882	0.001485547864300805	0.0014647917984929656	0.0014857382449871958	0.001482821352199758	0.0014614965939717783	0.00150430817480528	0.001467978543417043	0.0015286787003646032	0.0015057329417972967	0.001506136800831475	0.0015169698693456473	0.0015189998853250162	0.0015192045111124648	0.0014904087094901317	0.0015401103116343814	0.0014871181613707388	0.0014717475205644089	0.0014951695850841744	
1.3894954943731388e-05
	0.007913267299107142	0.0	0.0	0.0	0.0	0.007877697172619042	0.007835491071428577	0.007927455357142864	0.007887648809523815	0.007860193452380959	0.007899479166666664	0.007834449404761912	0.008014583333333339	0.007904241071428578	0.007844642857142864	0.007923828124999997	0.007905803571428578	0.007934077380952389	0.00792083333333334	0.00793459821428572	0.007952064732142853	0.007977008928571436	0.00789627976190477	0.007976413690476197	0.007958556547619056	
	0.001967388744009608	0.0	0.0	0.0	0.0	0.001992238759862096	0.0019985229144756666	0.002026258318306786	0.0020081449640151554	0.001961172407919802	0.0019231974209351836	0.0018826336319239317	0.001968391249752745	0.0019170748976601653	0.0019494327856037325	0.0019904624996726996	0.0019987920027185932	0.0019953003960451084	0.001973185982523438	0.002010261474978764	0.001981033924104758	0.0019656396806485388	0.0019922046720726267	0.001981782001698262	0.002006593689711124	
1.9306977288832496e-05
	0.008320517113095238	0.0	0.0	0.0	0.0	0.00830275297619047	0.008313764880952385	0.008394345238095248	0.008251636904761911	0.008251264880952387	0.008338653273809516	0.008350000000000008	0.00840424107142858	0.008309523809523819	0.008290848214285723	0.008327976190476184	0.00829099702380953	0.008395982142857148	0.008275669642857152	0.008349255952380959	0.008312686011904755	0.008329687500000005	0.008265327380952385	0.008396875000000005	0.008258854166666671	
	0.0012309384399240174	0.0	0.0	0.0	0.0	0.0012009934457249437	0.0012164939222379613	0.001195463465208467	0.0011997438649045576	0.0012303459501450521	0.0012746187776291678	0.0012778718480065654	0.0012995472772970031	0.001253049576871926	0.001302610966650005	0.0012264127414009418	0.001289366104389952	0.0012187761095232173	0.0011792874625822568	0.0012470806861390015	0.0012462887126544215	0.001218891054271998	0.0012717888313698996	0.0012788780516544143	0.0012495370745868538	
2.6826957952797274e-05
	0.008772512090773808	0.0	0.0	0.0	0.0	0.008752232142857135	0.008700372023809532	0.008823065476190481	0.008807440476190483	0.008678050595238102	0.008722358630952371	0.008676041666666676	0.008811309523809532	0.00875193452380953	0.008650148809523818	0.008803069196428563	0.008808482142857147	0.008808482142857153	0.0087811755952381	0.008814136904761911	0.008812388392857137	0.008837797619047625	0.00879196428571429	0.008848139880952387	0.008771651785714294	
	0.0008935745528593173	0.0	0.0	0.0	0.0	0.0009238214198953783	0.0009293358523872776	0.0009711348630125716	0.0009266692852632404	0.0009144548683515059	0.0009024175965036351	0.0009238450235953446	0.0009549095200056353	0.0008553958070883306	0.000934764456618126	0.0008572544491499975	0.000892606624080781	0.0009011026261279174	0.0009039236950029694	0.0008074509388638141	0.0009248453736576241	0.0009308011329000076	0.0009080177530765644	0.0009367011341472023	0.0009846545518044608	
3.727593720314938e-05
	0.009067452566964283	0.0	0.0	0.0	0.0	0.009013020833333324	0.009000000000000006	0.00908995535714286	0.009022842261904765	0.00893928571428572	0.009066722470238089	0.0090124255952381	0.009146800595238102	0.009079687500000004	0.0090279761904762	0.009078720238095231	0.009044568452380958	0.009176562500000004	0.009037648809523813	0.009056101190476198	0.009111346726190468	0.009099776785714294	0.009096800595238099	0.00918846726190477	0.009060342261904768	
	0.0009741536849147262	0.0	0.0	0.0	0.0	0.0009683816385385699	0.0009847481341179632	0.000971427810625906	0.0009969655083567155	0.0009641967344859494	0.0010235197079085752	0.0010308216300268394	0.0010630842424018418	0.0010031426738726394	0.0010699041631529029	0.0009939997010310845	0.0009936993398510848	0.00105269355167004	0.000928131823692058	0.001047759508897427	0.0009440997868498503	0.000970596042214811	0.0009560085679844066	0.0009596119793852436	0.000954924086062385	
5.1794746792312125e-05
	0.009503906249999994	0.0	0.0	0.0	0.0	0.009452808779761896	0.009421949404761912	0.009500148809523814	0.009500892857142864	0.009388244047619053	0.009475855654761898	0.009527678571428578	0.009525297619047626	0.009432366071428578	0.009418080357142864	0.00956008184523809	0.009525744047619055	0.009585714285714296	0.009549255952380962	0.009579613095238105	0.00952687872023809	0.009540773809523815	0.009468303571428579	0.009633110119047623	0.009465327380952387	
	0.0008015125909497128	0.0	0.0	0.0	0.0	0.0008442533452545402	0.0009199919665276507	0.0008744647547006792	0.0007871705086265349	0.000854722240300357	0.0008145485301158677	0.0008695556143292745	0.0008134391920487948	0.0008153569338687066	0.0008257633726520764	0.0008024607037815553	0.0008176569592596853	0.0008173489450277172	0.0008020461162847134	0.0008195422937755241	0.0007864778724797338	0.0008276389066667376	0.000794232563620252	0.0007978767469998935	0.000820559058211555	
7.196856730011514e-05
	0.009786267671130949	0.0	0.0	0.0	0.0	0.009761160714285707	0.00975647321428572	0.00981220238095239	0.009818452380952388	0.009657514880952388	0.009774683779761897	0.0097296130952381	0.009835565476190484	0.009800967261904764	0.009732589285714294	0.009819587053571423	0.009750967261904771	0.009886755952380954	0.009825297619047622	0.009815327380952385	0.009789639136904752	0.009796428571428577	0.009812202380952387	0.009780877976190485	0.009769047619047629	
	0.0005669222695461333	0.0	0.0	0.0	0.0	0.0005936324722005304	0.0006026511099343138	0.0005788928796049	0.0006348266435110503	0.0006359948309552298	0.0005821144533188528	0.0005954420409540183	0.0005870284863974811	0.0006481685967448551	0.0006042696699962537	0.0005498842541050023	0.0005771634548695671	0.000512968876862461	0.0006446509296311165	0.0005581285438661705	0.0006175444603033221	0.0006644971941595519	0.0006159025749163143	0.000581916427299156	0.0007023658348100708	
0.0001
	0.010449102492559524	0.0	0.0	0.0	0.0	0.010430636160714277	0.01040505952380953	0.010491369047619055	0.010488467261904767	0.010337648809523814	0.010410249255952374	0.010400372023809534	0.01047775297619048	0.010382961309523816	0.010379910714285722	0.010516406249999997	0.010509226190476196	0.010570089285714294	0.01049233630952381	0.010493973214285718	0.01043911830357142	0.010470610119047626	0.010406250000000006	0.01045327380952382	0.01042633928571429	
	0.0007635607831547822	0.0	0.0	0.0	0.0	0.0007727720554287407	0.0007726021659227632	0.0007778144557399965	0.0007666618611033654	0.0008531211713842655	0.0007907623239316177	0.0008175031325623265	0.0008509478749399799	0.0008560271608099191	0.0007165242081753813	0.0007584329559484395	0.0007521495056111515	0.000764670722799671	0.0008197893605074781	0.0007708506739006046	0.0007853769260134374	0.0007933244403569028	0.0008606003555302411	0.0008160981970228557	0.0007486570761191664	
0.00013894954943731373
	0.011093619791666664	0.0	0.0	0.0	0.0	0.011071000744047611	0.011046726190476195	0.011130803571428574	0.011152232142857148	0.010954241071428575	0.011097172619047614	0.011023139880952389	0.011226636904761911	0.011017931547619054	0.011120982142857148	0.011160249255952374	0.011164880952380957	0.011277380952380959	0.011155580357142862	0.011043154761904766	0.01104605654761904	0.011084672619047622	0.01103750000000001	0.011062797619047621	0.010999255952380962	
	0.0007624864968078833	0.0	0.0	0.0	0.0	0.000772250107498653	0.0008388801367220768	0.0007706594249032274	0.0007274574689656524	0.0008198191543691408	0.0008182422416919979	0.0008056402113408459	0.0008327162894112254	0.0008588531353256751	0.000843640432858235	0.0007781748054591688	0.0008014737280554106	0.0008058229315486361	0.0007423744170285361	0.0008259647115889707	0.0007469997850700722	0.0007267001376775866	0.0007782967992598294	0.0008415199754720496	0.0007412837057320139	
0.00019306977288832496
	0.01181844308035715	0.0	0.0	0.0	0.0	0.011783221726190472	0.011743377976190478	0.01191763392857144	0.011826860119047627	0.011645014880952388	0.01182098214285714	0.01173392857142858	0.011963392857142862	0.011812648809523816	0.011773958333333341	0.011821614583333327	0.011813616071428579	0.011916220238095247	0.011760416666666669	0.011796205357142861	0.011847953869047616	0.011876488095238103	0.011814062500000003	0.011903943452380961	0.011797321428571437	
	0.0005564021040708209	0.0	0.0	0.0	0.0	0.0005867087953123162	0.000564576101669742	0.0006354027308678714	0.0006206672959514415	0.0006464640471731481	0.0005576667195210623	0.000578005307981182	0.0005666210411116429	0.0006325340266944565	0.0005602316713477257	0.0005652917455007355	0.0006704840326882695	0.0005787393698854312	0.0006123421497336443	0.000522816001986801	0.0005803884552087879	0.0006351666558170764	0.0006153339891753781	0.0006166632776856345	0.0005708663063370299	
0.00026826957952797245
	0.013056780133928584	0.0	0.0	0.0	0.0	0.012987127976190473	0.01294821428571429	0.013069196428571433	0.013026190476190486	0.012904910714285723	0.013056696428571431	0.01298787202380953	0.013191666666666678	0.013010267857142864	0.013036979166666672	0.013104110863095233	0.013080654761904769	0.013142782738095247	0.013011235119047625	0.01318177083333334	0.013079185267857136	0.013109672619047627	0.013077083333333345	0.013117857142857148	0.01301212797619048	
	0.0005176732831517651	0.0	0.0	0.0	0.0	0.0005324755407233378	0.0006151170143367285	0.000592651373498959	0.0005347352578512393	0.0005563992672153887	0.000508536624768692	0.0005956021068882026	0.0005492815529893249	0.0005431941848054563	0.0005115510061673116	0.000527235767071135	0.000554616828440042	0.0005796904032205102	0.0005152739487737924	0.000575342542103678	0.0005626184289524997	0.0005936813907430257	0.0005870670754074853	0.0005716079866218608	0.0006238149594867797	
0.0003727593720314938
	0.014145558965773821	0.0	0.0	0.0	0.0	0.014084579613095243	0.01404300595238096	0.014181770833333343	0.014110342261904777	0.014003199404761916	0.01416099330357143	0.014090550595238109	0.014299107142857155	0.014169419642857154	0.014084895833333342	0.014186179315476187	0.014161830357142864	0.014266815476190487	0.014129538690476194	0.014186532738095252	0.014150483630952384	0.0141186011904762	0.01408958333333334	0.014224851190476194	0.014168898809523819	
	0.0005136876386397681	0.0	0.0	0.0	0.0	0.000504687649799484	0.000518802353893124	0.0005201418720008782	0.0005506039906398929	0.0005631670870000961	0.0005543316193543604	0.0005606580300882645	0.0005675796950619341	0.0006367419415614885	0.0005727069856323353	0.000531868061341706	0.0005623525736273168	0.0005887160546227085	0.000605758631734613	0.0004894612004359665	0.0005647558411098301	0.0005689879792603699	0.0006079095991567195	0.000563089889736004	0.0006485705654319141	
0.0005179474679231213
	0.015537504650297624	0.0	0.0	0.0	0.0	0.015553683035714283	0.015534970238095252	0.01563608630952382	0.01560699404761906	0.015436681547619058	0.015529687499999993	0.015419270833333342	0.015730952380952387	0.015442336309523819	0.015526190476190489	0.01556644345238095	0.0155263392857143	0.015685119047619055	0.015489360119047627	0.015564955357142866	0.015500204613095243	0.015606026785714296	0.015509151785714296	0.0154623511904762	0.015423288690476199	
	0.0003314561492178951	0.0	0.0	0.0	0.0	0.0004164858820042436	0.0004567014955342741	0.0004844183665485414	0.0004131948791419041	0.00047460504417984827	0.0003063872343778728	0.00039131744890030654	0.0003262197344151318	0.0003589348103308533	0.0003826337928586004	0.0003755200556722971	0.0003958353193201145	0.0004765548968297958	0.0004426408074251958	0.0003878247204491412	0.0003862348023685808	0.00039390238638930517	0.0004675108870405941	0.0004947413373973347	0.0003746377587742479	
0.0007196856730011514
	0.017203111049107118	0.0	0.0	0.0	0.0	0.0171823288690476	0.01716934523809524	0.017242336309523813	0.01730074404761905	0.01701688988095238	0.017143861607142843	0.017072916666666667	0.01722998511904762	0.017169047619047615	0.017103497023809526	0.01725589657738094	0.017245312500000002	0.017383035714285712	0.017221726190476187	0.01717351190476191	0.017230357142857124	0.017314955357142857	0.01714159226190476	0.017264732142857137	0.017200148809523808	
	0.00035549489938821265	0.0	0.0	0.0	0.0	0.0004166060821706791	0.0004458976505676455	0.00046656580243677225	0.00048484175357144815	0.00044651921822768737	0.00039203194223522755	0.0004092232142748881	0.0004303231358101811	0.0004599532192858322	0.0004566626372799539	0.0003747863211496515	0.0004219007259414867	0.000497402906465713	0.00043484462533053457	0.00036682374664683833	0.0003647707604814547	0.00038559833378263	0.0004017252283064773	0.0004207951820620068	0.0004301265858488895	
0.001
	0.01917511625744045	0.0	0.0	0.0	0.0	0.01915526413690474	0.01911681547619047	0.019284747023809518	0.01921183035714285	0.01900766369047619	0.019159654017857124	0.019042857142857136	0.019346651785714278	0.01907261904761904	0.01917648809523809	0.01923149181547617	0.019227604166666662	0.01935052083333333	0.019146949404761898	0.019200892857142857	0.019154055059523785	0.01918430059523809	0.0191641369047619	0.01914888392857142	0.0191188988095238	
	0.00037802985163367444	0.0	0.0	0.0	0.0	0.000379255038030545	0.0004686735812614057	0.00043782964201980634	0.00048533594264882915	0.00036618786409265715	0.00046912155214151336	0.0005374097055742558	0.0004630682978625653	0.000539978297354837	0.0005163179909917047	0.00041359520312029267	0.0004843072709304415	0.00036819960804204704	0.0005062016028786156	0.0004721218719446684	0.00040532186802957426	0.0005205641364265999	0.0004235666721188947	0.00048109838849470473	0.00039201323613241275	
0.0013894954943731374
	0.021444419642857142	0.0	0.0	0.0	0.0	0.021277213541666666	0.02119322916666666	0.021417931547619045	0.021332812499999992	0.02116488095238095	0.02144276413690476	0.021279538690476184	0.02169799107142856	0.021389806547619034	0.02140372023809524	0.021529929315476187	0.02148497023809524	0.021635193452380946	0.021538690476190468	0.021460863095238095	0.021527771577380946	0.02155721726190476	0.021565252976190472	0.021506845238095238	0.021481770833333334	
	0.0003312509776891714	0.0	0.0	0.0	0.0	0.0003638893423919389	0.00040685569517729276	0.0004452785348267438	0.00043928826627089495	0.00041046622188653715	0.0003658626354095187	0.00046751278168990904	0.0004084260914900273	0.0004268269163983728	0.000381514390825236	0.00038663994816944393	0.0004438216044397335	0.00043434260761331865	0.00048521307151935204	0.0004315480295564557	0.0003730568344573535	0.0004054317387855768	0.0004552935600352778	0.0004132085450822942	0.0004028367879462636	
0.0019306977288832496
	0.024283282180059564	0.0	0.0	0.0	0.0	0.024208072916666695	0.024182738095238094	0.024330877976190476	0.02424635416666667	0.024072321428571422	0.024227139136904798	0.02417976190476191	0.024404315476190486	0.02422477678571429	0.024099702380952374	0.02437304687500003	0.024322098214285715	0.024493080357142854	0.024341220238095235	0.024335788690476198	0.024324869791666703	0.024406175595238094	0.024253943452380952	0.024404166666666657	0.024235193452380954	
	0.0003603895994649396	0.0	0.0	0.0	0.0	0.00036711047884729626	0.0004387493297408814	0.00046992365942384584	0.00036859588117607573	0.00047198451785814363	0.0004282259680055936	0.0005460239166227919	0.0004573350532623293	0.0004395996106478748	0.0004956397136326695	0.0004038414348904459	0.00044874405098452937	0.00041426765390000994	0.00045932840728897973	0.0005361248065388289	0.00038704573190570334	0.0004967235880859199	0.00041838705339356246	0.0005187248776461907	0.0003994727086857943	
0.0026826957952797246
	0.027437490699404835	0.0	0.0	0.0	0.0	0.027414192708333382	0.027322023809523817	0.027540699404761892	0.02749806547619047	0.02729598214285714	0.027385751488095283	0.02737693452380953	0.02756651785714286	0.027294940476190466	0.02730461309523809	0.027440104166666722	0.0274626488095238	0.027530505952380952	0.02738095238095238	0.027386309523809528	0.02750991443452386	0.027674107142857146	0.027459374999999998	0.027581473214285713	0.027324702380952366	
	0.00026108683299651253	0.0	0.0	0.0	0.0	0.0002984140591910839	0.0004133343308959765	0.0003594866745175468	0.00045096163332923616	0.0003647550008865757	0.0003495892496052117	0.0004232901487494667	0.0004478494501456344	0.00040938406045779886	0.00046196540355795794	0.0002823272611393679	0.00034179296290683553	0.00035532990992003985	0.0004475819673803849	0.0004147186606126133	0.0003201049900823988	0.00041487083769353375	0.0004134715130097575	0.00034104228383799126	0.00038077711160608327	
0.003727593720314938
	0.0311066824776786	0.0	0.0	0.0	0.0	0.030992987351190496	0.030950297619047603	0.031188541666666646	0.031055803571428554	0.030777306547619027	0.031132180059523836	0.03110386904761903	0.03128288690476187	0.03106912202380951	0.03107284226190474	0.031222470238095257	0.031138392857142837	0.03131636904761902	0.03109925595238094	0.03133586309523808	0.031079092261904785	0.031161755952380944	0.03101956845238094	0.03111681547619045	0.031018229166666644	
	0.00022971600545375383	0.0	0.0	0.0	0.0	0.0002839016658178865	0.00031431283985124207	0.00034711925911040106	0.00043474365565347386	0.00040809964662952394	0.0003007879357710188	0.0003523599625746689	0.00038647108249501916	0.00029412127091443476	0.00040935393704143945	0.0002546903502102832	0.0003638506973086243	0.00043466683678356876	0.00035164184825132316	0.00039327448971810433	0.00032464581374325196	0.0003495542049295885	0.00041814682488019376	0.00036774819839402873	0.0004293489054513977	
0.005179474679231208
	0.0354263439360118	0.0	0.0	0.0	0.0	0.03535347842261899	0.03528430059523804	0.03552849702380948	0.03539687499999995	0.0352042410714285	0.03535491071428565	0.03531971726190471	0.03555885416666662	0.035251488095238044	0.03528958333333329	0.03547509300595232	0.0354619047619047	0.035439285714285666	0.03543616071428566	0.03556302083333329	0.03552189360119041	0.035551860119047554	0.03541116071428566	0.035629613095238044	0.03549494047619042	
	0.00022215638937750826	0.0	0.0	0.0	0.0	0.00032036734883201287	0.00042230801164339527	0.00033576488274626737	0.0003741062549711047	0.0005323567122567524	0.00030602894295633695	0.00046246591451624904	0.00035179141891928344	0.0004071048915395402	0.00039762559139718353	0.00020671887951802	0.00035278589260200483	0.0002591589953777523	0.0002695627739008628	0.0003783977849485677	0.00028588584774746727	0.00042585389165074853	0.00035237158881944587	0.00037287028699160775	0.0003915804358505704	
0.007196856730011514
	0.04028044084821422	0.0	0.0	0.0	0.0	0.04018534226190471	0.04013377976190473	0.04033288690476186	0.04023616071428567	0.04003854166666663	0.040236290922618996	0.040139806547619	0.040550967261904734	0.04012544642857139	0.04012894345238091	0.04040842633928566	0.040443005952380914	0.040452083333333284	0.04032857142857139	0.04041004464285709	0.04029170386904756	0.04038571428571425	0.04031919642857138	0.040279464285714245	0.040182440476190434	
	0.00019500688382011338	0.0	0.0	0.0	0.0	0.0002606635628081436	0.0003510666776350159	0.00032273766846022307	0.0004013358923793227	0.0003606003277478821	0.00023473760584670733	0.00038533298095186076	0.00040658880239404085	0.0003554416326933396	0.0003159117981038309	0.0002613264964473948	0.00031954003178959477	0.000311236141822367	0.0004345879151994668	0.00042195142527078885	0.00023262464373511425	0.00036749659066978796	0.00026779327115458967	0.00031344054887422375	0.0003254909935302864	
0.01
	0.046015015811011986	0.0	0.0	0.0	0.0	0.04590212053571435	0.0458307291666667	0.04609330357142859	0.04598333333333335	0.0457011160714286	0.04599644717261911	0.0459166666666667	0.046212202380952395	0.0459747023809524	0.04588221726190477	0.04613478422619054	0.04602217261904764	0.04624843750000004	0.046091964285714306	0.0461765625	0.04602671130952385	0.046181250000000035	0.045946428571428596	0.0460623511904762	0.0459168154761905	
	0.0001860787203868868	0.0	0.0	0.0	0.0	0.0002469283591317067	0.00038468359251411235	0.0002694104268652992	0.0004449468465860088	0.0003645986770945322	0.0002439015084689835	0.000371360122279589	0.0003867447299531672	0.0003583917585556726	0.0003453381503334822	0.00023002142491141826	0.00025721798292183796	0.00034586122599028507	0.0003696563360206416	0.0003688241946213051	0.0002732705216798047	0.00043012622546665784	0.00038957256183043767	0.00036049622367196607	0.0003619775684519278	
0.013894954943731374
	0.05243506324404778	0.0	0.0	0.0	0.0	0.05237243303571443	0.052257068452381004	0.052653348214285786	0.052408630952381026	0.05217068452380959	0.05242676711309537	0.05225401785714292	0.052718080357142934	0.05234449404761911	0.05239047619047626	0.052485453869047766	0.05242678571428579	0.052581398809523866	0.05251532738095246	0.052418303571428654	0.05245559895833346	0.05256577380952389	0.052372842261904834	0.052503497023809596	0.052380282738095287	
	0.00013064445060164797	0.0	0.0	0.0	0.0	0.00024184363103036983	0.00042178526513734187	0.00025536998776178206	0.000307215054441438	0.0003957821697600155	0.00021983989994732228	0.00033054129359084207	0.0002978335257691221	0.00039767838321710345	0.0002894713986792919	0.00021617662715547008	0.0002673503389987622	0.0003226434822059551	0.00039972384861507057	0.0003593332199907919	0.0001940968055806108	0.00020841707500633499	0.0004189546358068122	0.0003547537666477291	0.00032623029829750285	
0.019306977288832496
	0.059730329241071634	0.0	0.0	0.0	0.0	0.059617317708333464	0.05953154761904767	0.05985840773809526	0.05975275297619053	0.05932656250000004	0.05973424479166677	0.059564062500000035	0.06011934523809525	0.05965401785714288	0.059599553571428605	0.05980613839285726	0.059775148809523844	0.059989285714285745	0.059717633928571455	0.05974248511904765	0.05976361607142867	0.05983110119047622	0.05970937500000005	0.05984598214285719	0.059668005952380976	
	0.0001410153968095132	0.0	0.0	0.0	0.0	0.0002061813555858337	0.0003475013369380734	0.0003126225755210473	0.00036801110471669144	0.00029794949103517784	0.0002516432414345046	0.0003498593002164086	0.00035225530910398687	0.00033274704631669255	0.00036928917545813226	0.00017272598737450915	0.000317343383567112	0.0002703427578814509	0.00036962369382549285	0.00031916545977250164	0.00017818687667214443	0.00031047298232484506	0.0002816880564373475	0.0003267545075198252	0.00029972558074483843	
0.026826957952797246
	0.06779742373511882	0.0	0.0	0.0	0.0	0.06773829985119033	0.06764888392857132	0.0680174107142856	0.06783244047619037	0.0674544642857142	0.06781225818452365	0.06764747023809513	0.06815238095238084	0.06776763392857134	0.06768154761904753	0.06782888764880936	0.06782760416666657	0.06801019345238082	0.06769122023809514	0.06778653273809514	0.06781024925595219	0.06780892857142845	0.06771436011904752	0.06792775297619037	0.06778995535714276	
	0.00012490488667977754	0.0	0.0	0.0	0.0	0.00017509784737239264	0.00033482695927972107	0.00032526766515684954	0.000336655163725492	0.0003663936771246243	0.00023475754828046616	0.00040203238680090703	0.0003827006306647039	0.00030332642314596426	0.0003269711314766868	0.00020066421571228555	0.0002279364227134236	0.000337406530017379	0.0003341174808895833	0.00042955712049989414	0.0001827446966101617	0.00027788376662751276	0.0002829822430369534	0.00037230353323110883	0.0003354272049750462	
0.03727593720314938
	0.07683244512648787	0.0	0.0	0.0	0.0	0.07681125372023791	0.07673407738095227	0.07697157738095224	0.07699047619047607	0.07654888392857129	0.07677029389880934	0.07654642857142843	0.0771331101190475	0.07665587797619035	0.07674575892857131	0.07688541666666646	0.07694397321428562	0.077045982142857	0.07671183035714271	0.07683988095238081	0.07686281622023791	0.07704047619047608	0.07678444940476177	0.07688221726190464	0.0767441220238094	
	0.00010946744185046838	0.0	0.0	0.0	0.0	0.00020126761524004726	0.00035219872671274593	0.00032775475818389607	0.00025167443434764435	0.00032592870705459094	0.00017753141171978053	0.00040686864199239464	0.000380676234839182	0.0003093297328967676	0.0003060762763462357	0.0001945242561966302	0.00036260442193961355	0.0003755901676889656	0.00031960115762020896	0.0003133957895105347	0.00024584117917789274	0.0002634248450444153	0.0004090512410125267	0.00043079265473665296	0.0003211222722827197	
0.05179474679231207
	0.08671233258928576	0.0	0.0	0.0	0.0	0.0866766369047619	0.08649516369047623	0.08698973214285714	0.08679136904761908	0.08643028273809525	0.08665822172619052	0.08651569940476189	0.08693787202380955	0.08663549107142857	0.08654382440476192	0.08677706473214289	0.08679799107142858	0.08688653273809523	0.08668980654761911	0.08673392857142856	0.08673740699404764	0.0869279017857143	0.08658087797619049	0.08684441964285716	0.0865964285714286	
	9.189268614983848e-05	0.0	0.0	0.0	0.0	0.00015359238952906255	0.00030361140937995123	0.00031006416746607625	0.0002764961843350126	0.00029443630213286687	0.00016082312610527335	0.00033668749994739404	0.0004065361054830193	0.0002610227746725222	0.00025851933185401407	0.00019730861090382488	0.00033366006421403074	0.00037420021862062333	0.00025462641251597086	0.0003275020406476914	0.00018800800363172852	0.00026778592183104903	0.00029474412228375354	0.0003101367646576456	0.00038002951600595746	
0.07196856730011514
	0.09738938337053599	0.0	0.0	0.0	0.0	0.09729973958333361	0.09717247023809543	0.09750319940476214	0.09739590773809544	0.09712738095238115	0.09741560639880976	0.09722879464285734	0.0977094494047621	0.09737261904761925	0.09735156250000022	0.09742927827380977	0.0974203125000002	0.09753214285714305	0.09732953869047639	0.09743511904761923	0.09741290922619075	0.0976280505952383	0.09732135416666683	0.09740379464285737	0.09729843750000021	
	9.743679070397932e-05	0.0	0.0	0.0	0.0	0.00015910932950842507	0.0003427256175469057	0.0002797251056249804	0.0002951179224662266	0.00027893089914785815	0.00016638155158316424	0.00031272459509909035	0.00039473311029176246	0.0002708187790437718	0.0002737185751675924	0.0001720700769813042	0.00019881544101635579	0.00024335244157514885	0.0003279900735573055	0.0002652006998677157	0.00019075920877170967	0.0003024892537967129	0.00032482624875619946	0.00034770851452094957	0.0002899398915374031	
0.1
	0.10875159505208364	0.0	0.0	0.0	0.0	0.10869153645833368	0.10860930059523842	0.10888125000000028	0.10875625000000029	0.10851934523809553	0.10874244791666698	0.108571354166667	0.10908258928571458	0.10871822916666697	0.10859761904761935	0.10879468005952413	0.10873117559523841	0.10892075892857174	0.1087078869047622	0.10881889880952408	0.10877771577380989	0.10887380952380982	0.1087299851190479	0.10881927083333362	0.10868779761904789	
	7.02044514952928e-05	0.0	0.0	0.0	0.0	0.00011681458907620044	0.00027724704936857536	0.000281967975299338	0.00026751366866978495	0.0002781840716651034	0.0001600609948117356	0.0002926085772620364	0.0002913745956230507	0.00029345771035258313	0.0002952773951378101	0.00010855087404395282	0.00019200034556569697	0.0002277206937575906	0.00027162756385666083	0.00031193173956394274	0.0001499051463810673	0.0002465211107016044	0.0003008237893063959	0.00029821377520214	0.00033491949622023356	
0.1389495494373136
	0.12056369512648861	0.0	0.0	0.0	0.0	0.1205040736607147	0.1204243303571431	0.1206694196428574	0.12061138392857168	0.12031116071428595	0.12053173363095276	0.12045029761904785	0.12075907738095261	0.12043675595238118	0.1204808035714288	0.12061069568452416	0.12057209821428595	0.12062819940476213	0.12062462797619071	0.12061785714285735	0.1206082775297623	0.12074188988095258	0.12056138392857162	0.1206022321428574	0.12052760416666687	
	8.145373233218694e-05	0.0	0.0	0.0	0.0	0.00013965596046617223	0.00029616498406089003	0.0002598770024737582	0.00025617788593501124	0.00027497886147109395	0.00015055473554105643	0.00017574297659044008	0.00030074397398740203	0.00024091797732228942	0.0002691885314327663	0.00015838324295927995	0.00031664142992942246	0.00026343805310718066	0.0002718502481923425	0.0002952489707338238	0.0001425258233716242	0.00028934603747462193	0.00024392310675703401	0.00026142602010530066	0.0002667875988842785	
0.19306977288832497
	0.13260979817708288	0.0	0.0	0.0	0.0	0.13258284970238063	0.13255223214285705	0.13276607142857128	0.13257700892857127	0.13243608630952364	0.13259451264880923	0.1325035714285713	0.13279040178571413	0.13255766369047603	0.13252641369047602	0.13262832961309493	0.1326312499999998	0.13264211309523796	0.13255788690476178	0.13268206845238076	0.1326335007440473	0.13272075892857133	0.13263943452380936	0.13262209821428558	0.1325517113095237	
	4.630247162557439e-05	0.0	0.0	0.0	0.0	9.748941247469191e-05	0.00020136980420166104	0.000190847039470049	0.00024151452197105502	0.0002446279780009337	0.00011100502416527496	0.00018370377501779306	0.00023238122348929463	0.0002575549072166339	0.000256118061773069	0.00010822713728153386	0.0002101989701129804	0.00021149231279217899	0.0002592580091592314	0.00024098714585232134	0.00010211542110587578	0.0002116760031494	0.00023295682998613026	0.00023001698740088899	0.00023072057672774752	
0.2682695795279722
	0.1445617652529759	0.0	0.0	0.0	0.0	0.14455018601190425	0.1445274553571425	0.14465357142857108	0.14458318452380922	0.14443653273809487	0.14458630952380902	0.14447700892857107	0.14475468749999965	0.14458556547619011	0.1445279761904759	0.14456495535714234	0.1445476190476187	0.14456510416666635	0.14457596726190441	0.1445711309523806	0.14454561011904712	0.14465572916666627	0.14446599702380925	0.14457232142857107	0.14448839285714252	
	4.761879239696741e-05	0.0	0.0	0.0	0.0	9.350786445105652e-05	0.00020596857571632054	0.00017968070639330628	0.00023889277697986607	0.000191856700310818	0.00011805318479177723	0.00019978293752167042	0.00020413256615559654	0.0002564610290563006	0.00016558602149045697	8.277604166329775e-05	0.0002273094093226266	0.0001879327165048598	0.0001902945824386699	0.00016512299311641153	9.30243954927928e-05	0.00019742432552439452	0.00019014283573726427	0.00020609066072461895	0.00021679795946822944	
0.3727593720314938
	0.15601542968749985	0.0	0.0	0.0	0.0	0.1560003162202377	0.15593690476190444	0.15611718749999964	0.15605327380952355	0.15589389880952353	0.1560090587797615	0.1558770089285711	0.15610550595238065	0.1560292410714283	0.15602447916666634	0.15602101934523774	0.15600081845238067	0.15603757440476154	0.15603333333333302	0.15601235119047588	0.15603132440476153	0.15609159226190444	0.15599895833333302	0.15607983630952355	0.15595491071428538	
	4.557093692550652e-05	0.0	0.0	0.0	0.0	8.471828630368983e-05	0.000143685902104946	0.00013461598141442798	0.00018274488121415716	0.00014572973725654638	8.101360025772038e-05	0.00012289272599925742	0.0001433282936198858	0.000147912493503735	0.00021532292021988014	8.216796659714854e-05	0.0001413970249571965	0.0001975650996044033	0.00018682376401199383	0.00016257064191462859	9.273894709232083e-05	0.00018435705851154008	0.00017088530506110923	0.00015352933580690026	0.00016299880925862458	
0.5179474679231213
	0.1666353190104168	0.0	0.0	0.0	0.0	0.16660957961309508	0.16659144345238086	0.16664955357142847	0.1666630208333332	0.16653430059523797	0.16663279389880936	0.16661406249999985	0.16669523809523804	0.16660334821428566	0.1666185267857142	0.16666869419642846	0.16664724702380948	0.16673430059523803	0.16664404761904753	0.16664918154761899	0.16663020833333317	0.16666510416666658	0.166585863095238	0.16661361607142847	0.16665624999999987	
	4.0006732038969186e-05	0.0	0.0	0.0	0.0	7.63489233689492e-05	0.0001470793954891868	0.00012678361835961717	0.0001223579240032653	0.00015583862015954518	6.804993028195334e-05	0.0001594426689575759	0.00015968142533297251	0.0001557028579351641	0.00013001518412355105	7.584006474186876e-05	0.0001417302129949243	0.00017208598998235506	0.00016681016622112658	0.00013182258300598057	7.039620474278938e-05	0.0001464899009256521	0.0001476060712182553	0.00013690437774920895	0.00015856490964187821	
0.7196856730011514
	0.17604441964285691	0.0	0.0	0.0	0.0	0.17603939732142873	0.17602686011904772	0.17610297619047632	0.17604523809523823	0.17598251488095243	0.17603026413690487	0.17603169642857158	0.17605178571428579	0.17600126488095247	0.17603630952380966	0.17606036086309543	0.17604747023809533	0.1760713541666668	0.17608936011904772	0.17603325892857152	0.17604765625000018	0.1760839285714287	0.17604136904761924	0.17605111607142865	0.1760142113095239	
	3.292762620543434e-05	0.0	0.0	0.0	0.0	5.896488188449302e-05	0.00011095566305599392	0.00012326163327120655	0.00011112385441023711	0.00010350034014402854	6.326817259139268e-05	0.00011617640628246891	0.00013061043355295178	0.00012002853411843013	0.00011720618237324284	7.527238971343957e-05	0.00012597137101982197	0.00012019556742158583	0.00011506039083537246	0.0001338558210146829	5.150896358767948e-05	0.00010117066945510604	9.849751729202804e-05	0.00012139840913469367	0.00011899294224301326	
1.0
	0.183984593563988	0.0	0.0	0.0	0.0	0.18396835937500028	0.18393549107142887	0.18397760416666695	0.18399226190476217	0.18396808035714315	0.18399631696428606	0.18399032738095267	0.18404315476190503	0.18399657738095268	0.18395520833333365	0.18398902529761943	0.18398943452380984	0.18399620535714317	0.18395997023809552	0.18401049107142886	0.183984672619048	0.183998735119048	0.18397388392857175	0.18399017857142885	0.1839758928571432	
	1.8902119023818887e-05	0.0	0.0	0.0	0.0	4.695048441447533e-05	9.946169086445203e-05	8.99943665663403e-05	0.00010309622184864784	8.524360397413901e-05	4.5828199600382855e-05	9.433866583682539e-05	0.00010943926278636265	0.00010528166014092777	8.971054683656928e-05	4.941570009886606e-05	0.0001058028388896923	7.1765273201707e-05	0.00010369888589397485	0.00010072901717554917	4.3838014046229e-05	8.005208990312429e-05	8.228739467301468e-05	9.591567465959163e-05	9.054249411077788e-05	
1.389495494373136
	0.19024452194940467	0.0	0.0	0.0	0.0	0.19024622395833385	0.1902520833333337	0.1902676339285718	0.19024687500000032	0.190218303571429	0.1902361793154767	0.1902423363095242	0.190229985119048	0.1902364583333338	0.19023593750000034	0.19024953497023858	0.19024813988095274	0.19025758928571473	0.19023958333333368	0.1902528273809528	0.1902461495535719	0.19024828869047652	0.19024114583333368	0.19024568452380988	0.1902494791666671	
	1.9314201526213152e-05	0.0	0.0	0.0	0.0	3.987663587298362e-05	8.0680840538763e-05	4.795160337195334e-05	6.614729797778623e-05	8.076821115279311e-05	3.5372505269541545e-05	8.197503911761786e-05	6.846891783947395e-05	8.263338054960987e-05	7.06715605280988e-05	4.184699448831781e-05	6.174093513624653e-05	7.183570724259124e-05	7.805978003288444e-05	7.94486786885117e-05	3.599001576897469e-05	7.233126433459957e-05	7.79429923536139e-05	7.627471626476234e-05	7.816258308027155e-05	
1.9306977288832496
	0.1947763857886905	0.0	0.0	0.0	0.0	0.1947725446428577	0.19476755952380997	0.19478251488095277	0.19476614583333385	0.19477395833333375	0.19477916666666723	0.19477819940476243	0.1947872023809528	0.19476845238095283	0.19478281250000043	0.1947750744047625	0.19477224702381002	0.1947851190476195	0.194771428571429	0.194771502976191	0.19477875744047674	0.19478586309523863	0.19476837797619095	0.19477976190476243	0.1947810267857148	
	1.2966714301198185e-05	0.0	0.0	0.0	0.0	3.2163905765233314e-05	5.2572321892768494e-05	5.004742161977593e-05	6.313896206532022e-05	6.303958546277988e-05	2.7587490751379176e-05	5.860096563657533e-05	6.087746512164723e-05	6.131674714731547e-05	5.109007188651945e-05	2.425324193332746e-05	5.2814227487173385e-05	6.916986177156658e-05	5.001394894709848e-05	5.034124138571221e-05	3.232619327659915e-05	5.511158253211499e-05	5.141907404105489e-05	6.468423240676054e-05	4.9027092492367244e-05	
2.682695795279722
	0.19761079799107142	0.0	0.0	0.0	0.0	0.19761192336309585	0.19761473214285752	0.19762053571428617	0.1976078869047624	0.1976045386904766	0.19760745907738156	0.1976025297619053	0.19761502976190526	0.19760766369047664	0.19760461309523858	0.19761263020833394	0.19761956845238143	0.19761904761904814	0.19760840773809565	0.19760349702380994	0.19761117931547675	0.19761904761904808	0.19760282738095283	0.19761101190476235	0.1976118303571433	
	1.046158222085139e-05	0.0	0.0	0.0	0.0	1.836193790308801e-05	4.860265759014594e-05	5.2294427658317224e-05	3.319486546095462e-05	4.199389205954065e-05	1.952789263947181e-05	4.681803984442991e-05	3.0625853220544766e-05	4.7688809112087986e-05	3.958613040599584e-05	2.7834771954623625e-05	4.3450151300366827e-05	4.561564141584778e-05	4.2491633851227775e-05	3.0132458811918392e-05	2.054434753448515e-05	3.631531716082699e-05	4.546831106947493e-05	3.992118839157048e-05	4.7875344963745345e-05	
3.727593720314938
	0.19923950427827392	0.0	0.0	0.0	0.0	0.1992423549107143	0.19925059523809519	0.19924583333333332	0.19923117559523812	0.1992418154761904	0.19923818824404751	0.1992299107142856	0.19924337797619043	0.19923683035714285	0.1992426339285714	0.19923958333333333	0.19924486607142847	0.19923831845238088	0.1992357142857142	0.1992394345238095	0.19923789062499994	0.19923816964285707	0.1992375744047619	0.19923206845238092	0.19924374999999997	
	9.872178796556777e-06	0.0	0.0	0.0	0.0	1.4705167572075283e-05	3.6704706902242586e-05	3.212390589900474e-05	3.3732611444954674e-05	2.6607375891101456e-05	2.1974651604493456e-05	3.338776380808753e-05	3.4869488227538084e-05	3.906079928258605e-05	2.926945641557995e-05	2.2032794077059816e-05	4.233683257681243e-05	3.460749363523548e-05	3.958976630498303e-05	2.7711753663339778e-05	1.6163235783474316e-05	2.837632183598127e-05	2.8560285060258175e-05	3.0488616589816365e-05	3.144813886268033e-05	
5.179474679231202
	0.19998662574404755	0.0	0.0	0.0	0.0	0.19998748139880965	0.19998712797619048	0.19998705357142865	0.19998831845238102	0.19998742559523824	0.19998621651785722	0.19998757440476206	0.19998638392857168	0.19998526785714302	0.1999856398809525	0.19998578869047628	0.19998660714285732	0.19998630952380964	0.19998526785714302	0.19998497023809536	0.19998701636904778	0.19998668154761914	0.1999874255952381	0.1999870535714288	0.19998690476190495	
	1.3729329390446672e-06	0.0	0.0	0.0	0.0	3.0723513725965448e-06	5.754235506239664e-06	6.028163422698246e-06	5.240652277605349e-06	5.7772794249645415e-06	2.8496271009767025e-06	4.4150308628146005e-06	4.969547464153574e-06	4.25865714912486e-06	6.198858936207668e-06	2.344340439609771e-06	5.705443307345215e-06	4.416911333305151e-06	6.484749574265327e-06	5.087893153934417e-06	2.3934174265414575e-06	4.094966638568212e-06	4.592045870316328e-06	4.589030935968338e-06	5.2738229603608975e-06	
7.196856730011514
	0.1999999906994048	0.0	0.0	0.0	0.0	0.19999998139880934	0.1999999999999997	0.19999992559523772	0.19999999999999987	0.19999999999999965	0.19999999999999973	0.19999999999999968	0.19999999999999968	0.1999999999999998	0.1999999999999999	0.19999998139880923	0.19999999999999973	0.19999999999999962	0.19999992559523785	0.1999999999999997	0.19999999999999976	0.19999999999999962	0.19999999999999965	0.19999999999999976	0.1999999999999997	
	3.4799640852914855e-08	0.0	0.0	0.0	0.0	1.0017047637702177e-07	4.404020718988016e-16	4.006819054324939e-07	4.678825034258236e-16	5.126898856130965e-16	3.2021322620900043e-16	4.458781541997914e-16	5.077070649073023e-16	4.2663007310497504e-16	5.373649563643498e-16	1.0017047619027222e-07	4.06471536718747e-16	4.1158814111718677e-16	4.0068190528422814e-07	4.463098860449883e-16	2.994087826780379e-16	4.631939073484647e-16	4.710004782667257e-16	4.638033368304842e-16	5.130403743692326e-16	
10.0
	0.19999999999999996	0.0	0.0	0.0	0.0	0.2	0.20000000000000023	0.20000000000000007	0.2	0.19999999999999984	0.1999999999999998	0.20000000000000018	0.20000000000000015	0.19999999999999993	0.20000000000000018	0.19999999999999982	0.2	0.19999999999999984	0.20000000000000007	0.2	0.19999999999999993	0.1999999999999999	0.20000000000000004	0.20000000000000004	0.20000000000000012	
	3.530890327759658e-16	0.0	0.0	0.0	0.0	4.992918705541718e-16	5.91764667770432e-16	6.617245893541224e-16	5.941249365304343e-16	5.98088110847827e-16	4.847832622390062e-16	6.211091751002604e-16	6.828849370142548e-16	7.054868218198778e-16	7.322949772565574e-16	4.24276150797324e-16	6.361418080229014e-16	6.102651006838267e-16	6.011928583214135e-16	6.51655363826941e-16	4.63609514347598e-16	6.792464777070297e-16	6.448220184362827e-16	6.599759967018628e-16	6.07967494959063e-16	
13.89495494373136
	0.19999999999999998	0.0	0.0	0.0	0.0	0.19999999999999984	0.19999999999999987	0.2000000000000001	0.19999999999999976	0.20000000000000018	0.1999999999999998	0.1999999999999999	0.2	0.20000000000000004	0.2	0.19999999999999987	0.1999999999999998	0.19999999999999987	0.1999999999999999	0.19999999999999984	0.2000000000000003	0.19999999999999998	0.19999999999999998	0.19999999999999968	0.19999999999999993	
	7.161619814841357e-16	0.0	0.0	0.0	0.0	6.914240163089233e-16	7.879357695095897e-16	8.233634315563856e-16	7.6890125165396305e-16	7.648159534876943e-16	7.37483976975063e-16	8.29175078665729e-16	8.586751538906954e-16	8.077937510431241e-16	7.741931785796313e-16	6.971936882225865e-16	7.331536046051435e-16	8.309693632906312e-16	7.517270280820958e-16	8.141740647995128e-16	7.472558387477963e-16	7.94621011573339e-16	8.22630186855445e-16	7.237236404011911e-16	8.253259372701658e-16	
19.306977288832496
	0.19999999999999982	0.0	0.0	0.0	0.0	0.2000000000000002	0.2000000000000001	0.1999999999999999	0.1999999999999999	0.19999999999999993	0.20000000000000007	0.20000000000000015	0.20000000000000012	0.2000000000000002	0.2000000000000001	0.19999999999999998	0.20000000000000026	0.19999999999999976	0.20000000000000012	0.20000000000000034	0.19999999999999982	0.2000000000000001	0.19999999999999984	0.19999999999999996	0.19999999999999984	
	6.72120619945163e-16	0.0	0.0	0.0	0.0	7.290969371193395e-16	8.405709362872736e-16	7.88750106287744e-16	8.731911734837589e-16	8.276406729696934e-16	7.669282919646802e-16	8.546133588023826e-16	8.196906489230517e-16	8.799874499327928e-16	8.092864612862901e-16	7.831959191379715e-16	8.130852060167649e-16	7.56137819992994e-16	7.96541499784494e-16	8.565492353320013e-16	7.791690937163172e-16	8.911946083765155e-16	7.269629816846643e-16	8.410443210524306e-16	7.812426248671264e-16	
26.82695795279722
	0.19999999999999987	0.0	0.0	0.0	0.0	0.19999999999999976	0.19999999999999996	0.19999999999999998	0.1999999999999999	0.20000000000000007	0.19999999999999998	0.1999999999999999	0.19999999999999976	0.19999999999999987	0.19999999999999993	0.19999999999999965	0.20000000000000023	0.20000000000000015	0.1999999999999999	0.20000000000000004	0.1999999999999996	0.19999999999999998	0.20000000000000012	0.2	0.2000000000000002	
	6.308926389172952e-16	0.0	0.0	0.0	0.0	8.261500428039154e-16	7.999996000329256e-16	7.749225488137122e-16	8.413038060625138e-16	8.769327153555515e-16	8.30382007405315e-16	8.103487359392077e-16	8.676595966898583e-16	8.362523556558558e-16	8.314945405527884e-16	7.548802235754327e-16	8.209428026396886e-16	8.448522453398788e-16	8.453991736624424e-16	7.83540112654611e-16	6.665384606841886e-16	8.335765380989255e-16	7.711356104013112e-16	8.637292534456846e-16	8.509396576477971e-16	
37.27593720314938
	0.1999999999999998	0.0	0.0	0.0	0.0	0.1999999999999998	0.1999999999999997	0.20000000000000004	0.20000000000000004	0.20000000000000012	0.20000000000000023	0.19999999999999987	0.20000000000000012	0.19999999999999998	0.2	0.19999999999999993	0.20000000000000018	0.2000000000000002	0.19999999999999998	0.20000000000000004	0.20000000000000004	0.19999999999999996	0.2000000000000002	0.20000000000000012	0.20000000000000007	
	6.237084011782239e-16	0.0	0.0	0.0	0.0	8.108080948967527e-16	6.82640468580596e-16	8.355304220921494e-16	8.907478762004942e-16	8.41868291085074e-16	7.662248261750626e-16	7.30557120414681e-16	8.466891303381539e-16	8.368969608672412e-16	7.648831015083232e-16	8.189854711563943e-16	7.790866968913544e-16	7.680491536567485e-16	7.399867578465028e-16	8.285709550239115e-16	8.055494993660369e-16	8.064734228432652e-16	8.395469025098466e-16	8.584358769613528e-16	8.1422137345438e-16	
51.79474679231202
	0.19999999999999968	0.0	0.0	0.0	0.0	0.20000000000000018	0.20000000000000015	0.19999999999999993	0.20000000000000015	0.19999999999999982	0.19999999999999965	0.20000000000000007	0.20000000000000032	0.19999999999999984	0.20000000000000007	0.19999999999999984	0.19999999999999998	0.20000000000000048	0.2	0.19999999999999998	0.19999999999999982	0.20000000000000015	0.19999999999999976	0.2	0.19999999999999998	
	5.349702699552036e-16	0.0	0.0	0.0	0.0	8.255437054776869e-16	9.233197223332183e-16	8.458850352966093e-16	8.5271825988243e-16	7.976368455392731e-16	7.607087160165522e-16	8.159226581667251e-16	8.455965886202285e-16	8.352230270550387e-16	8.376790289072587e-16	7.828023698049004e-16	8.663415832457012e-16	8.158754481611019e-16	8.291441086737985e-16	8.663119419290132e-16	6.8294134037905335e-16	8.50064065311604e-16	7.468949244426849e-16	8.64472195362059e-16	7.812919275834438e-16	
71.96856730011514
	0.19999999999999987	0.0	0.0	0.0	0.0	0.19999999999999946	0.20000000000000012	0.19999999999999993	0.2000000000000002	0.1999999999999999	0.19999999999999993	0.1999999999999999	0.19999999999999998	0.20000000000000007	0.20000000000000007	0.2000000000000001	0.20000000000000004	0.20000000000000023	0.20000000000000023	0.2	0.1999999999999997	0.19999999999999987	0.20000000000000007	0.2	0.19999999999999993	
	6.287112706052249e-16	0.0	0.0	0.0	0.0	7.029342689981683e-16	8.357762567196366e-16	8.008497677760011e-16	8.261655840634106e-16	8.328368686030786e-16	7.070502495799546e-16	7.884081872891091e-16	8.28973753036422e-16	7.500684337808113e-16	8.337305533133838e-16	8.457028698944114e-16	7.493320062026026e-16	8.140794392420255e-16	8.359605852475281e-16	8.647246502065416e-16	7.196494991165424e-16	7.8015717682927e-16	8.078732199757251e-16	8.32543901216028e-16	7.719011378807266e-16	
100.0
	0.19999999999999996	0.0	0.0	0.0	0.0	0.20000000000000018	0.20000000000000012	0.19999999999999998	0.20000000000000007	0.1999999999999999	0.19999999999999987	0.2000000000000003	0.19999999999999996	0.19999999999999987	0.20000000000000034	0.2	0.20000000000000026	0.20000000000000018	0.20000000000000023	0.20000000000000023	0.19999999999999973	0.20000000000000007	0.20000000000000026	0.19999999999999998	0.19999999999999998	
	6.123654135441988e-16	0.0	0.0	0.0	0.0	8.243452684267631e-16	8.376483733280677e-16	8.055494993660368e-16	8.45566220088242e-16	8.074121912890074e-16	7.641105430109144e-16	7.680324364028662e-16	9.064791396051513e-16	7.802559163209004e-16	7.891244190146483e-16	7.990199853767151e-16	8.133693966642573e-16	8.280749346524331e-16	8.337305533133838e-16	8.87122501917562e-16	6.747897427977049e-16	8.078732199757251e-16	8.705551519859841e-16	8.49248047141783e-16	7.695188498238767e-16	
