rs_generated = 50
1e-05
	0.00023558407738095242	0.00023493303571428572	0.00025074404761904766	0.00022674851190476194	0.00022991071428571434	
	0.00022422394574271525	0.0002233228437656253	0.00024328024771707224	0.00021328590916933025	0.0002342837478253892	
1.3894954943731388e-05
	0.0003445405505952382	0.0003324032738095238	0.0003385416666666667	0.00033984375	0.0003673735119047619	
	0.00036359150940077576	0.0003670407059452786	0.0003498972433913906	0.0003651769966911412	0.0003884962278769704	
1.9306977288832496e-05
	0.0004345703125000001	0.0004352678571428574	0.0004369419642857143	0.00042857142857142855	0.00043750000000000006	
	0.00038690578195067153	0.00038740970513016207	0.00038597667455032587	0.00041744751715779477	0.0003867086842897402	
2.6826957952797274e-05
	0.0007089843749999998	0.0006850818452380955	0.0007005208333333334	0.000711309523809524	0.0007390252976190475	
	0.0006108022517581959	0.0006100799441682859	0.0005679819218830432	0.000638799764003003	0.0006476303323996706	
3.727593720314938e-05
	0.0009736793154761905	0.0009484747023809528	0.000986421130952381	0.0009743303571428576	0.0009854910714285718	
	0.0006340393474492175	0.0006233327759812372	0.0006266315918488945	0.0006504370066235928	0.0006634363294294686	
5.1794746792312125e-05
	0.001428013392857142	0.001431175595238096	0.0014438244047619057	0.0014142485119047628	0.0014228050595238104	
	0.0007741115330045556	0.0007618740620558845	0.0007846372855147869	0.0007955883993867387	0.0007963614564299445	
7.196856730011514e-05
	0.0016711774553571429	0.0016768973214285727	0.0016768973214285722	0.0016741071428571438	0.0016568080357142864	
	0.0008340045029690345	0.0008713541992278838	0.0008654601421631112	0.0008290289957453637	0.0008075175280998615	
0.0001
	0.002391927083333331	0.0023279389880952414	0.002440476190476193	0.00239806547619048	0.0024012276785714323	
	0.0009029004300949871	0.000905218195763512	0.0009540978351376323	0.000840141789948562	0.0009519159725978203	
0.00013894954943731373
	0.0031114211309523736	0.003004278273809531	0.003106956845238102	0.0031369047619047687	0.00319754464285715	
	0.0007402297766891635	0.0007193676801930682	0.0007541740448948145	0.0007259481056858567	0.0008489604526600162	
0.00019306977288832496
	0.00441866629464285	0.004339285714285718	0.004481026785714289	0.004366443452380957	0.004487909226190478	
	0.0012566169017326427	0.0012373415710618789	0.001330054839164911	0.0012292440753578417	0.0013043406374269114	
0.00026826957952797245
	0.005482886904761901	0.005420944940476188	0.00549739583333333	0.0054404761904761866	0.005572730654761899	
	0.0008854050945794275	0.000925966832186514	0.000928892571479709	0.0008825941657298518	0.0009030556903590641	
0.0003727593720314938
	0.0065115327380952355	0.006456101190476182	0.006572730654761897	0.006399181547619037	0.0066181175595238	
	0.0009672232081459335	0.0009662915806096427	0.0009595630138762592	0.0009756840578576157	0.0010919952245210165	
0.0005179474679231213
	0.008528180803571423	0.008354166666666647	0.008612537202380933	0.008454427083333313	0.008691592261904744	
	0.0010625209188062088	0.0009675304400592151	0.0011749441485746353	0.0010344176880618498	0.0011906445193494576	
0.0007196856730011514
	0.010862630208333337	0.010699962797619023	0.010970052083333301	0.010818266369047591	0.010962239583333302	
	0.0010481852326697124	0.0010676441832240557	0.0010882183705258042	0.0011284502157091298	0.001102210885135331	
0.001
	0.012791992187500004	0.01258686755952378	0.012882626488095208	0.012681919642857106	0.013016555059523774	
	0.0010656141002612861	0.0010702165641176728	0.0010229102459344559	0.0011644103954977715	0.0011771623592845225	
0.0013894954943731374
	0.015762044270833338	0.015406622023809493	0.016033668154761878	0.015725074404761875	0.015882812499999965	
	0.0007775351867695094	0.0008951360580593304	0.0009373036519927377	0.0008808082256421753	0.0007159294470554615	
0.0019306977288832496
	0.01873228236607143	0.018477492559523787	0.018913876488095203	0.018619791666666642	0.01891796874999997	
	0.0009401853098921321	0.0010068610658904075	0.000990375821823627	0.000988753974091401	0.000970510958728802	
0.0026826957952797246
	0.022209216889880954	0.021922805059523768	0.02243154761904758	0.021945870535714243	0.022536644345238055	
	0.0007851844324901762	0.0009101192217390684	0.0008094364407619399	0.0008833609001745641	0.0008578973305609452	
0.003727593720314938
	0.026226004464285708	0.02586755952380947	0.02650334821428566	0.026020089285714233	0.026513020833333286	
	0.000578442488649233	0.0007979308862862798	0.0006793407391119535	0.000644040910034308	0.0007096856112888242	
0.005179474679231208
	0.03047395833333332	0.029990141369047575	0.030753720238095184	0.030428199404761845	0.03072377232142851	
	0.0005693501563775282	0.0006826971667297983	0.0008510888464865453	0.0007061874288749167	0.0005900299085093314	
0.007196856730011514
	0.036129185267857106	0.03559095982142853	0.03643936011904757	0.03602827380952377	0.036458147321428526	
	0.0007255033567120766	0.0008752879270526958	0.00109351265089508	0.0008030144054299968	0.000751317465195226	
0.01
	0.041834449404761886	0.04129706101190473	0.0421419270833333	0.041739583333333295	0.04215922619047617	
	0.000494195413724492	0.0006274162797502822	0.0006197447990500878	0.000727546658392317	0.0006289517747797498	
0.013894954943731374
	0.04860890997023813	0.048037388392857136	0.048986049107142854	0.048529761904761895	0.04888244047619047	
	0.0005256657100004972	0.0006874313744883123	0.0007635730688979938	0.0007353105885692526	0.0006969177738784465	
0.019306977288832496
	0.05633519345238103	0.05563523065476192	0.05674776785714288	0.05626971726190477	0.0566880580357143	
	0.0004639718155550967	0.0007572211998197342	0.0006672458338699064	0.000686008374158103	0.0007278701926663678	
0.026826957952797246
	0.0648317057291666	0.06414713541666667	0.0653134300595238	0.0646809895833333	0.06518526785714285	
	0.00042830611650246364	0.0005752932032928057	0.0007060318246213797	0.0006191834520822511	0.0006628960092860177	
0.03727593720314938
	0.0741197916666665	0.07375446428571425	0.07445554315476184	0.07396912202380947	0.07430003720238092	
	0.00040170334605782313	0.0006121754371183249	0.0005689660250394952	0.0005690303309631167	0.0006762150873199406	
0.05179474679231207
	0.08427460007440472	0.08367466517857139	0.08474125744047618	0.0840306919642857	0.0846517857142857	
	0.00027945963058026527	0.000518085899001755	0.0005555777028485147	0.0005673920798603277	0.0005079016143681416	
0.07196856730011514
	0.09536323474702398	0.09490290178571428	0.09548642113095242	0.09535174851190485	0.09571186755952386	
	0.00024816346684514016	0.0004648353760392926	0.00038169012840861085	0.0006210705746792176	0.0005137156143945923	
0.1
	0.106982096354167	0.10657961309523815	0.10719884672619052	0.10693619791666673	0.10721372767857153	
	0.00021891426564591443	0.00043305856566075944	0.00038115781966687894	0.0004594399534525113	0.0005552462835003035	
0.1389495494373136
	0.11909612165178597	0.11872674851190472	0.1194123883928571	0.11893936011904756	0.11930598958333331	
	0.00018375055990469698	0.0004039964891881745	0.0004133186616652365	0.00045938222470101554	0.0004336108266897248	
0.19306977288832497
	0.1314492187499998	0.13100223214285692	0.13167819940476166	0.13143619791666644	0.131680245535714	
	0.00020137197692095434	0.00044831169052835147	0.0003741224289646957	0.00023893002895762397	0.00024743645891374893	
0.2682695795279722
	0.14374060639880906	0.14353850446428543	0.14393433779761874	0.14363095238095205	0.14385863095238066	
	0.00014881748723108928	0.00024258555552050836	0.0003371615991111426	0.0003166455910262792	0.00030305581065101327	
0.3727593720314938
	0.15539499627976155	0.15520293898809503	0.1555411086309522	0.15529017857142835	0.15554575892857117	
	0.0001175422310829525	0.0002759635030244355	0.00026445430973239404	0.0002562228745287306	0.00028999035219006	
0.5179474679231213
	0.16623470052083317	0.16600390624999992	0.16636737351190461	0.16623753720238088	0.16632998511904756	
	9.585423076693305e-05 	0.0002063794329330037	0.0002147554768665549	0.00023647234819510713	0.00020758795229132673	
0.7196856730011514
	0.17573614211309535	0.17566834077380955	0.1757486979166667	0.17572898065476195	0.17579854910714293	
	8.470718478924464e-05 	0.00016531226574770228	0.00018902553191850534	0.0001849082773730185	0.0001381958292892381	
1.0
	0.18379031808035748	0.18378311011904783	0.18378497023809537	0.1837347470238097	0.18385844494047637	
	8.239011178624508e-05 	0.00015211589103210102	0.0001582299965718118	0.0001445512383141429	0.00011163209666476231	
1.389495494373136
	0.19013648623511947	0.19009058779761928	0.19016387648809557	0.19013932291666694	0.19015215773809557	
	6.715978110901872e-05 	9.58531816943415e-05 	0.00014353913294076453	0.00012132611337634736	0.0001367429167578698	
1.9306977288832496
	0.19472079613095294	0.1946917782738099	0.1947412574404766	0.1947021949404765	0.19474795386904797	
	4.6437453839677606e-05 	8.073452397458952e-05 	9.327138463066252e-05 	9.859490781237155e-05 	7.776654764504533e-055
2.682695795279722
	0.19759965587797673	0.19758426339285756	0.19761067708333366	0.19759393601190517	0.19760974702380985	
	3.2203470498207164e-05 	6.442594220388751e-05 	5.9163775832588585e-05 	6.557150504629356e-05 	5.787332286500502e-055 	
3.727593720314938
	0.19921926153273817	0.19920851934523806	0.19921391369047625	0.19920870535714283	0.19924590773809517	
	3.1535361651454574e-05 	5.6360379328094844e-05 	5.309133003312562e-05 	5.995357317485673e-05 	4.727923536381462e-057 	
5.179474679231202
	0.1999854445684526	0.19998883928571437	0.19998214285714297	0.19998604910714313	0.19998474702380978	
	4.774431373610834e-06 	8.401480498870887e-06 	1.0724356626064416e-05 	9.084163279083503e-06 	7.883043192158902e-067 	
7.196856730011514
	0.19999999999999982	0.19999999999999976	0.19999999999999973	0.1999999999999997	0.1999999999999998	
	3.931114584155895e-16 	5.80925369035037e-16 	6.694792130139647e-16 	5.158357113621938e-16 	5.542550547020087e-167 		
10.0
	0.19999999999999982	0.20000000000000018	0.20	0.20000000000000007	0.2000000000000001	
	6.332489980152734e-16 	6.775241563798418e-16 	6.238524850970561e-16 	7.070320900533094e-16 	6.928894692062003e-168 	
13.89495494373136
	0.19999999999999973	0.1999999999999998	0.19999999999999996	0.19999999999999973	0.20000000000000004	
	6.821512688765456e-16 	7.333112023819365e-16 	7.644465339439623e-16 	7.377450794711089e-16 	7.616701762451289e-167 	
19.306977288832496
	0.19999999999999993	0.2000000000000002	0.2000000000000002	0.20000000000000018	0.19999999999999982	
	8.395316089629698e-16 	8.304593148084417e-16 	8.302119057790629e-16 	8.923176548413316e-16 	7.624957256349827e-169 	
26.82695795279722
	0.19999999999999968	0.2000000000000002	0.20000000000000012	0.20000000000000012	0.20000000000000004	
	7.617881666465828e-16 	8.319422238839197e-16 	7.285684399828524e-16 	7.894497640785698e-16 	7.441738612327554e-168 	
37.27593720314938
	0.19999999999999996	0.1999999999999999	0.1999999999999999	0.20000000000000012	0.20000000000000007	
	8.402653852280009e-16 	7.703693222062035e-16 	8.51603299581711e-16 	7.880172410564982e-16 	7.967671352420877e-164 	
51.79474679231202
	0.19999999999999982	0.2000000000000002	0.20000000000000026	0.20000000000000004	0.20000000000000004	
	6.95331182415237e-16 	8.220368725432383e-16 	7.698358022895792e-16 	7.860759272215379e-16 	8.031710995211563e-168 	
71.96856730011514
	0.20000000000000012	0.2	0.20000000000000004	0.20000000000000015	0.2000000000000002	
	8.763908156876301e-16 	8.359298666488352e-16 	8.495050262916988e-16 	8.429961271636809e-16 	8.113779718006938e-168 	
100.0
	0.19999999999999993	0.2000000000000001	0.20000000000000015	0.20000000000000037	0.20000000000000018	
	7.748728408340073e-16 	7.675809329230001e-16 	7.61501586815178e-16 	7.840806829110962e-16 	7.740273167660048e-167 	
