rs_generated = 0
1e-05
	0.00017494419642857144	0.0	0.0	0.0	0.0	0.00017982700892857153	0.00016183035714285713	0.00019642857142857146	0.00018359375	0.00017745535714285712	0.0001703404017857143	0.00018470982142857148	0.00015234375000000003	0.00017354910714285717	0.00017075892857142865	0.00016489955357142867	0.00016015625000000003	0.00017299107142857144	0.00018470982142857153	0.00014174107142857147	0.00018470982142857145	0.00018470982142857148	0.00019363839285714294	0.00017801339285714287	0.0001824776785714286	
	0.00020860592401941353	0.0	0.0	0.0	0.0	0.00021539921056646763	0.0002051113387219767	0.00024554586017998893	0.00021072702438605453	0.00024014734844184316	0.00023256766049032935	0.0002675308419883943	0.00021749867019407875	0.00025423350182353615	0.00022799293336116269	0.00019492927166858397	0.0001998289973173206	0.00022827685311421666	0.00020873743427099887	0.00017805099944236054	0.00021372403600961645	0.0002323995993977255	0.00022972575669702163	0.00021060877044713463	0.0002314812591159529	
1.3894954943731388e-05
	0.0003992745535714287	0.0	0.0	0.0	0.0	0.0004111328125000002	0.0004017857142857145	0.0004196428571428573	0.0004246651785714288	0.0003984375000000003	0.00039843749999999987	0.00037611607142857157	0.0003917410714285714	0.0003984375	0.0004274553571428575	0.00039578683035714293	0.00039397321428571443	0.00040122767857142863	0.00043805803571428587	0.00034988839285714283	0.00039174107142857153	0.00039843750000000014	0.0003989955357142858	0.00039006696428571443	0.0003794642857142858	
	0.0003765644474966047	0.0	0.0	0.0	0.0	0.00037646196799910456	0.00037959556552645237	0.0003939020701647839	0.0004327274624290381	0.0003715210516522462	0.00040494864294125224	0.0003893330036603092	0.00043245283626807356	0.00039245584973237246	0.0004508030652283327	0.0003682515425489949	0.00040251514887435256	0.0004077095390346739	0.0004285100257119811	0.0003060717793783934	0.00038430230589556115	0.0004134152141246989	0.00043945976823210007	0.00038636024920735634	0.0003658263552477839	
1.9306977288832496e-05
	0.0004643205915178575	0.0	0.0	0.0	0.0	0.0004656808035714287	0.00046261160714285734	0.00047265625000000015	0.0004787946428571432	0.0004486607142857145	0.0004772600446428572	0.0004893973214285717	0.0004670758928571431	0.0004575892857142859	0.0004949776785714288	0.0004730747767857143	0.0004933035714285717	0.0004648437500000003	0.0004827008928571431	0.00045145089285714303	0.0004412667410714287	0.0004252232142857146	0.000477120535714286	0.0003984375000000001	0.00046428571428571455	
	0.0003670857280597802	0.0	0.0	0.0	0.0	0.0004050142906476099	0.0004334895995524247	0.00037732087330831835	0.0004498460155866211	0.0004182156581653708	0.00037453299267273715	0.00038375292844288335	0.0004176967215096586	0.00036476929781027376	0.00039688502756796135	0.0003658912294925163	0.00041414521940389743	0.0003796246870809311	0.00041245408330462956	0.0003467548794301845	0.0003626489181722629	0.00039357780643247564	0.00039016833957551103	0.00030770192513039987	0.00041778058479070276	
2.6826957952797274e-05
	0.0008523646763392858	0.0	0.0	0.0	0.0	0.0008776506696428573	0.0008722098214285721	0.0008716517857142863	0.0008772321428571435	0.000889508928571429	0.0008344029017857147	0.0007879464285714289	0.0008549107142857148	0.0008203125000000005	0.0008744419642857144	0.0008138950892857145	0.0008046875000000004	0.0008024553571428577	0.0008376116071428575	0.0008108258928571432	0.0008835100446428577	0.0008878348214285721	0.0009224330357142861	0.0007963169642857147	0.0009274553571428576	
	0.0005709237770510874	0.0	0.0	0.0	0.0	0.000549044455960793	0.0005590033463325046	0.0005682535520435197	0.0005819261072165476	0.0005865812789878795	0.0005897687608338807	0.0005850854774679319	0.0005797171952485428	0.0006234385389485491	0.0006301384651897573	0.000578606011435268	0.0006226428365934177	0.0006227828579222548	0.0005638754154914293	0.0005767916639005123	0.0006240792947119145	0.000671268256159577	0.0006439139746675502	0.0005151461593658712	0.0007312090830498254	
3.727593720314938e-05
	0.0008020717075892857	0.0	0.0	0.0	0.0	0.0007878069196428574	0.0008236607142857149	0.0007823660714285719	0.0007840401785714291	0.0007611607142857148	0.0008024553571428574	0.0007784598214285719	0.0008113839285714292	0.0007773437500000003	0.0008426339285714289	0.000780831473214286	0.0008018973214285718	0.0007460937500000004	0.0008231026785714292	0.0007522321428571434	0.000837193080357143	0.0008565848214285722	0.0008604910714285719	0.000776785714285715	0.0008549107142857146	
	0.000454129569232399	0.0	0.0	0.0	0.0	0.00043542859808854144	0.000441315586340942	0.0004633229092370165	0.0004493816253086229	0.0004758654257036358	0.00048150948394748937	0.0004947907925498013	0.0005385330881548766	0.0005003408710319084	0.0005036129332408214	0.00042989107592730964	0.00045952843419742574	0.0004340036442766082	0.0005054753295789803	0.0004229071368853589	0.0005263751371933853	0.0006016792206370411	0.0005354107678130682	0.0004959729007754073	0.000580103825209729	
5.1794746792312125e-05
	0.0013160574776785706	0.0	0.0	0.0	0.0	0.001281529017857143	0.0013214285714285724	0.0013069196428571442	0.001217075892857144	0.0012806919642857155	0.0013235212053571432	0.0013766741071428582	0.0012516741071428579	0.0013108258928571433	0.0013549107142857154	0.0013130580357142868	0.0013147321428571435	0.0012935267857142863	0.0013610491071428578	0.0012829241071428575	0.0013461216517857153	0.001324776785714287	0.0013816964285714294	0.0012890625000000007	0.0013889508928571436	
	0.0006960213242496048	0.0	0.0	0.0	0.0	0.0006630917344478135	0.0007448503853928643	0.0007023796715774746	0.0006460113648335462	0.0006557085864154503	0.0007173905467365084	0.0008042436966547494	0.0007008073249534334	0.00071527880705581	0.0007584557350569752	0.0007157514519745443	0.0007280995440938651	0.0007153478083046745	0.0007803803753769295	0.000724741888307534	0.0007478943284697846	0.0007173578951464565	0.0007778913775179906	0.0007789307091553002	0.0008252665261997388	
7.196856730011514e-05
	0.0014915248325892848	0.0	0.0	0.0	0.0	0.0014702845982142864	0.0014893973214285727	0.0014921875000000011	0.0014654017857142867	0.0014341517857142869	0.0014945591517857148	0.0015245535714285725	0.0015100446428571437	0.0014185267857142869	0.0015251116071428586	0.0015008370535714289	0.0015295758928571442	0.0015435267857142863	0.0015379464285714302	0.001392299107142858	0.0015004185267857148	0.0015256696428571435	0.0015267857142857153	0.0014743303571428583	0.0014748883928571437	
	0.0005739049714860743	0.0	0.0	0.0	0.0	0.0005203963355086133	0.0005364110865508962	0.0006165231505798406	0.0005587395115409465	0.0005015806786711379	0.000635921898092748	0.0006756833216912598	0.0006667263497346451	0.0006242412087126055	0.0006909264159956768	0.0005903057171662746	0.0006601255879849437	0.0006947228639543201	0.00058601296282765	0.0005783293794660097	0.0006237096896584208	0.0006974607092359634	0.0006331735946961215	0.0006664161470931698	0.0006423063795045664	
0.0001
	0.0021704799107142825	0.0	0.0	0.0	0.0	0.0021760602678571462	0.0021858258928571434	0.002208147321428572	0.0021110491071428573	0.0021992187500000002	0.0021463448660714313	0.002169084821428572	0.002078683035714286	0.0020708705357142866	0.002266741071428571	0.002179966517857146	0.0021590401785714294	0.0021501116071428582	0.002263392857142857	0.0021473214285714294	0.0021795479910714306	0.0021785714285714295	0.002225446428571429	0.002158482142857143	0.002155691964285714	
	0.0006617167611300522	0.0	0.0	0.0	0.0	0.000705477161095673	0.0007565842781276355	0.0007717597613797415	0.0007840334265088001	0.0006910994649715013	0.0006919425574200549	0.0007610901383152871	0.0007268562451380195	0.0006796405372439708	0.0007303568358692148	0.0006665497177724693	0.0006950533637009888	0.0006492886422016475	0.0007724762437731505	0.0006803862889801215	0.0007090083535494732	0.0007645341823253395	0.0007499169543733698	0.0007993627384532937	0.000715764504034093	
0.00013894954943731373
	0.0029529506138392804	0.0	0.0	0.0	0.0	0.0030425502232142893	0.003129464285714285	0.003113839285714287	0.003046316964285714	0.0028805803571428576	0.002863002232142862	0.002886718749999999	0.0028325892857142864	0.002791852678571429	0.0029408482142857144	0.0029315011160714324	0.0028465401785714266	0.002832589285714285	0.003112165178571428	0.002934709821428571	0.002974748883928576	0.00295703125	0.003001674107142855	0.002940290178571428	0.0029999999999999996	
	0.000979461546495524	0.0	0.0	0.0	0.0	0.0010313063814300664	0.0011062086532397728	0.001057138238256077	0.0010056043567276394	0.0011318411563909405	0.0010004585538221646	0.0010609066156256554	0.001005156011820796	0.0010477811184317358	0.0010387351793789711	0.001028910562449681	0.0010029376729911049	0.0010159413753700421	0.0011442414483001956	0.0011122701728090306	0.0009628828127108624	0.0009845747527223016	0.001054967809264047	0.001002701671505547	0.0009820388540712692	
0.00019306977288832496
	0.004023577008928565	0.0	0.0	0.0	0.0	0.004092773437500004	0.004141183035714285	0.00423158482142857	0.004015066964285713	0.003983258928571427	0.0039983258928571455	0.0039375	0.003955915178571428	0.004030691964285713	0.004069196428571427	0.004007672991071432	0.003924107142857142	0.003962611607142856	0.0041556919642857125	0.00398828125	0.003995535714285718	0.004037946428571429	0.004130580357142857	0.0037734374999999994	0.00404017857142857	
	0.0011079926020544568	0.0	0.0	0.0	0.0	0.0012226273975448863	0.001273544480880966	0.0013188912912676333	0.0011819316308157057	0.0012847232935258614	0.0010786817366132849	0.001196320290942359	0.001154478522442533	0.0010118883318595692	0.0011703455154943594	0.0011093610262120882	0.0011517532698918783	0.0011469933728376065	0.0011890732845910013	0.0011215200426806507	0.0011480220163324606	0.0012049726569321332	0.0011966133544339082	0.0011425099526692728	0.0012578377524718244	
0.00026826957952797245
	0.005289690290178566	0.0	0.0	0.0	0.0	0.005368582589285711	0.005371093750000004	0.005411272321428575	0.005394531250000003	0.00529743303571429	0.005182059151785714	0.005208147321428572	0.005087053571428573	0.005088169642857142	0.005344866071428575	0.0053193359374999975	0.0051830357142857155	0.005234933035714288	0.005595982142857144	0.005263392857142861	0.005288783482142855	0.005255022321428573	0.0054927455357142866	0.0050558035714285705	0.005351562500000001	
	0.0010298022179098217	0.0	0.0	0.0	0.0	0.0010589607706231133	0.0011177296554039202	0.0011117986009729851	0.0011160869139550753	0.0011227410921884435	0.001040091365337151	0.0010613996250435436	0.0011205134815665799	0.001127419428394921	0.0010908985927739613	0.0011052083548958175	0.0011639207085606543	0.0011710880382701026	0.0011369498031622695	0.0012034045030492433	0.0010691968290406086	0.0011820233149173246	0.0011457046729086522	0.0010897224497725428	0.0010995286260655677	
0.0003727593720314938
	0.0068991699218749975	0.0	0.0	0.0	0.0	0.0069321986607142755	0.007051339285714293	0.0069352678571428655	0.006987165178571435	0.006755022321428578	0.006878487723214276	0.006943080357142864	0.0067784598214285785	0.006709263392857149	0.007083147321428578	0.006845982142857132	0.0068404017857142925	0.006745535714285722	0.007043526785714293	0.006754464285714294	0.006940011160714274	0.006851562500000007	0.007155691964285721	0.006661830357142863	0.007090959821428581	
	0.000963725739192409	0.0	0.0	0.0	0.0	0.000992900442059419	0.0010651999945456782	0.0011500649001485012	0.0010483527813619146	0.0010542792281875476	0.0010450235215884714	0.0012191153257731986	0.0012005566142968313	0.0009840926199996272	0.001164093932555698	0.0010105210190247303	0.0009997527147614256	0.0011512556746907543	0.0011234793214094214	0.001126809945686934	0.0010354784993092223	0.0010304301346314136	0.001129096843243044	0.0011233019134212318	0.0012403404223603508	
0.0005179474679231213
	0.008064139229910712	0.0	0.0	0.0	0.0	0.008195452008928551	0.008302455357142873	0.008366629464285728	0.008119419642857154	0.007993303571428583	0.007997070312499983	0.00805412946428573	0.007866629464285726	0.00791685267857144	0.00815066964285716	0.00803696986607141	0.008084263392857154	0.007862165178571443	0.008273437500000015	0.007928013392857156	0.008027064732142842	0.007999441964285727	0.008112723214285727	0.007930245535714298	0.008065848214285725	
	0.0008008857343684761	0.0	0.0	0.0	0.0	0.0008894620925106437	0.0009618431521212478	0.0010381730683341134	0.0009988527529053613	0.0009703892894538488	0.0009289638717027635	0.0010715086407488623	0.0009360225323690284	0.0010835368126529972	0.0010938018163746486	0.0008813020841793946	0.0010525197097713296	0.0010204639372861305	0.0008389494897862668	0.0010508141448458636	0.0008435268207853254	0.0009116833230267974	0.0008506185087904108	0.0010035460522715572	0.0010212578050544253	
0.0007196856730011514
	0.010186453683035713	0.0	0.0	0.0	0.0	0.010322405133928543	0.010359375000000037	0.010489955357142894	0.010222098214285746	0.010218191964285746	0.010062779017857116	0.010252232142857176	0.009839285714285748	0.009766741071428602	0.010392857142857176	0.010142438616071402	0.010058035714285742	0.010012834821428599	0.010622209821428604	0.009876674107142887	0.010218191964285682	0.01023102678571432	0.010418526785714319	0.009921316964285744	0.010301897321428605	
	0.0008634842868025905	0.0	0.0	0.0	0.0	0.0008841586673589934	0.0009534385984598998	0.0010617582335336146	0.001068074526032757	0.0009564216092408938	0.0009455278742861525	0.0010849247635969213	0.0010385247045026258	0.0010293295110251333	0.0011677094332375512	0.0010170359633259213	0.0012200125916776705	0.0012119003074550667	0.0010681822506536359	0.0011255068513045165	0.0008895978457529929	0.001056319598864761	0.0010023384001499663	0.0008598819744736649	0.001141015749177755	
0.001
	0.012204485212053579	0.0	0.0	0.0	0.0	0.012190987723214253	0.012371093750000055	0.012344308035714334	0.012195312500000048	0.011853236607142908	0.01218178013392854	0.012391741071428623	0.012065848214285763	0.01190345982142862	0.012366071428571485	0.01213030133928568	0.012069754464285761	0.01206584821428576	0.012583147321428621	0.011802455357142904	0.012314871651785683	0.012303013392857191	0.01257198660714291	0.011909598214285761	0.012474888392857195	
	0.0009219685265921794	0.0	0.0	0.0	0.0	0.0010403937158801578	0.0013201807677535769	0.0011701463387379064	0.0012483103016859656	0.0009887723632525974	0.001016459018682848	0.0011144133889409763	0.0011683935317663165	0.0011679034262668973	0.001268409163653965	0.0011016519333245229	0.0012944118049287969	0.001148436415381977	0.001240396659246402	0.001292878550748923	0.000941458419683872	0.001023576695190312	0.0010690483174982804	0.0011024272007800736	0.0012658945163317608	
0.0013894954943731374
	0.015341378348214288	0.0	0.0	0.0	0.0	0.015474469866071395	0.01566462053571435	0.015532366071428631	0.015448102678571496	0.01525279017857149	0.015242745535714254	0.015382254464285776	0.01491964285714293	0.015019531250000065	0.015649553571428637	0.015154296874999966	0.01509821428571435	0.01506584821428578	0.015431919642857206	0.015021205357142927	0.015494001116071389	0.01545145089285721	0.01568024553571435	0.015259486607142925	0.01558482142857149	
	0.0007400367591762826	0.0	0.0	0.0	0.0	0.0008927633944749199	0.001358149219913439	0.0010059457081659112	0.0011387471820342864	0.0009102298078360076	0.0008095788589694689	0.00095319540530154	0.0010067285986307452	0.0009410697806703989	0.001084920171138104	0.0008369210739628737	0.0011340823503712004	0.0010557463505711279	0.0012010562115064914	0.0009878455331847364	0.0009675508854157984	0.0011193087813196338	0.0011178667201263378	0.0010453447864492307	0.001262840616306687	
0.0019306977288832496
	0.018250488281249998	0.0	0.0	0.0	0.0	0.018438337053571396	0.018688058035714307	0.018696986607142876	0.0182823660714286	0.018085937500000027	0.01803669084821425	0.018178571428571457	0.01766964285714289	0.017731026785714327	0.018567522321428595	0.018074079241071402	0.017986049107142882	0.01795870535714289	0.018338169642857165	0.018013392857142894	0.01845284598214283	0.01844587053571431	0.01877901785714288	0.017904575892857173	0.018681919642857165	
	0.0008388786227227645	0.0	0.0	0.0	0.0	0.0008650269537620244	0.001104476460254155	0.0010599351862972358	0.0010453717456746859	0.001207326743146261	0.0009786496251499585	0.0010848283178793426	0.0011392000814492297	0.0012125852844177864	0.0011860314947810975	0.001070031981556851	0.0012069938406460818	0.0011845503907006285	0.0012241319509768485	0.0014945859190810156	0.0009370520942544974	0.001255624379188568	0.001043764893575748	0.0011049241014250177	0.0011538791494078177	
0.0026826957952797246
	0.021944405691964264	0.0	0.0	0.0	0.0	0.02209793526785711	0.02233314732142856	0.02243136160714284	0.02198995535714284	0.02163727678571428	0.021826032366071398	0.02202566964285712	0.021315290178571415	0.021520089285714267	0.022443080357142837	0.021800781249999963	0.02183370535714285	0.02161383928571427	0.02242075892857141	0.021334821428571425	0.022052873883928535	0.02187499999999998	0.02234933035714284	0.021753906249999986	0.022233258928571403	
	0.0007327694188981367	0.0	0.0	0.0	0.0	0.000979424974119835	0.0013222972709809133	0.0013329873057708042	0.0011577114961865077	0.0011080464837380877	0.0008017591476287093	0.0011496267097052446	0.0010700603650119899	0.0010618503228324912	0.0010282155950330843	0.0008466196314771932	0.0010467244742148054	0.001188143874180449	0.0009391984773703332	0.0010623827591378016	0.0009529938031613598	0.001222493107269481	0.0011215462814630633	0.0012814705460926542	0.001177325229776252	
0.003727593720314938
	0.026018868582589273	0.0	0.0	0.0	0.0	0.026010602678571377	0.026393415178571373	0.026164620535714236	0.025879464285714242	0.025604910714285663	0.02583803013392853	0.02590904017857138	0.02540513392857139	0.025662388392857102	0.02637555803571424	0.025992466517857093	0.025883928571428523	0.025698102678571373	0.026770647321428524	0.02561718749999996	0.026234374999999956	0.02639732142857138	0.02637611607142851	0.025763950892857098	0.02640011160714281	
	0.0006737170854821919	0.0	0.0	0.0	0.0	0.0008854013479066933	0.0011262248803708232	0.0011601978536483182	0.0012571522898134244	0.0011430968986793674	0.0007982065372938253	0.0008780863522683919	0.0011196099040704799	0.0009864377922589127	0.0012218172530507596	0.0008616228193978828	0.001045215044761551	0.001166644230544366	0.0011992901577490185	0.0012358348179694035	0.0008767726725190225	0.0011671866249006325	0.0012991526862107612	0.0009229240979652975	0.0012048091874123327	
0.005179474679231208
	0.03045431082589285	0.0	0.0	0.0	0.0	0.030869419642857082	0.031145647321428514	0.030998325892857087	0.03089508928571423	0.030438616071428507	0.03016852678571422	0.030259486607142796	0.029729910714285653	0.02969140624999994	0.03099330357142851	0.030279436383928517	0.030221540178571357	0.030123325892857076	0.031162388392857086	0.029610491071428515	0.030499860491071375	0.030372767857142793	0.03076729910714279	0.029825334821428514	0.03103404017857137	
	0.000704650093396648	0.0	0.0	0.0	0.0	0.0009462689781841381	0.0010326452023704882	0.0013215622999946097	0.0013242722479185093	0.0010929587836065093	0.0009092825098487424	0.001004150341563555	0.0012312933795321037	0.0010423878608595344	0.0012576792971996404	0.0008901827513518308	0.0011417294797187653	0.0010220068758813134	0.0011651207085300844	0.0013194301030351266	0.000776503124731115	0.0012356498518760555	0.0010982130097172435	0.0009026097871803476	0.0010496221605827704	
0.007196856730011514
	0.03596341378348209	0.0	0.0	0.0	0.0	0.03615527343749996	0.03628906249999993	0.03659598214285705	0.03609207589285705	0.03564397321428564	0.03573730468749995	0.036051339285714204	0.03508537946428563	0.03523437499999993	0.03657812499999992	0.03569684709821423	0.03544252232142849	0.035237165178571325	0.03675502232142848	0.03535267857142847	0.036264229910714235	0.03635602678571419	0.036446986607142774	0.03567187499999991	0.03658203124999992	
	0.0006445088200390768	0.0	0.0	0.0	0.0	0.0008301214888695644	0.0012591022035467983	0.0008153129045551655	0.0013635487062947044	0.00109504239879096	0.0007958518516477539	0.0009945793372254	0.001061100325215006	0.0010219338980093143	0.0011141970868199463	0.0009399615817681265	0.0012568856062808492	0.001338315194298898	0.0012088829828840295	0.0011209069355211827	0.0009148654308976823	0.0014055921611836727	0.001120436636333687	0.0010784253500592835	0.0013167768811500858	
