7	16	34	58	90	156	183	220	281	294	343	735	751	762	-1	-1	-1	-1	-1	-1	-1	-1	-1
21	34	39	48	55	509	-1	-1	-1	-1	-1	-1	-1	-1	-1	-1	-1	-1	-1	-1	-1	-1	-1
25	31	43	44	52	302	364	537	911	-1	-1	-1	-1	-1	-1	-1	-1	-1	-1	-1	-1	-1	-1
9	29	40	56	260	514	713	-1	-1	-1	-1	-1	-1	-1	-1	-1	-1	-1	-1	-1	-1	-1	-1
0	2	7	10	16	33	53	56	61	105	213	222	246	530	603	842	-1	-1	-1	-1	-1	-1	-1
1	10	19	24	39	45	50	174	241	542	861	878	924	-1	-1	-1	-1	-1	-1	-1	-1	-1	-1
1	16	49	171	214	237	242	255	365	878	-1	-1	-1	-1	-1	-1	-1	-1	-1	-1	-1	-1	-1
15	60	100	121	141	145	219	306	336	399	476	674	942	-1	-1	-1	-1	-1	-1	-1	-1	-1	-1
13	24	29	39	40	51	60	93	330	608	649	714	744	-1	-1	-1	-1	-1	-1	-1	-1	-1	-1
14	28	41	47	48	52	61	105	147	290	-1	-1	-1	-1	-1	-1	-1	-1	-1	-1	-1	-1	-1
5	12	28	48	60	116	180	290	347	609	666	765	856	-1	-1	-1	-1	-1	-1	-1	-1	-1	-1
13	28	31	38	50	57	130	151	337	852	-1	-1	-1	-1	-1	-1	-1	-1	-1	-1	-1	-1	-1
6	21	24	31	38	39	53	121	253	372	511	532	700	906	-1	-1	-1	-1	-1	-1	-1	-1	-1
18	49	95	196	458	640	643	-1	-1	-1	-1	-1	-1	-1	-1	-1	-1	-1	-1	-1	-1	-1	-1
1	47	49	108	153	217	247	978	-1	-1	-1	-1	-1	-1	-1	-1	-1	-1	-1	-1	-1	-1	-1
34	37	40	133	162	199	369	416	976	-1	-1	-1	-1	-1	-1	-1	-1	-1	-1	-1	-1	-1	-1
6	34	35	58	941	-1	-1	-1	-1	-1	-1	-1	-1	-1	-1	-1	-1	-1	-1	-1	-1	-1	-1
22	31	50	68	83	123	175	455	518	-1	-1	-1	-1	-1	-1	-1	-1	-1	-1	-1	-1	-1	-1
8	35	44	49	88	133	982	-1	-1	-1	-1	-1	-1	-1	-1	-1	-1	-1	-1	-1	-1	-1	-1
36	39	44	60	116	161	653	-1	-1	-1	-1	-1	-1	-1	-1	-1	-1	-1	-1	-1	-1	-1	-1
23	26	44	47	56	60	86	110	144	241	312	828	-1	-1	-1	-1	-1	-1	-1	-1	-1	-1	-1
22	59	78	150	184	237	239	693	918	-1	-1	-1	-1	-1	-1	-1	-1	-1	-1	-1	-1	-1	-1
36	43	79	162	205	253	600	-1	-1	-1	-1	-1	-1	-1	-1	-1	-1	-1	-1	-1	-1	-1	-1
19	21	49	60	74	85	131	329	468	589	694	702	-1	-1	-1	-1	-1	-1	-1	-1	-1	-1	-1
6	38	43	47	54	156	296	570	730	992	-1	-1	-1	-1	-1	-1	-1	-1	-1	-1	-1	-1	-1
9	24	32	35	36	50	56	59	61	92	234	404	738	761	-1	-1	-1	-1	-1	-1	-1	-1	-1
15	40	52	55	68	99	106	116	151	169	212	221	242	311	359	392	465	561	696	900	-1	-1	-1
10	12	28	45	47	167	219	-1	-1	-1	-1	-1	-1	-1	-1	-1	-1	-1	-1	-1	-1	-1	-1
2	35	58	78	175	281	428	448	799	926	995	-1	-1	-1	-1	-1	-1	-1	-1	-1	-1	-1	-1
24	42	60	82	105	132	333	-1	-1	-1	-1	-1	-1	-1	-1	-1	-1	-1	-1	-1	-1	-1	-1
20	45	330	476	558	900	961	-1	-1	-1	-1	-1	-1	-1	-1	-1	-1	-1	-1	-1	-1	-1	-1
12	18	21	32	49	55	61	158	487	894	-1	-1	-1	-1	-1	-1	-1	-1	-1	-1	-1	-1	-1
10	24	160	199	207	559	624	736	756	869	-1	-1	-1	-1	-1	-1	-1	-1	-1	-1	-1	-1	-1
29	47	48	55	657	-1	-1	-1	-1	-1	-1	-1	-1	-1	-1	-1	-1	-1	-1	-1	-1	-1	-1
5	16	19	118	143	-1	-1	-1	-1	-1	-1	-1	-1	-1	-1	-1	-1	-1	-1	-1	-1	-1	-1
13	15	22	32	45	145	154	184	222	387	595	618	-1	-1	-1	-1	-1	-1	-1	-1	-1	-1	-1
21	44	45	52	61	165	171	185	291	637	900	929	-1	-1	-1	-1	-1	-1	-1	-1	-1	-1	-1
3	20	41	42	51	55	60	78	80	91	114	191	449	521	870	928	-1	-1	-1	-1	-1	-1	-1
2	14	46	47	187	225	577	634	782	-1	-1	-1	-1	-1	-1	-1	-1	-1	-1	-1	-1	-1	-1
3	4	15	21	60	88	107	141	142	197	214	383	394	424	619	-1	-1	-1	-1	-1	-1	-1	-1
8	23	38	39	41	49	122	134	167	247	397	544	-1	-1	-1	-1	-1	-1	-1	-1	-1	-1	-1
13	40	58	114	202	223	525	746	769	858	896	-1	-1	-1	-1	-1	-1	-1	-1	-1	-1	-1	-1
5	48	112	126	127	583	854	-1	-1	-1	-1	-1	-1	-1	-1	-1	-1	-1	-1	-1	-1	-1	-1
15	22	53	57	79	562	616	626	975	-1	-1	-1	-1	-1	-1	-1	-1	-1	-1	-1	-1	-1	-1
40	53	56	88	122	154	180	858	-1	-1	-1	-1	-1	-1	-1	-1	-1	-1	-1	-1	-1	-1	-1
22	25	51	83	109	403	522	858	922	-1	-1	-1	-1	-1	-1	-1	-1	-1	-1	-1	-1	-1	-1
2	7	8	21	27	49	60	87	235	486	558	995	-1	-1	-1	-1	-1	-1	-1	-1	-1	-1	-1
0	19	22	54	100	641	878	954	-1	-1	-1	-1	-1	-1	-1	-1	-1	-1	-1	-1	-1	-1	-1
9	10	30	63	67	227	264	516	555	-1	-1	-1	-1	-1	-1	-1	-1	-1	-1	-1	-1	-1	-1
12	30	54	182	289	503	810	-1	-1	-1	-1	-1	-1	-1	-1	-1	-1	-1	-1	-1	-1	-1	-1
0	28	45	55	194	519	790	806	-1	-1	-1	-1	-1	-1	-1	-1	-1	-1	-1	-1	-1	-1	-1
1	6	29	33	162	201	236	264	332	636	682	912	-1	-1	-1	-1	-1	-1	-1	-1	-1	-1	-1
6	12	43	278	599	743	759	914	924	-1	-1	-1	-1	-1	-1	-1	-1	-1	-1	-1	-1	-1	-1
5	18	35	43	81	171	221	414	454	-1	-1	-1	-1	-1	-1	-1	-1	-1	-1	-1	-1	-1	-1
23	42	56	59	115	192	196	216	306	326	616	-1	-1	-1	-1	-1	-1	-1	-1	-1	-1	-1	-1
24	35	37	71	205	283	660	681	822	-1	-1	-1	-1	-1	-1	-1	-1	-1	-1	-1	-1	-1	-1
23	30	32	49	60	478	663	679	897	-1	-1	-1	-1	-1	-1	-1	-1	-1	-1	-1	-1	-1	-1
33	37	45	46	52	69	76	139	161	-1	-1	-1	-1	-1	-1	-1	-1	-1	-1	-1	-1	-1	-1
7	28	33	52	65	295	470	763	812	-1	-1	-1	-1	-1	-1	-1	-1	-1	-1	-1	-1	-1	-1
10	36	73	114	153	194	224	257	331	597	813	817	919	-1	-1	-1	-1	-1	-1	-1	-1	-1	-1
43	49	369	424	720	725	-1	-1	-1	-1	-1	-1	-1	-1	-1	-1	-1	-1	-1	-1	-1	-1	-1
21	25	31	37	49	214	222	225	261	404	706	-1	-1	-1	-1	-1	-1	-1	-1	-1	-1	-1	-1
29	73	81	103	116	281	379	518	586	639	991	-1	-1	-1	-1	-1	-1	-1	-1	-1	-1	-1	-1
84	121	151	229	251	346	499	606	791	921	-1	-1	-1	-1	-1	-1	-1	-1	-1	-1	-1	-1	-1
67	77	90	100	110	121	729	974	-1	-1	-1	-1	-1	-1	-1	-1	-1	-1	-1	-1	-1	-1	-1
28	33	49	62	72	78	91	92	97	114	121	130	136	200	788	-1	-1	-1	-1	-1	-1	-1	-1
9	102	107	118	139	242	738	-1	-1	-1	-1	-1	-1	-1	-1	-1	-1	-1	-1	-1	-1	-1	-1
23	41	101	110	112	199	515	555	588	763	823	985	-1	-1	-1	-1	-1	-1	-1	-1	-1	-1	-1
2	112	244	537	635	854	999	-1	-1	-1	-1	-1	-1	-1	-1	-1	-1	-1	-1	-1	-1	-1	-1
66	72	77	87	245	251	260	338	415	843	-1	-1	-1	-1	-1	-1	-1	-1	-1	-1	-1	-1	-1
50	62	672	834	-1	-1	-1	-1	-1	-1	-1	-1	-1	-1	-1	-1	-1	-1	-1	-1	-1	-1	-1
40	72	90	92	101	120	440	827	962	980	-1	-1	-1	-1	-1	-1	-1	-1	-1	-1	-1	-1	-1
75	86	93	115	158	785	-1	-1	-1	-1	-1	-1	-1	-1	-1	-1	-1	-1	-1	-1	-1	-1	-1
82	83	103	110	226	235	300	496	783	941	-1	-1	-1	-1	-1	-1	-1	-1	-1	-1	-1	-1	-1
38	51	59	80	85	100	106	107	108	109	116	122	186	218	-1	-1	-1	-1	-1	-1	-1	-1	-1
48	104	118	119	182	189	198	236	371	548	738	780	821	987	-1	-1	-1	-1	-1	-1	-1	-1	-1
8	62	71	72	86	105	111	140	161	225	652	654	892	-1	-1	-1	-1	-1	-1	-1	-1	-1	-1
56	65	71	104	258	-1	-1	-1	-1	-1	-1	-1	-1	-1	-1	-1	-1	-1	-1	-1	-1	-1	-1
42	75	83	91	106	151	168	171	240	389	699	865	-1	-1	-1	-1	-1	-1	-1	-1	-1	-1	-1
10	71	98	122	123	128	131	440	577	712	-1	-1	-1	-1	-1	-1	-1	-1	-1	-1	-1	-1	-1
33	60	76	94	117	161	163	188	205	555	986	-1	-1	-1	-1	-1	-1	-1	-1	-1	-1	-1	-1
11	51	62	120	121	132	213	248	312	428	544	628	-1	-1	-1	-1	-1	-1	-1	-1	-1	-1	-1
23	68	89	103	109	121	233	506	535	654	784	858	-1	-1	-1	-1	-1	-1	-1	-1	-1	-1	-1
66	84	231	243	438	445	456	551	561	564	966	-1	-1	-1	-1	-1	-1	-1	-1	-1	-1	-1	-1
49	70	78	91	119	181	202	326	829	851	-1	-1	-1	-1	-1	-1	-1	-1	-1	-1	-1	-1	-1
43	56	62	77	248	294	336	739	-1	-1	-1	-1	-1	-1	-1	-1	-1	-1	-1	-1	-1	-1	-1
57	77	94	117	223	431	818	929	-1	-1	-1	-1	-1	-1	-1	-1	-1	-1	-1	-1	-1	-1	-1
37	52	97	102	116	117	243	482	931	965	-1	-1	-1	-1	-1	-1	-1	-1	-1	-1	-1	-1	-1
1	16	42	74	119	128	150	162	402	816	921	-1	-1	-1	-1	-1	-1	-1	-1	-1	-1	-1	-1
59	63	82	112	120	206	240	248	387	691	-1	-1	-1	-1	-1	-1	-1	-1	-1	-1	-1	-1	-1
29	57	96	110	113	115	119	140	234	453	773	-1	-1	-1	-1	-1	-1	-1	-1	-1	-1	-1	-1
33	85	114	120	127	404	776	-1	-1	-1	-1	-1	-1	-1	-1	-1	-1	-1	-1	-1	-1	-1	-1
51	71	76	85	93	103	113	116	122	131	144	187	-1	-1	-1	-1	-1	-1	-1	-1	-1	-1	-1
62	71	76	219	471	593	991	-1	-1	-1	-1	-1	-1	-1	-1	-1	-1	-1	-1	-1	-1	-1	-1
44	55	75	79	82	87	113	122	160	214	228	230	454	482	-1	-1	-1	-1	-1	-1	-1	-1	-1
29	118	137	197	235	440	636	712	730	-1	-1	-1	-1	-1	-1	-1	-1	-1	-1	-1	-1	-1	-1
65	70	80	113	209	324	416	617	-1	-1	-1	-1	-1	-1	-1	-1	-1	-1	-1	-1	-1	-1	-1
62	64	102	111	114	183	224	225	496	673	-1	-1	-1	-1	-1	-1	-1	-1	-1	-1	-1	-1	-1
63	91	96	109	113	118	119	154	-1	-1	-1	-1	-1	-1	-1	-1	-1	-1	-1	-1	-1	-1	-1
71	77	213	217	229	829	-1	-1	-1	-1	-1	-1	-1	-1	-1	-1	-1	-1	-1	-1	-1	-1	-1
66	87	89	93	108	197	244	389	988	-1	-1	-1	-1	-1	-1	-1	-1	-1	-1	-1	-1	-1	-1
24	66	69	80	88	107	113	158	222	233	246	537	-1	-1	-1	-1	-1	-1	-1	-1	-1	-1	-1
51	72	98	163	164	200	829	929	981	-1	-1	-1	-1	-1	-1	-1	-1	-1	-1	-1	-1	-1	-1
58	73	96	98	100	109	120	155	216	391	439	-1	-1	-1	-1	-1	-1	-1	-1	-1	-1	-1	-1
27	67	94	100	163	235	398	604	681	-1	-1	-1	-1	-1	-1	-1	-1	-1	-1	-1	-1	-1	-1
66	82	93	103	121	143	219	226	255	348	561	640	749	-1	-1	-1	-1	-1	-1	-1	-1	-1	-1
5	7	14	61	76	84	86	108	176	219	808	940	975	-1	-1	-1	-1	-1	-1	-1	-1	-1	-1
27	64	68	129	171	781	958	-1	-1	-1	-1	-1	-1	-1	-1	-1	-1	-1	-1	-1	-1	-1	-1
65	67	74	104	111	256	412	436	515	-1	-1	-1	-1	-1	-1	-1	-1	-1	-1	-1	-1	-1	-1
10	41	121	179	633	634	958	960	-1	-1	-1	-1	-1	-1	-1	-1	-1	-1	-1	-1	-1	-1	-1
77	98	123	290	362	990	-1	-1	-1	-1	-1	-1	-1	-1	-1	-1	-1	-1	-1	-1	-1	-1	-1
37	71	89	110	206	217	234	-1	-1	-1	-1	-1	-1	-1	-1	-1	-1	-1	-1	-1	-1	-1	-1
109	184	334	336	480	941	-1	-1	-1	-1	-1	-1	-1	-1	-1	-1	-1	-1	-1	-1	-1	-1	-1
16	98	104	118	192	198	213	221	530	837	-1	-1	-1	-1	-1	-1	-1	-1	-1	-1	-1	-1	-1
0	36	37	54	103	110	119	175	180	372	723	-1	-1	-1	-1	-1	-1	-1	-1	-1	-1	-1	-1
1	51	83	95	101	389	642	701	875	898	-1	-1	-1	-1	-1	-1	-1	-1	-1	-1	-1	-1	-1
59	94	96	97	103	106	120	191	214	222	360	-1	-1	-1	-1	-1	-1	-1	-1	-1	-1	-1	-1
47	55	113	118	142	165	348	415	507	775	-1	-1	-1	-1	-1	-1	-1	-1	-1	-1	-1	-1	-1
35	70	74	93	111	116	123	133	324	330	538	927	-1	-1	-1	-1	-1	-1	-1	-1	-1	-1	-1
62	70	101	103	114	155	471	476	911	-1	-1	-1	-1	-1	-1	-1	-1	-1	-1	-1	-1	-1	-1
18	84	92	93	99	118	123	145	152	235	480	584	616	843	-1	-1	-1	-1	-1	-1	-1	-1	-1
28	77	92	118	171	212	230	697	710	718	-1	-1	-1	-1	-1	-1	-1	-1	-1	-1	-1	-1	-1
10	21	116	120	219	247	347	471	481	898	929	976	-1	-1	-1	-1	-1	-1	-1	-1	-1	-1	-1
47	91	92	95	99	211	222	263	515	990	996	-1	-1	-1	-1	-1	-1	-1	-1	-1	-1	-1	-1
45	56	101	137	173	193	201	211	224	344	666	690	934	-1	-1	-1	-1	-1	-1	-1	-1	-1	-1
37	130	133	144	145	173	391	442	-1	-1	-1	-1	-1	-1	-1	-1	-1	-1	-1	-1	-1	-1	-1
11	24	57	132	147	149	158	159	162	163	170	176	524	-1	-1	-1	-1	-1	-1	-1	-1	-1	-1
142	941	-1	-1	-1	-1	-1	-1	-1	-1	-1	-1	-1	-1	-1	-1	-1	-1	-1	-1	-1	-1	-1
28	87	94	147	160	218	221	241	249	476	692	-1	-1	-1	-1	-1	-1	-1	-1	-1	-1	-1	-1
0	77	118	143	158	162	172	358	404	677	-1	-1	-1	-1	-1	-1	-1	-1	-1	-1	-1	-1	-1
56	124	127	157	179	225	347	385	426	647	717	-1	-1	-1	-1	-1	-1	-1	-1	-1	-1	-1	-1
1	27	137	164	175	185	195	240	-1	-1	-1	-1	-1	-1	-1	-1	-1	-1	-1	-1	-1	-1	-1
21	38	65	108	135	145	264	568	941	-1	-1	-1	-1	-1	-1	-1	-1	-1	-1	-1	-1	-1	-1
6	43	58	127	130	162	164	-1	-1	-1	-1	-1	-1	-1	-1	-1	-1	-1	-1	-1	-1	-1	-1
52	118	120	128	142	152	166	177	199	201	217	438	553	-1	-1	-1	-1	-1	-1	-1	-1	-1	-1
33	106	132	137	231	369	528	879	989	-1	-1	-1	-1	-1	-1	-1	-1	-1	-1	-1	-1	-1	-1
2	18	37	114	124	125	161	183	501	895	986	-1	-1	-1	-1	-1	-1	-1	-1	-1	-1	-1	-1
111	131	141	142	149	153	165	178	236	354	960	-1	-1	-1	-1	-1	-1	-1	-1	-1	-1	-1	-1
5	113	136	139	145	155	931	-1	-1	-1	-1	-1	-1	-1	-1	-1	-1	-1	-1	-1	-1	-1	-1
80	129	150	193	341	363	457	516	557	-1	-1	-1	-1	-1	-1	-1	-1	-1	-1	-1	-1	-1	-1
91	155	314	512	637	777	884	-1	-1	-1	-1	-1	-1	-1	-1	-1	-1	-1	-1	-1	-1	-1	-1
2	70	130	157	179	707	-1	-1	-1	-1	-1	-1	-1	-1	-1	-1	-1	-1	-1	-1	-1	-1	-1
92	137	161	231	345	-1	-1	-1	-1	-1	-1	-1	-1	-1	-1	-1	-1	-1	-1	-1	-1	-1	-1
106	159	176	197	279	287	417	444	604	615	638	709	809	971	-1	-1	-1	-1	-1	-1	-1	-1	-1
30	107	111	127	133	170	488	563	734	743	819	-1	-1	-1	-1	-1	-1	-1	-1	-1	-1	-1	-1
2	51	119	136	140	148	202	442	860	864	-1	-1	-1	-1	-1	-1	-1	-1	-1	-1	-1	-1	-1
126	135	182	292	664	750	759	837	850	-1	-1	-1	-1	-1	-1	-1	-1	-1	-1	-1	-1	-1	-1
81	132	137	139	145	160	171	709	731	-1	-1	-1	-1	-1	-1	-1	-1	-1	-1	-1	-1	-1	-1
7	10	89	113	126	141	151	154	156	160	224	436	587	640	780	-1	-1	-1	-1	-1	-1	-1	-1
92	172	623	725	751	869	-1	-1	-1	-1	-1	-1	-1	-1	-1	-1	-1	-1	-1	-1	-1	-1	-1
42	49	148	152	158	197	202	204	336	504	725	863	-1	-1	-1	-1	-1	-1	-1	-1	-1	-1	-1
12	28	40	162	177	533	-1	-1	-1	-1	-1	-1	-1	-1	-1	-1	-1	-1	-1	-1	-1	-1	-1
120	122	136	153	161	177	180	456	593	797	814	-1	-1	-1	-1	-1	-1	-1	-1	-1	-1	-1	-1
20	127	144	155	172	-1	-1	-1	-1	-1	-1	-1	-1	-1	-1	-1	-1	-1	-1	-1	-1	-1	-1
60	109	156	183	186	248	319	572	682	723	767	848	905	-1	-1	-1	-1	-1	-1	-1	-1	-1	-1
19	60	129	141	181	646	803	-1	-1	-1	-1	-1	-1	-1	-1	-1	-1	-1	-1	-1	-1	-1	-1
126	134	157	172	175	179	222	225	940	-1	-1	-1	-1	-1	-1	-1	-1	-1	-1	-1	-1	-1	-1
42	167	183	221	240	262	838	-1	-1	-1	-1	-1	-1	-1	-1	-1	-1	-1	-1	-1	-1	-1	-1
34	126	133	140	146	157	195	201	329	389	709	-1	-1	-1	-1	-1	-1	-1	-1	-1	-1	-1	-1
12	33	132	143	161	180	812	965	969	977	-1	-1	-1	-1	-1	-1	-1	-1	-1	-1	-1	-1	-1
21	59	73	76	82	106	134	149	167	168	169	171	182	229	240	531	537	637	762	977	-1	-1	-1
13	33	141	146	164	214	230	232	318	753	-1	-1	-1	-1	-1	-1	-1	-1	-1	-1	-1	-1	-1
73	102	127	148	169	181	210	824	838	-1	-1	-1	-1	-1	-1	-1	-1	-1	-1	-1	-1	-1	-1
52	55	119	160	199	393	605	743	-1	-1	-1	-1	-1	-1	-1	-1	-1	-1	-1	-1	-1	-1	-1
79	126	152	163	514	950	963	-1	-1	-1	-1	-1	-1	-1	-1	-1	-1	-1	-1	-1	-1	-1	-1
50	95	116	129	136	152	219	293	520	846	921	-1	-1	-1	-1	-1	-1	-1	-1	-1	-1	-1	-1
63	78	550	681	955	-1	-1	-1	-1	-1	-1	-1	-1	-1	-1	-1	-1	-1	-1	-1	-1	-1	-1
9	25	62	154	177	518	678	901	-1	-1	-1	-1	-1	-1	-1	-1	-1	-1	-1	-1	-1	-1	-1
10	52	124	128	131	132	157	177	332	747	-1	-1	-1	-1	-1	-1	-1	-1	-1	-1	-1	-1	-1
129	150	160	161	166	219	380	727	901	-1	-1	-1	-1	-1	-1	-1	-1	-1	-1	-1	-1	-1	-1
18	118	121	149	153	155	165	173	277	332	956	-1	-1	-1	-1	-1	-1	-1	-1	-1	-1	-1	-1
26	162	320	789	897	964	998	-1	-1	-1	-1	-1	-1	-1	-1	-1	-1	-1	-1	-1	-1	-1	-1
30	87	129	140	141	206	534	668	738	835	872	-1	-1	-1	-1	-1	-1	-1	-1	-1	-1	-1	-1
38	48	78	111	128	138	139	146	156	225	390	587	661	843	-1	-1	-1	-1	-1	-1	-1	-1	-1
128	132	149	157	159	178	226	-1	-1	-1	-1	-1	-1	-1	-1	-1	-1	-1	-1	-1	-1	-1	-1
101	103	125	130	131	156	168	210	231	717	765	960	-1	-1	-1	-1	-1	-1	-1	-1	-1	-1	-1
39	135	139	142	150	157	168	172	179	183	189	653	818	-1	-1	-1	-1	-1	-1	-1	-1	-1	-1
42	51	81	99	124	126	135	208	325	450	820	901	-1	-1	-1	-1	-1	-1	-1	-1	-1	-1	-1
20	34	55	87	148	164	180	686	778	-1	-1	-1	-1	-1	-1	-1	-1	-1	-1	-1	-1	-1	-1
25	128	130	141	143	144	167	172	185	338	525	540	568	655	-1	-1	-1	-1	-1	-1	-1	-1	-1
59	67	86	124	132	168	171	173	182	858	-1	-1	-1	-1	-1	-1	-1	-1	-1	-1	-1	-1	-1
59	142	152	153	167	169	183	221	240	336	465	485	829	-1	-1	-1	-1	-1	-1	-1	-1	-1	-1
50	78	138	161	163	172	178	563	821	848	-1	-1	-1	-1	-1	-1	-1	-1	-1	-1	-1	-1	-1
12	70	107	120	152	154	164	175	387	552	619	935	-1	-1	-1	-1	-1	-1	-1	-1	-1	-1	-1
9	22	57	119	143	213	423	825	-1	-1	-1	-1	-1	-1	-1	-1	-1	-1	-1	-1	-1	-1	-1
138	146	152	204	381	677	704	-1	-1	-1	-1	-1	-1	-1	-1	-1	-1	-1	-1	-1	-1	-1	-1
175	195	206	208	214	230	560	652	-1	-1	-1	-1	-1	-1	-1	-1	-1	-1	-1	-1	-1	-1	-1
148	192	212	233	651	658	822	825	-1	-1	-1	-1	-1	-1	-1	-1	-1	-1	-1	-1	-1	-1	-1
45	187	195	281	376	-1	-1	-1	-1	-1	-1	-1	-1	-1	-1	-1	-1	-1	-1	-1	-1	-1	-1
32	54	85	97	128	190	199	228	241	243	574	632	967	-1	-1	-1	-1	-1	-1	-1	-1	-1	-1
94	115	141	147	188	196	225	405	456	464	-1	-1	-1	-1	-1	-1	-1	-1	-1	-1	-1	-1	-1
203	210	226	227	246	321	428	849	918	-1	-1	-1	-1	-1	-1	-1	-1	-1	-1	-1	-1	-1	-1
10	17	186	199	203	205	229	234	246	508	512	-1	-1	-1	-1	-1	-1	-1	-1	-1	-1	-1	-1
10	91	106	157	215	218	225	239	335	761	-1	-1	-1	-1	-1	-1	-1	-1	-1	-1	-1	-1	-1
55	70	71	94	154	195	198	201	224	226	237	239	240	794	905	-1	-1	-1	-1	-1	-1	-1	-1
31	58	174	197	230	231	318	-1	-1	-1	-1	-1	-1	-1	-1	-1	-1	-1	-1	-1	-1	-1	-1
77	88	148	207	225	237	761	801	977	-1	-1	-1	-1	-1	-1	-1	-1	-1	-1	-1	-1	-1	-1
31	54	71	129	196	206	230	239	240	461	483	532	-1	-1	-1	-1	-1	-1	-1	-1	-1	-1	-1
21	27	101	125	209	221	228	239	243	-1	-1	-1	-1	-1	-1	-1	-1	-1	-1	-1	-1	-1	-1
50	114	124	134	218	239	786	849	-1	-1	-1	-1	-1	-1	-1	-1	-1	-1	-1	-1	-1	-1	-1
12	98	118	230	239	242	272	577	963	-1	-1	-1	-1	-1	-1	-1	-1	-1	-1	-1	-1	-1	-1
16	117	159	192	228	244	253	739	822	851	895	-1	-1	-1	-1	-1	-1	-1	-1	-1	-1	-1	-1
37	102	218	230	422	656	895	-1	-1	-1	-1	-1	-1	-1	-1	-1	-1	-1	-1	-1	-1	-1	-1
58	119	211	232	246	-1	-1	-1	-1	-1	-1	-1	-1	-1	-1	-1	-1	-1	-1	-1	-1	-1	-1
46	97	130	131	202	203	213	218	225	237	424	544	677	789	-1	-1	-1	-1	-1	-1	-1	-1	-1
64	198	228	280	560	700	-1	-1	-1	-1	-1	-1	-1	-1	-1	-1	-1	-1	-1	-1	-1	-1	-1
73	89	186	195	211	212	235	662	-1	-1	-1	-1	-1	-1	-1	-1	-1	-1	-1	-1	-1	-1	-1
103	107	202	220	223	226	234	386	631	724	-1	-1	-1	-1	-1	-1	-1	-1	-1	-1	-1	-1	-1
65	153	169	174	180	191	193	213	226	359	545	606	-1	-1	-1	-1	-1	-1	-1	-1	-1	-1	-1
99	125	235	316	462	-1	-1	-1	-1	-1	-1	-1	-1	-1	-1	-1	-1	-1	-1	-1	-1	-1	-1
46	63	133	197	224	231	246	641	892	942	-1	-1	-1	-1	-1	-1	-1	-1	-1	-1	-1	-1	-1
148	186	220	223	237	393	474	874	-1	-1	-1	-1	-1	-1	-1	-1	-1	-1	-1	-1	-1	-1	-1
32	92	119	131	143	189	197	207	213	225	270	715	951	-1	-1	-1	-1	-1	-1	-1	-1	-1	-1
95	195	547	812	-1	-1	-1	-1	-1	-1	-1	-1	-1	-1	-1	-1	-1	-1	-1	-1	-1	-1	-1
0	53	199	220	221	237	238	270	498	-1	-1	-1	-1	-1	-1	-1	-1	-1	-1	-1	-1	-1	-1
21	39	78	199	210	526	-1	-1	-1	-1	-1	-1	-1	-1	-1	-1	-1	-1	-1	-1	-1	-1	-1
51	74	88	138	232	807	-1	-1	-1	-1	-1	-1	-1	-1	-1	-1	-1	-1	-1	-1	-1	-1	-1
91	94	202	212	238	373	448	573	690	907	-1	-1	-1	-1	-1	-1	-1	-1	-1	-1	-1	-1	-1
40	79	119	148	176	186	187	212	215	223	225	234	240	363	973	991	-1	-1	-1	-1	-1	-1	-1
48	132	162	177	189	212	244	247	378	509	-1	-1	-1	-1	-1	-1	-1	-1	-1	-1	-1	-1	-1
13	69	84	197	199	247	354	424	559	698	-1	-1	-1	-1	-1	-1	-1	-1	-1	-1	-1	-1	-1
190	197	201	202	226	231	254	605	834	-1	-1	-1	-1	-1	-1	-1	-1	-1	-1	-1	-1	-1	-1
62	83	107	188	191	193	195	198	203	224	234	603	801	-1	-1	-1	-1	-1	-1	-1	-1	-1	-1
161	203	239	634	636	666	741	902	-1	-1	-1	-1	-1	-1	-1	-1	-1	-1	-1	-1	-1	-1	-1
90	188	698	730	798	808	-1	-1	-1	-1	-1	-1	-1	-1	-1	-1	-1	-1	-1	-1	-1	-1	-1
53	73	82	115	123	197	204	206	221	247	343	536	653	-1	-1	-1	-1	-1	-1	-1	-1	-1	-1
16	30	113	139	144	185	198	206	233	238	241	379	471	680	738	804	-1	-1	-1	-1	-1	-1	-1
12	18	23	103	179	189	195	199	200	210	215	594	639	650	861	-1	-1	-1	-1	-1	-1	-1	-1
27	134	208	211	219	235	327	460	483	531	571	894	903	-1	-1	-1	-1	-1	-1	-1	-1	-1	-1
45	58	206	222	261	271	480	484	681	891	-1	-1	-1	-1	-1	-1	-1	-1	-1	-1	-1	-1	-1
8	83	119	145	194	197	199	202	219	225	408	571	891	894	-1	-1	-1	-1	-1	-1	-1	-1	-1
2	84	98	141	160	203	221	222	235	582	583	592	679	805	-1	-1	-1	-1	-1	-1	-1	-1	-1
71	108	147	158	173	195	204	213	218	231	234	238	553	581	721	-1	-1	-1	-1	-1	-1	-1	-1
36	66	86	108	134	159	168	197	213	279	630	995	-1	-1	-1	-1	-1	-1	-1	-1	-1	-1	-1
69	175	217	225	232	289	814	-1	-1	-1	-1	-1	-1	-1	-1	-1	-1	-1	-1	-1	-1	-1	-1
73	82	96	209	215	237	238	409	427	433	605	968	-1	-1	-1	-1	-1	-1	-1	-1	-1	-1	-1
20	120	189	211	215	216	220	226	380	418	646	-1	-1	-1	-1	-1	-1	-1	-1	-1	-1	-1	-1
46	81	94	101	189	207	214	240	247	744	815	820	-1	-1	-1	-1	-1	-1	-1	-1	-1	-1	-1
104	174	221	224	226	850	861	-1	-1	-1	-1	-1	-1	-1	-1	-1	-1	-1	-1	-1	-1	-1	-1
2	71	227	266	949	-1	-1	-1	-1	-1	-1	-1	-1	-1	-1	-1	-1	-1	-1	-1	-1	-1	-1
196	215	223	227	238	241	247	431	452	779	855	913	983	-1	-1	-1	-1	-1	-1	-1	-1	-1	-1
76	79	106	118	124	132	147	184	235	237	310	891	-1	-1	-1	-1	-1	-1	-1	-1	-1	-1	-1
45	118	152	170	200	203	235	381	-1	-1	-1	-1	-1	-1	-1	-1	-1	-1	-1	-1	-1	-1	-1
43	60	161	206	209	219	222	227	230	233	457	849	-1	-1	-1	-1	-1	-1	-1	-1	-1	-1	-1
58	188	192	196	225	227	526	544	559	601	609	653	977	-1	-1	-1	-1	-1	-1	-1	-1	-1	-1
23	184	193	197	222	232	237	247	379	527	568	608	959	-1	-1	-1	-1	-1	-1	-1	-1	-1	-1
119	173	192	229	235	-1	-1	-1	-1	-1	-1	-1	-1	-1	-1	-1	-1	-1	-1	-1	-1	-1	-1
63	87	104	200	216	325	421	-1	-1	-1	-1	-1	-1	-1	-1	-1	-1	-1	-1	-1	-1	-1	-1
12	72	158	205	206	268	275	284	289	-1	-1	-1	-1	-1	-1	-1	-1	-1	-1	-1	-1	-1	-1
19	22	260	264	271	278	422	-1	-1	-1	-1	-1	-1	-1	-1	-1	-1	-1	-1	-1	-1	-1	-1
138	275	280	281	288	313	784	-1	-1	-1	-1	-1	-1	-1	-1	-1	-1	-1	-1	-1	-1	-1	-1
253	271	277	286	296	302	423	456	472	520	944	947	-1	-1	-1	-1	-1	-1	-1	-1	-1	-1	-1
306	307	345	351	423	443	724	926	-1	-1	-1	-1	-1	-1	-1	-1	-1	-1	-1	-1	-1	-1	-1
41	265	282	387	-1	-1	-1	-1	-1	-1	-1	-1	-1	-1	-1	-1	-1	-1	-1	-1	-1	-1	-1
81	272	288	293	298	308	405	443	474	-1	-1	-1	-1	-1	-1	-1	-1	-1	-1	-1	-1	-1	-1
171	237	249	252	271	297	378	425	430	432	686	721	830	847	-1	-1	-1	-1	-1	-1	-1	-1	-1
249	259	263	278	291	293	397	438	482	551	657	903	-1	-1	-1	-1	-1	-1	-1	-1	-1	-1	-1
80	248	250	265	274	346	450	462	530	550	-1	-1	-1	-1	-1	-1	-1	-1	-1	-1	-1	-1	-1
226	313	368	378	423	437	709	873	-1	-1	-1	-1	-1	-1	-1	-1	-1	-1	-1	-1	-1	-1	-1
202	248	251	254	266	296	425	847	851	-1	-1	-1	-1	-1	-1	-1	-1	-1	-1	-1	-1	-1	-1
8	69	253	271	291	293	298	341	347	428	480	618	778	-1	-1	-1	-1	-1	-1	-1	-1	-1	-1
76	249	301	303	370	407	468	516	-1	-1	-1	-1	-1	-1	-1	-1	-1	-1	-1	-1	-1	-1	-1
48	199	248	259	278	306	379	385	403	484	774	-1	-1	-1	-1	-1	-1	-1	-1	-1	-1	-1	-1
44	95	254	270	283	306	373	400	589	756	-1	-1	-1	-1	-1	-1	-1	-1	-1	-1	-1	-1	-1
231	253	295	308	470	-1	-1	-1	-1	-1	-1	-1	-1	-1	-1	-1	-1	-1	-1	-1	-1	-1	-1
77	170	243	251	281	293	297	298	317	354	362	374	395	397	456	590	772	800	-1	-1	-1	-1	-1
77	254	257	264	268	278	296	348	349	364	443	445	807	878	-1	-1	-1	-1	-1	-1	-1	-1	-1
163	181	252	271	283	284	306	311	337	350	492	527	752	-1	-1	-1	-1	-1	-1	-1	-1	-1	-1
237	276	393	399	512	850	905	941	966	-1	-1	-1	-1	-1	-1	-1	-1	-1	-1	-1	-1	-1	-1
154	191	275	286	287	318	370	393	401	-1	-1	-1	-1	-1	-1	-1	-1	-1	-1	-1	-1	-1	-1
248	267	294	297	319	452	600	-1	-1	-1	-1	-1	-1	-1	-1	-1	-1	-1	-1	-1	-1	-1	-1
273	276	298	302	303	361	419	445	473	477	-1	-1	-1	-1	-1	-1	-1	-1	-1	-1	-1	-1	-1
106	271	343	404	606	927	-1	-1	-1	-1	-1	-1	-1	-1	-1	-1	-1	-1	-1	-1	-1	-1	-1
119	200	256	264	298	299	402	455	685	985	-1	-1	-1	-1	-1	-1	-1	-1	-1	-1	-1	-1	-1
252	253	376	377	401	734	805	984	-1	-1	-1	-1	-1	-1	-1	-1	-1	-1	-1	-1	-1	-1	-1
6	57	226	257	298	304	367	418	434	468	707	-1	-1	-1	-1	-1	-1	-1	-1	-1	-1	-1	-1
187	258	271	275	284	309	435	476	538	597	737	746	933	940	-1	-1	-1	-1	-1	-1	-1	-1	-1
16	66	143	253	268	271	278	280	290	298	375	862	-1	-1	-1	-1	-1	-1	-1	-1	-1	-1	-1
117	249	251	257	284	288	298	301	317	352	380	782	814	930	-1	-1	-1	-1	-1	-1	-1	-1	-1
278	297	428	439	567	785	-1	-1	-1	-1	-1	-1	-1	-1	-1	-1	-1	-1	-1	-1	-1	-1	-1
13	257	270	283	316	335	347	371	391	401	406	409	429	454	462	478	629	-1	-1	-1	-1	-1	-1
263	271	272	283	292	296	309	313	319	343	344	375	392	457	607	824	-1	-1	-1	-1	-1	-1	-1
14	76	108	219	261	270	272	459	463	519	712	796	-1	-1	-1	-1	-1	-1	-1	-1	-1	-1	-1
262	296	308	309	331	377	383	420	421	446	484	494	716	-1	-1	-1	-1	-1	-1	-1	-1	-1	-1
112	235	280	282	307	318	321	480	653	666	743	843	-1	-1	-1	-1	-1	-1	-1	-1	-1	-1	-1
270	271	277	284	300	418	857	865	-1	-1	-1	-1	-1	-1	-1	-1	-1	-1	-1	-1	-1	-1	-1
94	295	313	314	338	417	443	493	683	-1	-1	-1	-1	-1	-1	-1	-1	-1	-1	-1	-1	-1	-1
257	272	285	296	317	332	333	396	421	475	495	656	666	816	875	-1	-1	-1	-1	-1	-1	-1	-1
115	296	300	306	309	385	435	437	549	659	-1	-1	-1	-1	-1	-1	-1	-1	-1	-1	-1	-1	-1
259	267	285	298	429	443	707	758	861	883	918	-1	-1	-1	-1	-1	-1	-1	-1	-1	-1	-1	-1
212	243	262	267	284	418	636	848	-1	-1	-1	-1	-1	-1	-1	-1	-1	-1	-1	-1	-1	-1	-1
47	111	204	250	273	281	283	290	295	342	397	398	402	648	902	-1	-1	-1	-1	-1	-1	-1	-1
262	265	266	283	303	314	468	-1	-1	-1	-1	-1	-1	-1	-1	-1	-1	-1	-1	-1	-1	-1	-1
15	41	260	314	451	485	-1	-1	-1	-1	-1	-1	-1	-1	-1	-1	-1	-1	-1	-1	-1	-1	-1
46	174	267	287	533	569	683	822	-1	-1	-1	-1	-1	-1	-1	-1	-1	-1	-1	-1	-1	-1	-1
65	90	270	276	304	324	348	572	-1	-1	-1	-1	-1	-1	-1	-1	-1	-1	-1	-1	-1	-1	-1
335	368	373	995	-1	-1	-1	-1	-1	-1	-1	-1	-1	-1	-1	-1	-1	-1	-1	-1	-1	-1	-1
108	170	250	254	256	265	267	282	286	307	492	563	619	752	767	801	-1	-1	-1	-1	-1	-1	-1
262	271	277	278	279	302	421	556	-1	-1	-1	-1	-1	-1	-1	-1	-1	-1	-1	-1	-1	-1	-1
38	130	258	269	275	295	317	369	450	486	596	967	-1	-1	-1	-1	-1	-1	-1	-1	-1	-1	-1
256	269	276	286	294	299	305	307	415	422	445	458	461	962	-1	-1	-1	-1	-1	-1	-1	-1	-1
252	265	277	288	388	398	408	454	712	-1	-1	-1	-1	-1	-1	-1	-1	-1	-1	-1	-1	-1	-1
5	257	267	291	380	424	440	763	947	-1	-1	-1	-1	-1	-1	-1	-1	-1	-1	-1	-1	-1	-1
161	271	280	288	319	351	397	403	433	468	490	885	-1	-1	-1	-1	-1	-1	-1	-1	-1	-1	-1
62	271	276	290	328	405	419	440	574	604	864	975	-1	-1	-1	-1	-1	-1	-1	-1	-1	-1	-1
215	254	266	272	302	415	455	578	591	776	-1	-1	-1	-1	-1	-1	-1	-1	-1	-1	-1	-1	-1
250	277	284	325	390	502	634	762	819	-1	-1	-1	-1	-1	-1	-1	-1	-1	-1	-1	-1	-1	-1
132	265	275	292	309	315	342	345	384	478	535	811	847	-1	-1	-1	-1	-1	-1	-1	-1	-1	-1
51	177	234	298	309	385	481	574	784	-1	-1	-1	-1	-1	-1	-1	-1	-1	-1	-1	-1	-1	-1
278	280	330	348	359	688	-1	-1	-1	-1	-1	-1	-1	-1	-1	-1	-1	-1	-1	-1	-1	-1	-1
150	170	230	270	294	326	364	372	412	447	460	503	-1	-1	-1	-1	-1	-1	-1	-1	-1	-1	-1
297	307	323	357	358	444	474	743	786	816	-1	-1	-1	-1	-1	-1	-1	-1	-1	-1	-1	-1	-1
115	224	283	357	366	367	-1	-1	-1	-1	-1	-1	-1	-1	-1	-1	-1	-1	-1	-1	-1	-1	-1
34	320	322	330	336	337	352	355	367	375	462	564	747	855	-1	-1	-1	-1	-1	-1	-1	-1	-1
141	311	324	344	348	362	429	448	-1	-1	-1	-1	-1	-1	-1	-1	-1	-1	-1	-1	-1	-1	-1
203	309	325	329	354	361	445	477	-1	-1	-1	-1	-1	-1	-1	-1	-1	-1	-1	-1	-1	-1	-1
326	327	328	334	350	370	386	442	514	562	-1	-1	-1	-1	-1	-1	-1	-1	-1	-1	-1	-1	-1
111	240	320	331	364	398	-1	-1	-1	-1	-1	-1	-1	-1	-1	-1	-1	-1	-1	-1	-1	-1	-1
319	333	342	367	409	659	872	887	-1	-1	-1	-1	-1	-1	-1	-1	-1	-1	-1	-1	-1	-1	-1
158	340	368	378	394	471	684	737	926	-1	-1	-1	-1	-1	-1	-1	-1	-1	-1	-1	-1	-1	-1
263	272	311	312	319	330	331	339	361	410	795	866	-1	-1	-1	-1	-1	-1	-1	-1	-1	-1	-1
96	313	317	327	366	391	411	423	441	478	547	738	-1	-1	-1	-1	-1	-1	-1	-1	-1	-1	-1
224	278	296	305	310	330	333	359	369	375	376	410	413	436	478	676	-1	-1	-1	-1	-1	-1	-1
166	216	313	325	333	368	454	527	757	913	-1	-1	-1	-1	-1	-1	-1	-1	-1	-1	-1	-1	-1
66	327	347	352	365	474	726	-1	-1	-1	-1	-1	-1	-1	-1	-1	-1	-1	-1	-1	-1	-1	-1
310	317	352	359	366	384	811	-1	-1	-1	-1	-1	-1	-1	-1	-1	-1	-1	-1	-1	-1	-1	-1
64	239	262	310	311	323	406	415	628	762	-1	-1	-1	-1	-1	-1	-1	-1	-1	-1	-1	-1	-1
106	217	268	303	304	326	341	388	450	-1	-1	-1	-1	-1	-1	-1	-1	-1	-1	-1	-1	-1	-1
247	270	325	336	349	357	360	369	482	-1	-1	-1	-1	-1	-1	-1	-1	-1	-1	-1	-1	-1	-1
49	80	273	312	322	361	364	365	374	460	582	665	-1	-1	-1	-1	-1	-1	-1	-1	-1	-1	-1
191	284	316	338	340	345	346	350	352	353	380	410	413	650	732	-1	-1	-1	-1	-1	-1	-1	-1
92	145	167	265	299	318	323	324	325	356	406	411	633	937	966	-1	-1	-1	-1	-1	-1	-1	-1
293	363	368	387	421	452	454	865	946	-1	-1	-1	-1	-1	-1	-1	-1	-1	-1	-1	-1	-1	-1
9	149	237	242	295	312	328	339	340	347	446	451	479	532	656	867	-1	-1	-1	-1	-1	-1	-1
306	310	335	363	572	667	863	-1	-1	-1	-1	-1	-1	-1	-1	-1	-1	-1	-1	-1	-1	-1	-1
308	330	350	360	369	422	981	-1	-1	-1	-1	-1	-1	-1	-1	-1	-1	-1	-1	-1	-1	-1	-1
109	264	265	289	302	337	346	370	382	488	-1	-1	-1	-1	-1	-1	-1	-1	-1	-1	-1	-1	-1
116	317	325	328	338	378	382	391	943	-1	-1	-1	-1	-1	-1	-1	-1	-1	-1	-1	-1	-1	-1
106	125	240	286	311	313	323	328	359	370	413	425	-1	-1	-1	-1	-1	-1	-1	-1	-1	-1	-1
256	321	325	328	345	358	360	377	596	-1	-1	-1	-1	-1	-1	-1	-1	-1	-1	-1	-1	-1	-1
337	355	362	368	395	422	510	-1	-1	-1	-1	-1	-1	-1	-1	-1	-1	-1	-1	-1	-1	-1	-1
112	333	349	351	353	355	357	366	475	840	-1	-1	-1	-1	-1	-1	-1	-1	-1	-1	-1	-1	-1
251	326	328	344	345	364	616	646	794	-1	-1	-1	-1	-1	-1	-1	-1	-1	-1	-1	-1	-1	-1
314	332	342	350	434	461	-1	-1	-1	-1	-1	-1	-1	-1	-1	-1	-1	-1	-1	-1	-1	-1	-1
199	278	280	294	298	306	315	329	342	354	356	359	368	449	485	645	996	-1	-1	-1	-1	-1	-1
352	370	431	800	-1	-1	-1	-1	-1	-1	-1	-1	-1	-1	-1	-1	-1	-1	-1	-1	-1	-1	-1
219	311	325	333	368	371	375	420	471	538	592	815	858	-1	-1	-1	-1	-1	-1	-1	-1	-1	-1
320	328	335	350	612	674	819	822	978	-1	-1	-1	-1	-1	-1	-1	-1	-1	-1	-1	-1	-1	-1
195	320	321	334	345	355	368	491	575	580	799	933	-1	-1	-1	-1	-1	-1	-1	-1	-1	-1	-1
308	313	326	328	335	446	782	801	-1	-1	-1	-1	-1	-1	-1	-1	-1	-1	-1	-1	-1	-1	-1
95	97	255	300	312	337	371	467	705	874	-1	-1	-1	-1	-1	-1	-1	-1	-1	-1	-1	-1	-1
129	312	323	327	333	348	356	419	427	458	485	581	834	976	981	-1	-1	-1	-1	-1	-1	-1	-1
127	200	202	297	302	309	344	369	376	424	476	485	584	850	862	981	-1	-1	-1	-1	-1	-1	-1
16	261	313	315	316	331	333	338	366	368	401	483	991	-1	-1	-1	-1	-1	-1	-1	-1	-1	-1
36	292	341	350	362	441	446	461	638	-1	-1	-1	-1	-1	-1	-1	-1	-1	-1	-1	-1	-1	-1
80	250	329	337	342	348	390	491	712	-1	-1	-1	-1	-1	-1	-1	-1	-1	-1	-1	-1	-1	-1
28	82	218	274	315	339	369	489	526	-1	-1	-1	-1	-1	-1	-1	-1	-1	-1	-1	-1	-1	-1
268	324	412	447	487	677	773	-1	-1	-1	-1	-1	-1	-1	-1	-1	-1	-1	-1	-1	-1	-1	-1
110	336	344	348	363	369	386	388	393	-1	-1	-1	-1	-1	-1	-1	-1	-1	-1	-1	-1	-1	-1
119	152	249	251	276	319	335	337	343	348	349	370	420	637	744	-1	-1	-1	-1	-1	-1	-1	-1
19	299	312	315	316	327	358	371	379	418	473	740	775	882	-1	-1	-1	-1	-1	-1	-1	-1	-1
174	209	251	297	313	330	334	336	346	555	559	678	839	865	-1	-1	-1	-1	-1	-1	-1	-1	-1
325	330	332	351	353	367	393	469	489	594	873	960	963	-1	-1	-1	-1	-1	-1	-1	-1	-1	-1
293	317	320	322	338	368	443	-1	-1	-1	-1	-1	-1	-1	-1	-1	-1	-1	-1	-1	-1	-1	-1
352	367	389	448	793	794	814	908	-1	-1	-1	-1	-1	-1	-1	-1	-1	-1	-1	-1	-1	-1	-1
291	313	330	347	372	518	686	725	785	923	-1	-1	-1	-1	-1	-1	-1	-1	-1	-1	-1	-1	-1
313	323	325	333	370	427	485	567	628	842	-1	-1	-1	-1	-1	-1	-1	-1	-1	-1	-1	-1	-1
315	320	322	327	328	330	337	363	378	388	390	458	592	655	727	829	857	-1	-1	-1	-1	-1	-1
89	311	316	339	363	386	436	-1	-1	-1	-1	-1	-1	-1	-1	-1	-1	-1	-1	-1	-1	-1	-1
16	251	356	371	380	471	488	615	760	-1	-1	-1	-1	-1	-1	-1	-1	-1	-1	-1	-1	-1	-1
24	99	308	309	312	320	354	458	520	570	661	743	938	-1	-1	-1	-1	-1	-1	-1	-1	-1	-1
313	318	321	338	434	-1	-1	-1	-1	-1	-1	-1	-1	-1	-1	-1	-1	-1	-1	-1	-1	-1	-1
113	325	329	398	419	663	-1	-1	-1	-1	-1	-1	-1	-1	-1	-1	-1	-1	-1	-1	-1	-1	-1
98	293	378	393	396	415	420	478	485	634	715	996	-1	-1	-1	-1	-1	-1	-1	-1	-1	-1	-1
114	296	351	378	424	484	490	496	497	933	-1	-1	-1	-1	-1	-1	-1	-1	-1	-1	-1	-1	-1
38	382	392	425	426	633	693	-1	-1	-1	-1	-1	-1	-1	-1	-1	-1	-1	-1	-1	-1	-1	-1
1	52	378	380	384	390	421	563	849	965	966	-1	-1	-1	-1	-1	-1	-1	-1	-1	-1	-1	-1
146	255	283	305	343	349	372	386	398	406	414	427	493	634	654	913	993	-1	-1	-1	-1	-1	-1
344	347	352	399	402	456	478	681	-1	-1	-1	-1	-1	-1	-1	-1	-1	-1	-1	-1	-1	-1	-1
43	205	256	277	298	448	508	575	-1	-1	-1	-1	-1	-1	-1	-1	-1	-1	-1	-1	-1	-1	-1
252	261	298	359	396	408	423	430	437	929	936	958	-1	-1	-1	-1	-1	-1	-1	-1	-1	-1	-1
62	291	303	314	320	377	403	425	447	464	470	726	737	-1	-1	-1	-1	-1	-1	-1	-1	-1	-1
9	393	407	429	489	551	905	-1	-1	-1	-1	-1	-1	-1	-1	-1	-1	-1	-1	-1	-1	-1	-1
141	162	278	288	374	376	379	384	396	401	415	494	516	547	570	-1	-1	-1	-1	-1	-1	-1	-1
14	60	144	280	302	347	400	423	429	-1	-1	-1	-1	-1	-1	-1	-1	-1	-1	-1	-1	-1	-1
83	278	288	312	383	392	408	410	445	597	619	-1	-1	-1	-1	-1	-1	-1	-1	-1	-1	-1	-1
156	347	404	437	722	841	982	-1	-1	-1	-1	-1	-1	-1	-1	-1	-1	-1	-1	-1	-1	-1	-1
44	203	290	415	417	421	433	467	-1	-1	-1	-1	-1	-1	-1	-1	-1	-1	-1	-1	-1	-1	-1
163	291	351	384	396	424	479	491	501	987	-1	-1	-1	-1	-1	-1	-1	-1	-1	-1	-1	-1	-1
4	315	333	347	350	379	383	390	396	411	469	753	-1	-1	-1	-1	-1	-1	-1	-1	-1	-1	-1
66	106	205	346	372	386	392	432	464	482	658	827	889	913	-1	-1	-1	-1	-1	-1	-1	-1	-1
314	340	368	386	408	413	658	-1	-1	-1	-1	-1	-1	-1	-1	-1	-1	-1	-1	-1	-1	-1	-1
253	276	362	381	382	383	391	393	398	404	433	458	652	-1	-1	-1	-1	-1	-1	-1	-1	-1	-1
19	94	151	158	316	328	366	369	384	410	412	414	419	424	426	439	447	500	691	893	-1	-1	-1
290	305	334	393	395	401	410	413	898	-1	-1	-1	-1	-1	-1	-1	-1	-1	-1	-1	-1	-1	-1
288	358	381	396	416	428	473	-1	-1	-1	-1	-1	-1	-1	-1	-1	-1	-1	-1	-1	-1	-1	-1
32	198	236	258	266	310	376	385	414	425	607	735	883	-1	-1	-1	-1	-1	-1	-1	-1	-1	-1
212	294	299	374	390	403	407	429	456	462	500	905	924	965	-1	-1	-1	-1	-1	-1	-1	-1	-1
72	165	189	263	365	385	418	453	463	477	505	741	894	-1	-1	-1	-1	-1	-1	-1	-1	-1	-1
269	304	359	375	385	391	393	413	421	422	432	737	-1	-1	-1	-1	-1	-1	-1	-1	-1	-1	-1
134	293	318	387	397	441	454	486	655	-1	-1	-1	-1	-1	-1	-1	-1	-1	-1	-1	-1	-1	-1
339	361	369	374	380	384	403	420	433	436	467	512	549	560	563	677	765	-1	-1	-1	-1	-1	-1
119	410	431	477	485	-1	-1	-1	-1	-1	-1	-1	-1	-1	-1	-1	-1	-1	-1	-1	-1	-1	-1
292	315	385	405	418	425	430	432	459	-1	-1	-1	-1	-1	-1	-1	-1	-1	-1	-1	-1	-1	-1
226	228	309	332	365	372	380	391	413	421	452	768	893	-1	-1	-1	-1	-1	-1	-1	-1	-1	-1
279	298	388	426	455	657	875	-1	-1	-1	-1	-1	-1	-1	-1	-1	-1	-1	-1	-1	-1	-1	-1
165	205	283	334	374	396	412	425	484	824	839	-1	-1	-1	-1	-1	-1	-1	-1	-1	-1	-1	-1
176	422	904	-1	-1	-1	-1	-1	-1	-1	-1	-1	-1	-1	-1	-1	-1	-1	-1	-1	-1	-1	-1
288	327	353	377	387	410	430	475	533	897	-1	-1	-1	-1	-1	-1	-1	-1	-1	-1	-1	-1	-1
7	61	257	300	303	331	397	402	417	422	426	428	440	469	499	854	-1	-1	-1	-1	-1	-1	-1
55	105	152	183	269	288	320	325	392	393	396	420	521	997	-1	-1	-1	-1	-1	-1	-1	-1	-1
233	315	359	388	418	426	499	684	910	919	-1	-1	-1	-1	-1	-1	-1	-1	-1	-1	-1	-1	-1
344	375	377	388	396	433	905	926	-1	-1	-1	-1	-1	-1	-1	-1	-1	-1	-1	-1	-1	-1	-1
95	166	300	309	316	319	375	390	395	415	781	869	879	-1	-1	-1	-1	-1	-1	-1	-1	-1	-1
363	374	377	386	389	428	451	-1	-1	-1	-1	-1	-1	-1	-1	-1	-1	-1	-1	-1	-1	-1	-1
25	105	245	265	286	374	384	390	396	402	403	407	433	446	596	851	-1	-1	-1	-1	-1	-1	-1
76	284	386	392	426	574	-1	-1	-1	-1	-1	-1	-1	-1	-1	-1	-1	-1	-1	-1	-1	-1	-1
253	258	275	392	409	480	496	614	736	-1	-1	-1	-1	-1	-1	-1	-1	-1	-1	-1	-1	-1	-1
149	275	314	338	425	429	435	468	489	667	-1	-1	-1	-1	-1	-1	-1	-1	-1	-1	-1	-1	-1
159	262	358	391	402	464	937	-1	-1	-1	-1	-1	-1	-1	-1	-1	-1	-1	-1	-1	-1	-1	-1
268	300	309	318	394	410	416	419	437	621	821	-1	-1	-1	-1	-1	-1	-1	-1	-1	-1	-1	-1
24	47	59	385	401	407	412	413	542	568	-1	-1	-1	-1	-1	-1	-1	-1	-1	-1	-1	-1	-1
239	302	373	392	394	428	496	980	-1	-1	-1	-1	-1	-1	-1	-1	-1	-1	-1	-1	-1	-1	-1
177	389	406	432	459	721	764	-1	-1	-1	-1	-1	-1	-1	-1	-1	-1	-1	-1	-1	-1	-1	-1
367	373	391	439	446	458	507	721	920	-1	-1	-1	-1	-1	-1	-1	-1	-1	-1	-1	-1	-1	-1
280	381	396	401	445	488	883	-1	-1	-1	-1	-1	-1	-1	-1	-1	-1	-1	-1	-1	-1	-1	-1
261	303	377	387	397	420	663	850	-1	-1	-1	-1	-1	-1	-1	-1	-1	-1	-1	-1	-1	-1	-1
278	322	364	378	396	406	415	421	471	478	663	734	919	-1	-1	-1	-1	-1	-1	-1	-1	-1	-1
271	360	375	395	401	402	413	414	421	429	862	917	-1	-1	-1	-1	-1	-1	-1	-1	-1	-1	-1
7	249	272	323	385	392	423	470	489	656	687	808	-1	-1	-1	-1	-1	-1	-1	-1	-1	-1	-1
114	363	388	407	415	431	703	808	935	-1	-1	-1	-1	-1	-1	-1	-1	-1	-1	-1	-1	-1	-1
159	173	212	265	281	396	401	413	474	-1	-1	-1	-1	-1	-1	-1	-1	-1	-1	-1	-1	-1	-1
124	335	375	386	404	482	-1	-1	-1	-1	-1	-1	-1	-1	-1	-1	-1	-1	-1	-1	-1	-1	-1
381	385	392	424	604	815	839	-1	-1	-1	-1	-1	-1	-1	-1	-1	-1	-1	-1	-1	-1	-1	-1
84	135	779	812	-1	-1	-1	-1	-1	-1	-1	-1	-1	-1	-1	-1	-1	-1	-1	-1	-1	-1	-1
328	367	377	408	439	451	471	473	480	487	917	-1	-1	-1	-1	-1	-1	-1	-1	-1	-1	-1	-1
109	119	211	250	308	324	394	437	447	449	461	656	-1	-1	-1	-1	-1	-1	-1	-1	-1	-1	-1
255	268	309	414	417	434	456	470	477	494	589	985	-1	-1	-1	-1	-1	-1	-1	-1	-1	-1	-1
258	263	318	343	456	465	473	491	853	-1	-1	-1	-1	-1	-1	-1	-1	-1	-1	-1	-1	-1	-1
257	264	303	327	396	427	438	470	-1	-1	-1	-1	-1	-1	-1	-1	-1	-1	-1	-1	-1	-1	-1
39	264	275	308	355	427	458	467	474	482	490	537	552	588	616	658	673	904	-1	-1	-1	-1	-1
227	257	262	281	285	344	438	469	479	636	929	-1	-1	-1	-1	-1	-1	-1	-1	-1	-1	-1	-1
169	260	273	307	378	450	451	476	492	563	800	-1	-1	-1	-1	-1	-1	-1	-1	-1	-1	-1	-1
31	300	441	453	485	613	631	748	787	893	921	-1	-1	-1	-1	-1	-1	-1	-1	-1	-1	-1	-1
120	309	435	445	472	479	483	494	845	-1	-1	-1	-1	-1	-1	-1	-1	-1	-1	-1	-1	-1	-1
306	369	447	464	810	-1	-1	-1	-1	-1	-1	-1	-1	-1	-1	-1	-1	-1	-1	-1	-1	-1	-1
380	430	491	492	976	-1	-1	-1	-1	-1	-1	-1	-1	-1	-1	-1	-1	-1	-1	-1	-1	-1	-1
273	290	300	435	466	468	473	474	479	492	613	774	995	-1	-1	-1	-1	-1	-1	-1	-1	-1	-1
323	339	380	396	441	491	492	764	811	853	-1	-1	-1	-1	-1	-1	-1	-1	-1	-1	-1	-1	-1
326	327	332	337	412	436	448	451	597	893	-1	-1	-1	-1	-1	-1	-1	-1	-1	-1	-1	-1	-1
211	349	372	446	558	-1	-1	-1	-1	-1	-1	-1	-1	-1	-1	-1	-1	-1	-1	-1	-1	-1	-1
128	342	457	461	463	466	479	484	967	-1	-1	-1	-1	-1	-1	-1	-1	-1	-1	-1	-1	-1	-1
73	178	370	443	469	486	724	872	-1	-1	-1	-1	-1	-1	-1	-1	-1	-1	-1	-1	-1	-1	-1
319	368	444	459	464	471	495	497	-1	-1	-1	-1	-1	-1	-1	-1	-1	-1	-1	-1	-1	-1	-1
299	444	453	476	537	658	-1	-1	-1	-1	-1	-1	-1	-1	-1	-1	-1	-1	-1	-1	-1	-1	-1
275	409	434	450	454	467	469	484	499	875	-1	-1	-1	-1	-1	-1	-1	-1	-1	-1	-1	-1	-1
188	352	364	417	452	457	492	621	714	920	978	-1	-1	-1	-1	-1	-1	-1	-1	-1	-1	-1	-1
257	285	325	437	449	458	488	492	495	789	880	978	-1	-1	-1	-1	-1	-1	-1	-1	-1	-1	-1
367	368	469	604	847	856	-1	-1	-1	-1	-1	-1	-1	-1	-1	-1	-1	-1	-1	-1	-1	-1	-1
326	360	445	454	482	674	706	900	-1	-1	-1	-1	-1	-1	-1	-1	-1	-1	-1	-1	-1	-1	-1
28	129	237	293	302	317	401	406	416	466	492	846	-1	-1	-1	-1	-1	-1	-1	-1	-1	-1	-1
335	356	376	419	452	511	586	904	-1	-1	-1	-1	-1	-1	-1	-1	-1	-1	-1	-1	-1	-1	-1
253	327	347	410	458	465	468	474	476	485	794	-1	-1	-1	-1	-1	-1	-1	-1	-1	-1	-1	-1
79	128	137	197	400	427	451	465	481	490	491	574	-1	-1	-1	-1	-1	-1	-1	-1	-1	-1	-1
8	270	284	286	450	454	-1	-1	-1	-1	-1	-1	-1	-1	-1	-1	-1	-1	-1	-1	-1	-1	-1
264	298	363	370	434	494	-1	-1	-1	-1	-1	-1	-1	-1	-1	-1	-1	-1	-1	-1	-1	-1	-1
441	448	459	469	779	-1	-1	-1	-1	-1	-1	-1	-1	-1	-1	-1	-1	-1	-1	-1	-1	-1	-1
51	105	175	180	259	276	311	454	475	493	589	815	962	990	-1	-1	-1	-1	-1	-1	-1	-1	-1
297	312	315	334	373	404	447	449	460	492	539	954	-1	-1	-1	-1	-1	-1	-1	-1	-1	-1	-1
12	121	251	378	441	484	488	492	495	527	538	-1	-1	-1	-1	-1	-1	-1	-1	-1	-1	-1	-1
96	443	456	481	483	484	485	530	959	-1	-1	-1	-1	-1	-1	-1	-1	-1	-1	-1	-1	-1	-1
328	397	423	428	439	492	951	-1	-1	-1	-1	-1	-1	-1	-1	-1	-1	-1	-1	-1	-1	-1	-1
49	75	217	313	362	458	464	486	515	993	-1	-1	-1	-1	-1	-1	-1	-1	-1	-1	-1	-1	-1
58	76	194	252	256	339	366	380	437	446	463	484	510	605	803	-1	-1	-1	-1	-1	-1	-1	-1
58	259	447	454	462	484	573	-1	-1	-1	-1	-1	-1	-1	-1	-1	-1	-1	-1	-1	-1	-1	-1
44	319	364	457	464	493	522	587	958	-1	-1	-1	-1	-1	-1	-1	-1	-1	-1	-1	-1	-1	-1
203	396	485	493	529	907	-1	-1	-1	-1	-1	-1	-1	-1	-1	-1	-1	-1	-1	-1	-1	-1	-1
76	319	417	443	483	-1	-1	-1	-1	-1	-1	-1	-1	-1	-1	-1	-1	-1	-1	-1	-1	-1	-1
130	353	391	441	488	642	646	656	700	892	-1	-1	-1	-1	-1	-1	-1	-1	-1	-1	-1	-1	-1
97	123	263	325	337	358	378	446	455	456	461	488	525	611	859	-1	-1	-1	-1	-1	-1	-1	-1
199	381	473	-1	-1	-1	-1	-1	-1	-1	-1	-1	-1	-1	-1	-1	-1	-1	-1	-1	-1	-1	-1
276	301	368	369	377	382	457	468	475	540	556	-1	-1	-1	-1	-1	-1	-1	-1	-1	-1	-1	-1
197	363	434	444	451	453	477	499	565	751	924	939	-1	-1	-1	-1	-1	-1	-1	-1	-1	-1	-1
188	206	299	356	362	435	452	617	-1	-1	-1	-1	-1	-1	-1	-1	-1	-1	-1	-1	-1	-1	-1
348	365	382	383	399	428	436	448	458	466	477	653	-1	-1	-1	-1	-1	-1	-1	-1	-1	-1	-1
260	341	357	367	437	453	461	471	472	475	687	-1	-1	-1	-1	-1	-1	-1	-1	-1	-1	-1	-1
368	372	377	443	448	494	651	-1	-1	-1	-1	-1	-1	-1	-1	-1	-1	-1	-1	-1	-1	-1	-1
172	465	466	762	873	907	969	-1	-1	-1	-1	-1	-1	-1	-1	-1	-1	-1	-1	-1	-1	-1	-1
33	61	98	276	287	290	342	405	438	498	796	854	-1	-1	-1	-1	-1	-1	-1	-1	-1	-1	-1
113	289	298	387	441	696	851	990	-1	-1	-1	-1	-1	-1	-1	-1	-1	-1	-1	-1	-1	-1	-1
293	329	439	468	469	481	482	668	933	-1	-1	-1	-1	-1	-1	-1	-1	-1	-1	-1	-1	-1	-1
261	461	490	492	731	-1	-1	-1	-1	-1	-1	-1	-1	-1	-1	-1	-1	-1	-1	-1	-1	-1	-1
101	112	266	271	409	461	474	681	934	-1	-1	-1	-1	-1	-1	-1	-1	-1	-1	-1	-1	-1	-1
209	270	313	342	346	372	393	398	405	473	474	-1	-1	-1	-1	-1	-1	-1	-1	-1	-1	-1	-1
120	345	485	495	-1	-1	-1	-1	-1	-1	-1	-1	-1	-1	-1	-1	-1	-1	-1	-1	-1	-1	-1
89	337	351	446	473	475	-1	-1	-1	-1	-1	-1	-1	-1	-1	-1	-1	-1	-1	-1	-1	-1	-1
4	126	236	272	391	534	545	831	-1	-1	-1	-1	-1	-1	-1	-1	-1	-1	-1	-1	-1	-1	-1
53	117	135	391	478	510	512	531	544	551	635	733	-1	-1	-1	-1	-1	-1	-1	-1	-1	-1	-1
75	269	285	319	329	421	511	514	518	556	557	592	779	-1	-1	-1	-1	-1	-1	-1	-1	-1	-1
375	450	505	506	527	550	586	924	-1	-1	-1	-1	-1	-1	-1	-1	-1	-1	-1	-1	-1	-1	-1
496	512	524	537	612	671	747	-1	-1	-1	-1	-1	-1	-1	-1	-1	-1	-1	-1	-1	-1	-1	-1
496	497	507	536	537	546	551	555	558	697	737	749	751	916	928	-1	-1	-1	-1	-1	-1	-1	-1
200	326	511	518	519	525	566	572	618	730	887	988	-1	-1	-1	-1	-1	-1	-1	-1	-1	-1	-1
392	531	534	538	543	590	615	650	-1	-1	-1	-1	-1	-1	-1	-1	-1	-1	-1	-1	-1	-1	-1
32	103	124	154	209	347	503	521	538	545	591	597	671	747	916	917	-1	-1	-1	-1	-1	-1	-1
298	393	497	504	531	532	537	566	588	615	674	688	753	779	-1	-1	-1	-1	-1	-1	-1	-1	-1
114	301	497	520	544	623	624	676	907	-1	-1	-1	-1	-1	-1	-1	-1	-1	-1	-1	-1	-1	-1
294	496	509	546	554	709	-1	-1	-1	-1	-1	-1	-1	-1	-1	-1	-1	-1	-1	-1	-1	-1	-1
132	188	535	538	548	587	639	667	674	682	709	736	871	-1	-1	-1	-1	-1	-1	-1	-1	-1	-1
83	229	501	515	516	518	540	548	566	569	609	618	621	652	-1	-1	-1	-1	-1	-1	-1	-1	-1
130	217	265	352	534	549	589	607	631	643	669	726	747	884	-1	-1	-1	-1	-1	-1	-1	-1	-1
10	281	556	562	612	616	647	658	736	828	-1	-1	-1	-1	-1	-1	-1	-1	-1	-1	-1	-1	-1
324	426	502	503	541	546	548	567	719	783	-1	-1	-1	-1	-1	-1	-1	-1	-1	-1	-1	-1	-1
46	180	245	248	333	537	541	542	572	592	633	646	745	942	962	-1	-1	-1	-1	-1	-1	-1	-1
207	308	339	473	498	523	552	563	609	702	957	-1	-1	-1	-1	-1	-1	-1	-1	-1	-1	-1	-1
0	43	371	500	525	531	533	552	580	583	676	-1	-1	-1	-1	-1	-1	-1	-1	-1	-1	-1	-1
212	255	508	524	547	-1	-1	-1	-1	-1	-1	-1	-1	-1	-1	-1	-1	-1	-1	-1	-1	-1	-1
271	483	518	520	525	541	646	721	743	790	908	-1	-1	-1	-1	-1	-1	-1	-1	-1	-1	-1	-1
523	540	548	606	671	673	842	982	-1	-1	-1	-1	-1	-1	-1	-1	-1	-1	-1	-1	-1	-1	-1
92	192	387	520	546	549	554	637	638	641	880	-1	-1	-1	-1	-1	-1	-1	-1	-1	-1	-1	-1
288	433	496	501	517	538	550	618	857	984	-1	-1	-1	-1	-1	-1	-1	-1	-1	-1	-1	-1	-1
48	67	483	503	504	517	523	555	582	604	700	927	-1	-1	-1	-1	-1	-1	-1	-1	-1	-1	-1
6	225	227	526	552	587	730	866	-1	-1	-1	-1	-1	-1	-1	-1	-1	-1	-1	-1	-1	-1	-1
128	136	183	195	508	511	536	547	607	666	726	783	945	-1	-1	-1	-1	-1	-1	-1	-1	-1	-1
409	502	503	509	543	544	550	593	598	615	723	735	760	761	-1	-1	-1	-1	-1	-1	-1	-1	-1
435	449	496	517	519	541	553	565	598	614	620	623	875	-1	-1	-1	-1	-1	-1	-1	-1	-1	-1
356	504	505	518	522	538	667	714	-1	-1	-1	-1	-1	-1	-1	-1	-1	-1	-1	-1	-1	-1	-1
531	540	615	-1	-1	-1	-1	-1	-1	-1	-1	-1	-1	-1	-1	-1	-1	-1	-1	-1	-1	-1	-1
88	105	496	511	517	518	531	536	541	551	582	867	-1	-1	-1	-1	-1	-1	-1	-1	-1	-1	-1
509	512	546	547	554	604	666	669	688	989	-1	-1	-1	-1	-1	-1	-1	-1	-1	-1	-1	-1	-1
28	43	140	268	481	496	528	537	548	556	628	730	731	817	824	-1	-1	-1	-1	-1	-1	-1	-1
502	505	508	538	544	555	560	656	696	706	716	-1	-1	-1	-1	-1	-1	-1	-1	-1	-1	-1	-1
401	479	502	530	550	643	647	-1	-1	-1	-1	-1	-1	-1	-1	-1	-1	-1	-1	-1	-1	-1	-1
405	514	519	531	534	553	561	570	697	864	990	-1	-1	-1	-1	-1	-1	-1	-1	-1	-1	-1	-1
34	395	499	505	526	533	538	544	550	610	614	629	630	658	-1	-1	-1	-1	-1	-1	-1	-1	-1
318	347	465	502	534	541	549	561	663	705	-1	-1	-1	-1	-1	-1	-1	-1	-1	-1	-1	-1	-1
136	503	509	517	539	547	555	599	623	630	668	675	680	748	993	-1	-1	-1	-1	-1	-1	-1	-1
422	482	497	509	512	522	533	535	540	588	600	602	608	629	636	704	-1	-1	-1	-1	-1	-1	-1
455	465	496	520	523	543	545	556	617	665	672	850	-1	-1	-1	-1	-1	-1	-1	-1	-1	-1	-1
308	500	529	531	544	553	661	839	885	890	-1	-1	-1	-1	-1	-1	-1	-1	-1	-1	-1	-1	-1
45	291	343	406	500	511	518	526	529	532	641	970	975	-1	-1	-1	-1	-1	-1	-1	-1	-1	-1
37	109	271	528	529	557	613	671	672	706	709	722	729	897	964	-1	-1	-1	-1	-1	-1	-1	-1
213	503	519	523	529	538	548	550	554	601	602	723	-1	-1	-1	-1	-1	-1	-1	-1	-1	-1	-1
55	202	519	550	564	649	717	919	-1	-1	-1	-1	-1	-1	-1	-1	-1	-1	-1	-1	-1	-1	-1
327	505	508	521	525	526	528	587	694	950	-1	-1	-1	-1	-1	-1	-1	-1	-1	-1	-1	-1	-1
186	187	496	516	554	651	759	963	-1	-1	-1	-1	-1	-1	-1	-1	-1	-1	-1	-1	-1	-1	-1
472	502	514	515	519	524	534	547	594	612	644	678	702	717	851	977	-1	-1	-1	-1	-1	-1	-1
157	508	518	534	560	589	621	712	861	-1	-1	-1	-1	-1	-1	-1	-1	-1	-1	-1	-1	-1	-1
9	78	527	565	573	580	671	684	704	743	-1	-1	-1	-1	-1	-1	-1	-1	-1	-1	-1	-1	-1
25	56	230	514	529	545	654	696	-1	-1	-1	-1	-1	-1	-1	-1	-1	-1	-1	-1	-1	-1	-1
69	276	500	517	523	540	543	623	676	679	696	-1	-1	-1	-1	-1	-1	-1	-1	-1	-1	-1	-1
300	463	499	531	539	546	572	727	-1	-1	-1	-1	-1	-1	-1	-1	-1	-1	-1	-1	-1	-1	-1
10	66	160	317	343	427	494	501	504	516	518	532	547	701	911	915	946	-1	-1	-1	-1	-1	-1
496	500	504	507	518	534	538	669	682	937	-1	-1	-1	-1	-1	-1	-1	-1	-1	-1	-1	-1	-1
107	281	503	518	752	776	-1	-1	-1	-1	-1	-1	-1	-1	-1	-1	-1	-1	-1	-1	-1	-1	-1
67	511	515	528	531	544	574	610	668	684	726	956	-1	-1	-1	-1	-1	-1	-1	-1	-1	-1	-1
477	487	509	551	571	716	827	-1	-1	-1	-1	-1	-1	-1	-1	-1	-1	-1	-1	-1	-1	-1	-1
497	518	535	538	545	707	728	744	763	-1	-1	-1	-1	-1	-1	-1	-1	-1	-1	-1	-1	-1	-1
65	536	632	647	804	-1	-1	-1	-1	-1	-1	-1	-1	-1	-1	-1	-1	-1	-1	-1	-1	-1	-1
199	257	448	563	569	583	610	621	687	719	813	819	904	962	-1	-1	-1	-1	-1	-1	-1	-1	-1
143	157	561	562	588	592	593	603	617	619	647	677	689	764	-1	-1	-1	-1	-1	-1	-1	-1	-1
251	560	576	579	590	597	608	644	665	-1	-1	-1	-1	-1	-1	-1	-1	-1	-1	-1	-1	-1	-1
168	275	524	530	569	574	584	586	617	663	996	-1	-1	-1	-1	-1	-1	-1	-1	-1	-1	-1	-1
584	588	613	674	693	764	814	919	-1	-1	-1	-1	-1	-1	-1	-1	-1	-1	-1	-1	-1	-1	-1
556	558	561	562	571	578	592	604	617	769	919	942	-1	-1	-1	-1	-1	-1	-1	-1	-1	-1	-1
20	105	504	558	574	579	590	618	620	698	722	970	-1	-1	-1	-1	-1	-1	-1	-1	-1	-1	-1
16	266	376	379	508	541	548	585	586	604	685	820	-1	-1	-1	-1	-1	-1	-1	-1	-1	-1	-1
186	533	560	571	572	586	594	598	603	641	669	679	771	801	971	-1	-1	-1	-1	-1	-1	-1	-1
45	65	91	278	493	506	576	581	586	597	601	784	-1	-1	-1	-1	-1	-1	-1	-1	-1	-1	-1
58	123	158	516	519	532	546	559	584	591	604	618	619	669	701	908	947	-1	-1	-1	-1	-1	-1
138	485	577	912	943	-1	-1	-1	-1	-1	-1	-1	-1	-1	-1	-1	-1	-1	-1	-1	-1	-1	-1
44	473	603	608	610	616	688	719	752	798	875	-1	-1	-1	-1	-1	-1	-1	-1	-1	-1	-1	-1
165	383	522	580	586	601	631	697	727	887	-1	-1	-1	-1	-1	-1	-1	-1	-1	-1	-1	-1	-1
138	561	588	603	608	643	710	926	931	-1	-1	-1	-1	-1	-1	-1	-1	-1	-1	-1	-1	-1	-1
302	336	531	556	576	605	616	632	685	767	-1	-1	-1	-1	-1	-1	-1	-1	-1	-1	-1	-1	-1
465	544	548	563	601	609	668	701	721	724	787	998	-1	-1	-1	-1	-1	-1	-1	-1	-1	-1	-1
523	544	569	577	605	693	719	785	822	-1	-1	-1	-1	-1	-1	-1	-1	-1	-1	-1	-1	-1	-1
36	89	379	384	528	566	603	651	683	705	962	-1	-1	-1	-1	-1	-1	-1	-1	-1	-1	-1	-1
11	133	564	576	615	666	716	735	987	-1	-1	-1	-1	-1	-1	-1	-1	-1	-1	-1	-1	-1	-1
77	535	568	584	595	597	607	609	671	679	722	726	943	-1	-1	-1	-1	-1	-1	-1	-1	-1	-1
529	547	560	566	576	587	600	726	805	822	858	-1	-1	-1	-1	-1	-1	-1	-1	-1	-1	-1	-1
90	260	286	414	449	521	566	606	608	627	628	-1	-1	-1	-1	-1	-1	-1	-1	-1	-1	-1	-1
92	105	550	558	571	605	618	714	721	-1	-1	-1	-1	-1	-1	-1	-1	-1	-1	-1	-1	-1	-1
232	483	560	575	577	579	599	604	613	661	681	699	739	959	-1	-1	-1	-1	-1	-1	-1	-1	-1
10	27	393	504	509	523	553	556	573	575	605	607	689	941	-1	-1	-1	-1	-1	-1	-1	-1	-1
171	192	523	527	580	610	644	687	690	720	-1	-1	-1	-1	-1	-1	-1	-1	-1	-1	-1	-1	-1
574	577	582	596	599	612	644	657	663	673	964	-1	-1	-1	-1	-1	-1	-1	-1	-1	-1	-1	-1
520	521	528	560	566	599	627	639	696	757	-1	-1	-1	-1	-1	-1	-1	-1	-1	-1	-1	-1	-1
298	545	564	589	593	594	600	602	605	606	654	661	736	793	-1	-1	-1	-1	-1	-1	-1	-1	-1
218	318	379	570	591	611	636	-1	-1	-1	-1	-1	-1	-1	-1	-1	-1	-1	-1	-1	-1	-1	-1
180	576	580	586	597	606	639	-1	-1	-1	-1	-1	-1	-1	-1	-1	-1	-1	-1	-1	-1	-1	-1
325	570	571	594	620	629	640	676	690	-1	-1	-1	-1	-1	-1	-1	-1	-1	-1	-1	-1	-1	-1
185	261	567	569	577	580	601	776	781	-1	-1	-1	-1	-1	-1	-1	-1	-1	-1	-1	-1	-1	-1
28	298	558	588	590	597	694	713	723	-1	-1	-1	-1	-1	-1	-1	-1	-1	-1	-1	-1	-1	-1
579	607	612	618	626	630	744	746	822	-1	-1	-1	-1	-1	-1	-1	-1	-1	-1	-1	-1	-1	-1
269	518	611	615	680	725	954	966	-1	-1	-1	-1	-1	-1	-1	-1	-1	-1	-1	-1	-1	-1	-1
512	567	571	572	574	589	591	598	600	608	618	694	740	741	904	-1	-1	-1	-1	-1	-1	-1	-1
83	211	543	547	587	601	610	620	623	631	640	698	715	-1	-1	-1	-1	-1	-1	-1	-1	-1	-1
233	400	416	555	578	582	585	601	633	645	657	986	-1	-1	-1	-1	-1	-1	-1	-1	-1	-1	-1
140	567	569	570	581	602	610	968	-1	-1	-1	-1	-1	-1	-1	-1	-1	-1	-1	-1	-1	-1	-1
153	213	396	517	559	578	580	596	608	619	677	758	806	-1	-1	-1	-1	-1	-1	-1	-1	-1	-1
63	93	355	461	538	609	613	617	660	686	744	-1	-1	-1	-1	-1	-1	-1	-1	-1	-1	-1	-1
164	571	646	690	-1	-1	-1	-1	-1	-1	-1	-1	-1	-1	-1	-1	-1	-1	-1	-1	-1	-1	-1
343	379	518	568	570	584	600	640	-1	-1	-1	-1	-1	-1	-1	-1	-1	-1	-1	-1	-1	-1	-1
10	83	174	537	568	586	603	617	659	672	683	718	745	751	-1	-1	-1	-1	-1	-1	-1	-1	-1
4	19	165	566	592	638	666	714	732	-1	-1	-1	-1	-1	-1	-1	-1	-1	-1	-1	-1	-1	-1
42	214	490	557	572	608	618	648	650	727	742	996	-1	-1	-1	-1	-1	-1	-1	-1	-1	-1	-1
46	228	502	742	809	-1	-1	-1	-1	-1	-1	-1	-1	-1	-1	-1	-1	-1	-1	-1	-1	-1	-1
541	566	574	579	617	618	656	669	-1	-1	-1	-1	-1	-1	-1	-1	-1	-1	-1	-1	-1	-1	-1
36	437	576	604	606	674	836	-1	-1	-1	-1	-1	-1	-1	-1	-1	-1	-1	-1	-1	-1	-1	-1
55	169	336	555	606	613	670	699	719	726	802	-1	-1	-1	-1	-1	-1	-1	-1	-1	-1	-1	-1
317	584	595	602	608	718	756	836	866	935	-1	-1	-1	-1	-1	-1	-1	-1	-1	-1	-1	-1	-1
502	554	565	566	570	575	583	592	604	722	904	-1	-1	-1	-1	-1	-1	-1	-1	-1	-1	-1	-1
286	307	453	554	594	596	626	638	732	-1	-1	-1	-1	-1	-1	-1	-1	-1	-1	-1	-1	-1	-1
465	605	612	714	860	-1	-1	-1	-1	-1	-1	-1	-1	-1	-1	-1	-1	-1	-1	-1	-1	-1	-1
40	77	562	571	574	592	596	601	605	614	648	665	678	714	-1	-1	-1	-1	-1	-1	-1	-1	-1
87	383	384	559	584	625	643	670	676	723	731	799	867	-1	-1	-1	-1	-1	-1	-1	-1	-1	-1
489	562	564	584	592	598	603	668	738	748	906	963	-1	-1	-1	-1	-1	-1	-1	-1	-1	-1	-1
69	358	508	569	603	632	696	720	898	-1	-1	-1	-1	-1	-1	-1	-1	-1	-1	-1	-1	-1	-1
18	27	280	442	547	548	571	587	698	921	-1	-1	-1	-1	-1	-1	-1	-1	-1	-1	-1	-1	-1
135	597	627	641	671	728	749	867	-1	-1	-1	-1	-1	-1	-1	-1	-1	-1	-1	-1	-1	-1	-1
20	99	175	561	575	613	626	635	657	663	695	703	731	-1	-1	-1	-1	-1	-1	-1	-1	-1	-1
126	205	538	560	571	638	641	661	672	964	-1	-1	-1	-1	-1	-1	-1	-1	-1	-1	-1	-1	-1
49	488	579	630	637	642	652	663	676	680	936	982	-1	-1	-1	-1	-1	-1	-1	-1	-1	-1	-1
81	171	502	632	678	681	729	762	980	-1	-1	-1	-1	-1	-1	-1	-1	-1	-1	-1	-1	-1	-1
45	154	173	325	564	633	663	664	671	677	845	-1	-1	-1	-1	-1	-1	-1	-1	-1	-1	-1	-1
59	109	217	502	539	560	634	639	648	659	661	669	-1	-1	-1	-1	-1	-1	-1	-1	-1	-1	-1
365	506	630	655	660	662	719	723	-1	-1	-1	-1	-1	-1	-1	-1	-1	-1	-1	-1	-1	-1	-1
2	500	538	560	574	620	633	638	646	649	656	659	667	674	-1	-1	-1	-1	-1	-1	-1	-1	-1
202	554	624	628	641	650	680	682	973	-1	-1	-1	-1	-1	-1	-1	-1	-1	-1	-1	-1	-1	-1
154	511	516	579	609	615	648	666	677	680	695	717	899	-1	-1	-1	-1	-1	-1	-1	-1	-1	-1
585	635	652	729	-1	-1	-1	-1	-1	-1	-1	-1	-1	-1	-1	-1	-1	-1	-1	-1	-1	-1	-1
96	116	298	463	534	555	597	608	650	722	748	802	-1	-1	-1	-1	-1	-1	-1	-1	-1	-1	-1
0	558	587	620	626	630	638	647	673	679	702	723	985	-1	-1	-1	-1	-1	-1	-1	-1	-1	-1
318	336	650	652	946	-1	-1	-1	-1	-1	-1	-1	-1	-1	-1	-1	-1	-1	-1	-1	-1	-1	-1
5	449	558	613	630	632	-1	-1	-1	-1	-1	-1	-1	-1	-1	-1	-1	-1	-1	-1	-1	-1	-1
12	505	554	595	612	632	635	668	677	831	-1	-1	-1	-1	-1	-1	-1	-1	-1	-1	-1	-1	-1
185	304	311	336	382	443	513	638	659	667	674	712	-1	-1	-1	-1	-1	-1	-1	-1	-1	-1	-1
300	550	592	606	641	661	669	738	-1	-1	-1	-1	-1	-1	-1	-1	-1	-1	-1	-1	-1	-1	-1
509	539	554	675	687	788	-1	-1	-1	-1	-1	-1	-1	-1	-1	-1	-1	-1	-1	-1	-1	-1	-1
215	340	521	623	625	646	677	681	-1	-1	-1	-1	-1	-1	-1	-1	-1	-1	-1	-1	-1	-1	-1
138	520	564	623	633	643	646	651	676	717	736	-1	-1	-1	-1	-1	-1	-1	-1	-1	-1	-1	-1
72	96	197	285	331	338	605	620	674	684	851	-1	-1	-1	-1	-1	-1	-1	-1	-1	-1	-1	-1
584	625	640	659	855	-1	-1	-1	-1	-1	-1	-1	-1	-1	-1	-1	-1	-1	-1	-1	-1	-1	-1
290	322	649	653	656	680	-1	-1	-1	-1	-1	-1	-1	-1	-1	-1	-1	-1	-1	-1	-1	-1	-1
113	197	471	542	621	623	642	669	674	676	677	714	908	942	-1	-1	-1	-1	-1	-1	-1	-1	-1
540	634	640	658	675	977	-1	-1	-1	-1	-1	-1	-1	-1	-1	-1	-1	-1	-1	-1	-1	-1	-1
208	230	442	555	632	635	678	-1	-1	-1	-1	-1	-1	-1	-1	-1	-1	-1	-1	-1	-1	-1	-1
38	221	267	520	546	644	678	699	732	737	-1	-1	-1	-1	-1	-1	-1	-1	-1	-1	-1	-1	-1
92	296	502	621	629	630	645	653	667	749	929	-1	-1	-1	-1	-1	-1	-1	-1	-1	-1	-1	-1
115	501	509	549	625	632	653	655	656	682	-1	-1	-1	-1	-1	-1	-1	-1	-1	-1	-1	-1	-1
103	515	546	585	589	623	660	699	723	954	-1	-1	-1	-1	-1	-1	-1	-1	-1	-1	-1	-1	-1
9	322	367	483	565	615	625	640	644	651	661	663	741	790	872	-1	-1	-1	-1	-1	-1	-1	-1
554	577	646	941	-1	-1	-1	-1	-1	-1	-1	-1	-1	-1	-1	-1	-1	-1	-1	-1	-1	-1	-1
570	625	630	631	641	642	664	665	678	680	702	722	832	-1	-1	-1	-1	-1	-1	-1	-1	-1	-1
191	255	522	560	630	639	649	653	671	682	695	-1	-1	-1	-1	-1	-1	-1	-1	-1	-1	-1	-1
101	113	527	549	622	624	675	686	692	857	916	-1	-1	-1	-1	-1	-1	-1	-1	-1	-1	-1	-1
162	464	566	625	626	712	-1	-1	-1	-1	-1	-1	-1	-1	-1	-1	-1	-1	-1	-1	-1	-1	-1
166	182	447	632	634	640	648	666	672	676	698	-1	-1	-1	-1	-1	-1	-1	-1	-1	-1	-1	-1
257	513	590	591	624	632	646	668	674	731	-1	-1	-1	-1	-1	-1	-1	-1	-1	-1	-1	-1	-1
150	514	539	553	633	684	739	746	870	990	-1	-1	-1	-1	-1	-1	-1	-1	-1	-1	-1	-1	-1
299	521	568	611	625	629	638	640	667	672	680	731	732	-1	-1	-1	-1	-1	-1	-1	-1	-1	-1
48	322	331	485	553	554	583	638	676	678	691	-1	-1	-1	-1	-1	-1	-1	-1	-1	-1	-1	-1
29	30	273	530	534	565	670	671	697	713	797	908	976	-1	-1	-1	-1	-1	-1	-1	-1	-1	-1
409	547	628	642	646	652	665	706	823	878	-1	-1	-1	-1	-1	-1	-1	-1	-1	-1	-1	-1	-1
101	552	562	572	597	628	636	640	661	664	-1	-1	-1	-1	-1	-1	-1	-1	-1	-1	-1	-1	-1
503	559	568	583	586	622	646	660	662	675	728	788	793	-1	-1	-1	-1	-1	-1	-1	-1	-1	-1
632	958	-1	-1	-1	-1	-1	-1	-1	-1	-1	-1	-1	-1	-1	-1	-1	-1	-1	-1	-1	-1	-1
103	487	531	533	592	626	630	632	641	644	669	-1	-1	-1	-1	-1	-1	-1	-1	-1	-1	-1	-1
392	474	545	652	659	676	720	783	791	806	827	853	988	-1	-1	-1	-1	-1	-1	-1	-1	-1	-1
367	459	513	606	620	621	632	676	682	705	711	743	800	-1	-1	-1	-1	-1	-1	-1	-1	-1	-1
111	140	233	629	632	661	-1	-1	-1	-1	-1	-1	-1	-1	-1	-1	-1	-1	-1	-1	-1	-1	-1
188	335	542	580	631	648	726	727	733	754	998	-1	-1	-1	-1	-1	-1	-1	-1	-1	-1	-1	-1
361	367	641	680	811	-1	-1	-1	-1	-1	-1	-1	-1	-1	-1	-1	-1	-1	-1	-1	-1	-1	-1
99	259	324	527	586	621	627	633	644	649	693	714	888	-1	-1	-1	-1	-1	-1	-1	-1	-1	-1
193	196	387	585	626	656	672	722	792	-1	-1	-1	-1	-1	-1	-1	-1	-1	-1	-1	-1	-1	-1
92	101	456	490	567	642	655	680	695	700	832	888	-1	-1	-1	-1	-1	-1	-1	-1	-1	-1	-1
32	163	165	457	528	565	580	640	678	700	-1	-1	-1	-1	-1	-1	-1	-1	-1	-1	-1	-1	-1
245	613	622	633	637	645	660	671	692	701	836	964	-1	-1	-1	-1	-1	-1	-1	-1	-1	-1	-1
165	170	214	236	603	619	627	642	650	658	684	711	715	-1	-1	-1	-1	-1	-1	-1	-1	-1	-1
267	390	416	580	621	637	654	665	672	673	899	991	-1	-1	-1	-1	-1	-1	-1	-1	-1	-1	-1
77	86	607	623	634	637	658	670	678	745	-1	-1	-1	-1	-1	-1	-1	-1	-1	-1	-1	-1	-1
156	384	506	671	685	687	689	707	718	724	742	785	-1	-1	-1	-1	-1	-1	-1	-1	-1	-1	-1
510	715	891	-1	-1	-1	-1	-1	-1	-1	-1	-1	-1	-1	-1	-1	-1	-1	-1	-1	-1	-1	-1
198	437	512	578	613	735	743	747	-1	-1	-1	-1	-1	-1	-1	-1	-1	-1	-1	-1	-1	-1	-1
111	218	559	665	710	714	715	735	-1	-1	-1	-1	-1	-1	-1	-1	-1	-1	-1	-1	-1	-1	-1
163	259	390	481	561	563	569	684	980	-1	-1	-1	-1	-1	-1	-1	-1	-1	-1	-1	-1	-1	-1
86	160	184	202	260	435	511	538	649	805	-1	-1	-1	-1	-1	-1	-1	-1	-1	-1	-1	-1	-1
207	355	565	643	720	925	-1	-1	-1	-1	-1	-1	-1	-1	-1	-1	-1	-1	-1	-1	-1	-1	-1
257	259	398	533	577	588	619	620	693	712	728	730	732	856	-1	-1	-1	-1	-1	-1	-1	-1	-1
137	384	536	594	646	677	682	685	686	712	714	734	744	852	-1	-1	-1	-1	-1	-1	-1	-1	-1
62	139	231	342	419	500	516	526	653	685	710	714	739	-1	-1	-1	-1	-1	-1	-1	-1	-1	-1
493	515	555	582	601	678	689	693	699	701	709	711	717	860	-1	-1	-1	-1	-1	-1	-1	-1	-1
435	529	598	686	712	715	871	-1	-1	-1	-1	-1	-1	-1	-1	-1	-1	-1	-1	-1	-1	-1	-1
251	501	531	589	601	684	685	692	700	701	726	740	969	-1	-1	-1	-1	-1	-1	-1	-1	-1	-1
160	618	679	730	742	-1	-1	-1	-1	-1	-1	-1	-1	-1	-1	-1	-1	-1	-1	-1	-1	-1	-1
29	628	637	672	712	718	736	940	-1	-1	-1	-1	-1	-1	-1	-1	-1	-1	-1	-1	-1	-1	-1
192	457	525	560	574	652	694	704	705	737	738	743	-1	-1	-1	-1	-1	-1	-1	-1	-1	-1	-1
35	183	312	633	653	654	668	683	693	709	716	742	-1	-1	-1	-1	-1	-1	-1	-1	-1	-1	-1
182	333	427	509	589	682	686	718	720	730	731	-1	-1	-1	-1	-1	-1	-1	-1	-1	-1	-1	-1
292	645	647	657	689	694	697	710	727	734	742	763	-1	-1	-1	-1	-1	-1	-1	-1	-1	-1	-1
308	321	530	568	642	704	708	719	735	775	778	834	856	-1	-1	-1	-1	-1	-1	-1	-1	-1	-1
330	505	644	660	697	706	734	765	-1	-1	-1	-1	-1	-1	-1	-1	-1	-1	-1	-1	-1	-1	-1
232	316	422	454	541	572	609	697	715	739	874	-1	-1	-1	-1	-1	-1	-1	-1	-1	-1	-1	-1
72	163	202	507	683	699	700	709	713	727	733	-1	-1	-1	-1	-1	-1	-1	-1	-1	-1	-1	-1
363	494	611	645	689	703	714	724	728	729	737	862	-1	-1	-1	-1	-1	-1	-1	-1	-1	-1	-1
71	317	573	623	627	634	660	677	693	698	-1	-1	-1	-1	-1	-1	-1	-1	-1	-1	-1	-1	-1
133	407	426	549	569	576	664	666	728	962	-1	-1	-1	-1	-1	-1	-1	-1	-1	-1	-1	-1	-1
30	73	329	511	539	555	662	683	718	728	746	753	802	-1	-1	-1	-1	-1	-1	-1	-1	-1	-1
683	711	729	954	989	-1	-1	-1	-1	-1	-1	-1	-1	-1	-1	-1	-1	-1	-1	-1	-1	-1	-1
13	168	317	358	528	611	621	627	657	661	692	714	716	720	732	739	-1	-1	-1	-1	-1	-1	-1
2	499	505	588	610	643	689	696	742	-1	-1	-1	-1	-1	-1	-1	-1	-1	-1	-1	-1	-1	-1
52	178	433	534	541	553	567	622	682	720	794	966	-1	-1	-1	-1	-1	-1	-1	-1	-1	-1	-1
52	511	682	686	689	692	699	701	725	748	769	-1	-1	-1	-1	-1	-1	-1	-1	-1	-1	-1	-1
44	559	589	612	662	677	719	726	937	-1	-1	-1	-1	-1	-1	-1	-1	-1	-1	-1	-1	-1	-1
23	359	567	648	668	672	683	699	707	716	-1	-1	-1	-1	-1	-1	-1	-1	-1	-1	-1	-1	-1
256	298	301	405	427	574	645	664	697	724	-1	-1	-1	-1	-1	-1	-1	-1	-1	-1	-1	-1	-1
194	483	503	516	528	617	655	677	710	728	734	889	-1	-1	-1	-1	-1	-1	-1	-1	-1	-1	-1
416	514	526	583	608	666	684	685	688	726	731	876	985	-1	-1	-1	-1	-1	-1	-1	-1	-1	-1
78	132	551	581	657	659	703	705	708	715	721	732	735	-1	-1	-1	-1	-1	-1	-1	-1	-1	-1
269	306	507	538	551	575	622	644	716	736	997	-1	-1	-1	-1	-1	-1	-1	-1	-1	-1	-1	-1
400	478	582	696	707	713	890	949	-1	-1	-1	-1	-1	-1	-1	-1	-1	-1	-1	-1	-1	-1	-1
3	508	524	628	638	649	660	707	723	-1	-1	-1	-1	-1	-1	-1	-1	-1	-1	-1	-1	-1	-1
46	507	529	685	701	702	715	728	735	738	-1	-1	-1	-1	-1	-1	-1	-1	-1	-1	-1	-1	-1
424	472	667	689	708	742	-1	-1	-1	-1	-1	-1	-1	-1	-1	-1	-1	-1	-1	-1	-1	-1	-1
6	463	517	643	652	687	695	711	713	714	-1	-1	-1	-1	-1	-1	-1	-1	-1	-1	-1	-1	-1
75	123	285	361	389	628	685	689	699	708	724	725	728	731	732	733	-1	-1	-1	-1	-1	-1	-1
127	190	253	278	357	591	602	662	677	699	704	716	732	733	-1	-1	-1	-1	-1	-1	-1	-1	-1
4	37	366	404	633	656	659	677	684	693	695	705	710	717	726	727	741	960	-1	-1	-1	-1	-1
0	82	404	664	665	701	703	730	802	892	-1	-1	-1	-1	-1	-1	-1	-1	-1	-1	-1	-1	-1
173	464	518	526	706	731	739	740	741	745	779	853	987	-1	-1	-1	-1	-1	-1	-1	-1	-1	-1
485	668	698	725	729	738	827	-1	-1	-1	-1	-1	-1	-1	-1	-1	-1	-1	-1	-1	-1	-1	-1
249	515	552	584	714	717	724	788	-1	-1	-1	-1	-1	-1	-1	-1	-1	-1	-1	-1	-1	-1	-1
207	270	505	529	537	580	637	647	918	-1	-1	-1	-1	-1	-1	-1	-1	-1	-1	-1	-1	-1	-1
517	610	634	657	713	750	-1	-1	-1	-1	-1	-1	-1	-1	-1	-1	-1	-1	-1	-1	-1	-1	-1
223	284	575	579	634	689	696	711	738	-1	-1	-1	-1	-1	-1	-1	-1	-1	-1	-1	-1	-1	-1
210	219	656	675	706	711	714	716	724	725	885	892	-1	-1	-1	-1	-1	-1	-1	-1	-1	-1	-1
423	453	537	693	708	733	-1	-1	-1	-1	-1	-1	-1	-1	-1	-1	-1	-1	-1	-1	-1	-1	-1
148	250	616	630	702	719	722	-1	-1	-1	-1	-1	-1	-1	-1	-1	-1	-1	-1	-1	-1	-1	-1
562	682	703	705	707	722	915	-1	-1	-1	-1	-1	-1	-1	-1	-1	-1	-1	-1	-1	-1	-1	-1
384	557	558	598	658	667	672	706	735	737	738	739	-1	-1	-1	-1	-1	-1	-1	-1	-1	-1	-1
103	174	215	343	384	617	630	644	694	704	731	-1	-1	-1	-1	-1	-1	-1	-1	-1	-1	-1	-1
335	350	421	514	610	683	685	703	715	716	722	948	-1	-1	-1	-1	-1	-1	-1	-1	-1	-1	-1
318	510	569	655	687	721	954	-1	-1	-1	-1	-1	-1	-1	-1	-1	-1	-1	-1	-1	-1	-1	-1
144	374	622	745	755	762	788	799	802	966	-1	-1	-1	-1	-1	-1	-1	-1	-1	-1	-1	-1	-1
228	343	553	676	703	757	761	790	804	996	-1	-1	-1	-1	-1	-1	-1	-1	-1	-1	-1	-1	-1
111	383	732	749	780	785	798	946	-1	-1	-1	-1	-1	-1	-1	-1	-1	-1	-1	-1	-1	-1	-1
530	554	584	628	660	761	780	791	793	798	799	801	-1	-1	-1	-1	-1	-1	-1	-1	-1	-1	-1
69	160	357	430	576	618	651	670	682	754	757	779	788	796	-1	-1	-1	-1	-1	-1	-1	-1	-1
435	663	745	769	797	813	840	-1	-1	-1	-1	-1	-1	-1	-1	-1	-1	-1	-1	-1	-1	-1	-1
105	242	744	799	858	946	-1	-1	-1	-1	-1	-1	-1	-1	-1	-1	-1	-1	-1	-1	-1	-1	-1
235	511	577	795	864	-1	-1	-1	-1	-1	-1	-1	-1	-1	-1	-1	-1	-1	-1	-1	-1	-1	-1
106	223	358	385	508	675	744	750	765	766	788	915	930	943	-1	-1	-1	-1	-1	-1	-1	-1	-1
142	321	592	618	744	747	750	757	783	798	959	-1	-1	-1	-1	-1	-1	-1	-1	-1	-1	-1	-1
272	543	787	788	793	846	945	951	-1	-1	-1	-1	-1	-1	-1	-1	-1	-1	-1	-1	-1	-1	-1
359	367	416	761	791	794	800	857	863	892	900	-1	-1	-1	-1	-1	-1	-1	-1	-1	-1	-1	-1
746	757	790	808	842	849	873	951	-1	-1	-1	-1	-1	-1	-1	-1	-1	-1	-1	-1	-1	-1	-1
34	107	121	264	319	395	618	745	897	938	969	977	-1	-1	-1	-1	-1	-1	-1	-1	-1	-1	-1
73	379	417	534	751	777	789	795	863	876	906	-1	-1	-1	-1	-1	-1	-1	-1	-1	-1	-1	-1
355	793	794	797	897	941	999	-1	-1	-1	-1	-1	-1	-1	-1	-1	-1	-1	-1	-1	-1	-1	-1
186	260	427	621	727	780	781	787	789	819	858	921	940	970	-1	-1	-1	-1	-1	-1	-1	-1	-1
157	284	382	657	760	762	784	792	804	858	923	930	982	-1	-1	-1	-1	-1	-1	-1	-1	-1	-1
62	750	752	757	780	781	804	872	968	-1	-1	-1	-1	-1	-1	-1	-1	-1	-1	-1	-1	-1	-1
188	557	680	769	780	784	801	821	856	868	-1	-1	-1	-1	-1	-1	-1	-1	-1	-1	-1	-1	-1
347	534	753	770	776	780	784	791	797	-1	-1	-1	-1	-1	-1	-1	-1	-1	-1	-1	-1	-1	-1
499	757	761	785	805	843	867	933	941	950	971	-1	-1	-1	-1	-1	-1	-1	-1	-1	-1	-1	-1
66	97	207	483	594	712	744	787	860	889	923	-1	-1	-1	-1	-1	-1	-1	-1	-1	-1	-1	-1
84	214	387	757	782	792	852	924	947	-1	-1	-1	-1	-1	-1	-1	-1	-1	-1	-1	-1	-1	-1
403	663	746	775	784	798	833	851	927	937	981	-1	-1	-1	-1	-1	-1	-1	-1	-1	-1	-1	-1
423	506	778	788	796	802	820	828	851	857	982	-1	-1	-1	-1	-1	-1	-1	-1	-1	-1	-1	-1
115	744	791	800	908	939	-1	-1	-1	-1	-1	-1	-1	-1	-1	-1	-1	-1	-1	-1	-1	-1	-1
330	399	475	719	731	764	772	788	813	835	870	894	921	934	979	-1	-1	-1	-1	-1	-1	-1	-1
153	216	559	791	793	805	888	965	-1	-1	-1	-1	-1	-1	-1	-1	-1	-1	-1	-1	-1	-1	-1
6	477	755	761	776	790	845	869	886	932	-1	-1	-1	-1	-1	-1	-1	-1	-1	-1	-1	-1	-1
96	330	456	755	759	769	811	889	906	957	-1	-1	-1	-1	-1	-1	-1	-1	-1	-1	-1	-1	-1
32	174	201	413	763	765	774	779	783	786	792	798	807	830	845	852	-1	-1	-1	-1	-1	-1	-1
18	184	237	339	349	464	746	756	759	773	800	811	817	867	932	997	-1	-1	-1	-1	-1	-1	-1
13	55	296	333	667	688	715	750	900	907	916	973	977	981	-1	-1	-1	-1	-1	-1	-1	-1	-1
154	191	246	301	350	602	760	790	794	893	983	-1	-1	-1	-1	-1	-1	-1	-1	-1	-1	-1	-1
319	722	751	805	820	828	949	952	983	-1	-1	-1	-1	-1	-1	-1	-1	-1	-1	-1	-1	-1	-1
54	755	759	763	781	805	902	923	948	951	963	989	-1	-1	-1	-1	-1	-1	-1	-1	-1	-1	-1
232	256	783	803	852	886	914	931	-1	-1	-1	-1	-1	-1	-1	-1	-1	-1	-1	-1	-1	-1	-1
430	767	787	793	814	877	928	931	972	-1	-1	-1	-1	-1	-1	-1	-1	-1	-1	-1	-1	-1	-1
745	756	764	799	802	806	811	878	886	899	922	-1	-1	-1	-1	-1	-1	-1	-1	-1	-1	-1	-1
179	288	292	761	766	886	-1	-1	-1	-1	-1	-1	-1	-1	-1	-1	-1	-1	-1	-1	-1	-1	-1
470	765	786	788	793	813	992	-1	-1	-1	-1	-1	-1	-1	-1	-1	-1	-1	-1	-1	-1	-1	-1
245	369	533	744	749	759	762	763	767	784	905	975	-1	-1	-1	-1	-1	-1	-1	-1	-1	-1	-1
453	489	597	696	718	761	762	766	768	775	782	796	797	798	840	841	873	938	-1	-1	-1	-1	-1
97	189	293	301	550	746	748	761	764	765	768	789	795	974	-1	-1	-1	-1	-1	-1	-1	-1	-1
748	758	767	768	791	795	806	812	957	-1	-1	-1	-1	-1	-1	-1	-1	-1	-1	-1	-1	-1	-1
744	752	829	849	851	875	990	-1	-1	-1	-1	-1	-1	-1	-1	-1	-1	-1	-1	-1	-1	-1	-1
147	280	449	738	758	777	892	893	904	-1	-1	-1	-1	-1	-1	-1	-1	-1	-1	-1	-1	-1	-1
272	299	302	508	669	802	864	882	900	-1	-1	-1	-1	-1	-1	-1	-1	-1	-1	-1	-1	-1	-1
182	638	662	746	750	773	839	862	886	915	926	-1	-1	-1	-1	-1	-1	-1	-1	-1	-1	-1	-1
42	125	517	762	780	783	787	839	868	874	-1	-1	-1	-1	-1	-1	-1	-1	-1	-1	-1	-1	-1
80	196	212	247	359	749	773	804	854	973	-1	-1	-1	-1	-1	-1	-1	-1	-1	-1	-1	-1	-1
181	287	310	347	629	754	759	774	781	792	793	804	811	951	955	-1	-1	-1	-1	-1	-1	-1	-1
65	584	776	800	846	862	895	-1	-1	-1	-1	-1	-1	-1	-1	-1	-1	-1	-1	-1	-1	-1	-1
46	373	760	814	912	993	-1	-1	-1	-1	-1	-1	-1	-1	-1	-1	-1	-1	-1	-1	-1	-1	-1
235	661	774	789	790	812	888	905	940	-1	-1	-1	-1	-1	-1	-1	-1	-1	-1	-1	-1	-1	-1
46	134	342	462	751	772	779	787	789	922	964	985	-1	-1	-1	-1	-1	-1	-1	-1	-1	-1	-1
9	115	294	745	771	788	791	792	793	803	986	-1	-1	-1	-1	-1	-1	-1	-1	-1	-1	-1	-1
243	540	670	730	750	758	779	785	797	840	871	881	907	999	-1	-1	-1	-1	-1	-1	-1	-1	-1
29	249	623	760	801	915	925	950	-1	-1	-1	-1	-1	-1	-1	-1	-1	-1	-1	-1	-1	-1	-1
260	330	781	802	856	873	893	971	-1	-1	-1	-1	-1	-1	-1	-1	-1	-1	-1	-1	-1	-1	-1
330	371	751	779	784	787	790	798	801	915	996	-1	-1	-1	-1	-1	-1	-1	-1	-1	-1	-1	-1
377	783	825	831	834	843	849	853	906	965	978	-1	-1	-1	-1	-1	-1	-1	-1	-1	-1	-1	-1
745	834	851	855	866	918	958	-1	-1	-1	-1	-1	-1	-1	-1	-1	-1	-1	-1	-1	-1	-1	-1
511	812	823	828	833	853	866	947	-1	-1	-1	-1	-1	-1	-1	-1	-1	-1	-1	-1	-1	-1	-1
243	254	290	381	549	758	764	814	837	858	892	953	-1	-1	-1	-1	-1	-1	-1	-1	-1	-1	-1
80	241	301	459	648	823	824	863	883	900	969	985	997	-1	-1	-1	-1	-1	-1	-1	-1	-1	-1
116	270	434	781	836	846	850	853	864	865	960	993	-1	-1	-1	-1	-1	-1	-1	-1	-1	-1	-1
128	353	580	787	847	855	870	887	931	971	973	995	-1	-1	-1	-1	-1	-1	-1	-1	-1	-1	-1
13	514	732	816	858	865	948	990	-1	-1	-1	-1	-1	-1	-1	-1	-1	-1	-1	-1	-1	-1	-1
677	812	825	854	867	955	995	-1	-1	-1	-1	-1	-1	-1	-1	-1	-1	-1	-1	-1	-1	-1	-1
5	257	319	711	744	781	785	807	821	833	836	852	855	926	961	989	-1	-1	-1	-1	-1	-1	-1
46	821	830	856	862	-1	-1	-1	-1	-1	-1	-1	-1	-1	-1	-1	-1	-1	-1	-1	-1	-1	-1
168	241	746	821	828	833	845	901	938	946	960	-1	-1	-1	-1	-1	-1	-1	-1	-1	-1	-1	-1
19	399	422	782	813	814	845	886	926	-1	-1	-1	-1	-1	-1	-1	-1	-1	-1	-1	-1	-1	-1
161	417	813	826	848	852	853	881	889	-1	-1	-1	-1	-1	-1	-1	-1	-1	-1	-1	-1	-1	-1
255	281	346	467	678	770	812	837	935	971	-1	-1	-1	-1	-1	-1	-1	-1	-1	-1	-1	-1	-1
31	46	251	379	784	837	886	888	902	919	985	-1	-1	-1	-1	-1	-1	-1	-1	-1	-1	-1	-1
102	640	678	725	791	826	855	872	899	971	-1	-1	-1	-1	-1	-1	-1	-1	-1	-1	-1	-1	-1
219	400	553	701	740	778	780	816	846	859	-1	-1	-1	-1	-1	-1	-1	-1	-1	-1	-1	-1	-1
23	727	823	857	861	865	-1	-1	-1	-1	-1	-1	-1	-1	-1	-1	-1	-1	-1	-1	-1	-1	-1
137	168	794	819	837	852	854	861	912	939	956	-1	-1	-1	-1	-1	-1	-1	-1	-1	-1	-1	-1
308	341	480	553	597	781	804	824	828	833	862	889	930	985	-1	-1	-1	-1	-1	-1	-1	-1	-1
560	578	701	752	849	850	869	883	957	995	-1	-1	-1	-1	-1	-1	-1	-1	-1	-1	-1	-1	-1
197	341	803	824	874	881	983	-1	-1	-1	-1	-1	-1	-1	-1	-1	-1	-1	-1	-1	-1	-1	-1
358	574	815	823	906	909	912	-1	-1	-1	-1	-1	-1	-1	-1	-1	-1	-1	-1	-1	-1	-1	-1
761	794	825	857	870	950	977	-1	-1	-1	-1	-1	-1	-1	-1	-1	-1	-1	-1	-1	-1	-1	-1
19	792	800	833	845	858	868	873	908	946	980	-1	-1	-1	-1	-1	-1	-1	-1	-1	-1	-1	-1
156	494	773	810	820	966	999	-1	-1	-1	-1	-1	-1	-1	-1	-1	-1	-1	-1	-1	-1	-1	-1
40	260	268	357	818	837	839	846	-1	-1	-1	-1	-1	-1	-1	-1	-1	-1	-1	-1	-1	-1	-1
260	522	801	806	882	921	961	-1	-1	-1	-1	-1	-1	-1	-1	-1	-1	-1	-1	-1	-1	-1	-1
113	357	566	695	733	791	888	899	976	-1	-1	-1	-1	-1	-1	-1	-1	-1	-1	-1	-1	-1	-1
544	577	762	808	810	825	858	860	867	910	-1	-1	-1	-1	-1	-1	-1	-1	-1	-1	-1	-1	-1
467	552	768	825	842	885	897	904	916	947	989	-1	-1	-1	-1	-1	-1	-1	-1	-1	-1	-1	-1
122	358	639	640	764	765	832	840	-1	-1	-1	-1	-1	-1	-1	-1	-1	-1	-1	-1	-1	-1	-1
651	662	679	806	811	828	852	865	-1	-1	-1	-1	-1	-1	-1	-1	-1	-1	-1	-1	-1	-1	-1
81	355	598	754	811	812	815	819	841	853	862	864	899	984	-1	-1	-1	-1	-1	-1	-1	-1	-1
20	824	825	845	848	-1	-1	-1	-1	-1	-1	-1	-1	-1	-1	-1	-1	-1	-1	-1	-1	-1	-1
679	825	845	852	909	933	-1	-1	-1	-1	-1	-1	-1	-1	-1	-1	-1	-1	-1	-1	-1	-1	-1
10	498	655	818	834	858	867	876	896	937	-1	-1	-1	-1	-1	-1	-1	-1	-1	-1	-1	-1	-1
38	206	251	435	539	573	766	768	825	826	832	865	875	892	983	992	-1	-1	-1	-1	-1	-1	-1
3	310	332	755	768	864	937	951	-1	-1	-1	-1	-1	-1	-1	-1	-1	-1	-1	-1	-1	-1	-1
45	70	77	204	402	573	825	842	845	851	985	-1	-1	-1	-1	-1	-1	-1	-1	-1	-1	-1	-1
724	780	797	816	825	831	848	954	968	-1	-1	-1	-1	-1	-1	-1	-1	-1	-1	-1	-1	-1	-1
66	70	473	752	756	790	810	812	847	859	860	867	-1	-1	-1	-1	-1	-1	-1	-1	-1	-1	-1
290	489	529	665	746	832	834	843	848	851	874	900	-1	-1	-1	-1	-1	-1	-1	-1	-1	-1	-1
178	218	756	811	831	865	953	989	-1	-1	-1	-1	-1	-1	-1	-1	-1	-1	-1	-1	-1	-1	-1
95	102	410	690	760	825	836	914	920	951	-1	-1	-1	-1	-1	-1	-1	-1	-1	-1	-1	-1	-1
387	760	823	824	827	845	883	946	962	-1	-1	-1	-1	-1	-1	-1	-1	-1	-1	-1	-1	-1	-1
117	871	-1	-1	-1	-1	-1	-1	-1	-1	-1	-1	-1	-1	-1	-1	-1	-1	-1	-1	-1	-1	-1
49	100	323	817	825	827	832	861	869	876	899	967	-1	-1	-1	-1	-1	-1	-1	-1	-1	-1	-1
140	229	611	823	824	837	844	929	998	-1	-1	-1	-1	-1	-1	-1	-1	-1	-1	-1	-1	-1	-1
91	239	260	284	785	821	864	951	986	-1	-1	-1	-1	-1	-1	-1	-1	-1	-1	-1	-1	-1	-1
787	812	828	900	903	911	969	-1	-1	-1	-1	-1	-1	-1	-1	-1	-1	-1	-1	-1	-1	-1	-1
757	770	816	842	926	937	941	988	996	-1	-1	-1	-1	-1	-1	-1	-1	-1	-1	-1	-1	-1	-1
60	207	266	381	428	441	816	820	822	860	939	-1	-1	-1	-1	-1	-1	-1	-1	-1	-1	-1	-1
89	118	191	813	818	826	876	900	972	-1	-1	-1	-1	-1	-1	-1	-1	-1	-1	-1	-1	-1	-1
72	698	808	817	829	836	843	864	-1	-1	-1	-1	-1	-1	-1	-1	-1	-1	-1	-1	-1	-1	-1
403	529	680	717	814	815	831	832	834	849	917	-1	-1	-1	-1	-1	-1	-1	-1	-1	-1	-1	-1
448	764	766	812	828	852	867	882	-1	-1	-1	-1	-1	-1	-1	-1	-1	-1	-1	-1	-1	-1	-1
65	223	257	481	815	820	841	848	900	968	-1	-1	-1	-1	-1	-1	-1	-1	-1	-1	-1	-1	-1
771	810	831	842	849	-1	-1	-1	-1	-1	-1	-1	-1	-1	-1	-1	-1	-1	-1	-1	-1	-1	-1
448	855	943	-1	-1	-1	-1	-1	-1	-1	-1	-1	-1	-1	-1	-1	-1	-1	-1	-1	-1	-1	-1
230	232	267	475	685	815	818	829	854	884	887	904	962	-1	-1	-1	-1	-1	-1	-1	-1	-1	-1
66	184	619	756	763	767	789	795	823	870	915	996	-1	-1	-1	-1	-1	-1	-1	-1	-1	-1	-1
257	388	506	623	647	849	883	933	-1	-1	-1	-1	-1	-1	-1	-1	-1	-1	-1	-1	-1	-1	-1
57	98	281	786	828	928	949	969	-1	-1	-1	-1	-1	-1	-1	-1	-1	-1	-1	-1	-1	-1	-1
370	549	657	835	898	900	901	903	909	923	933	939	942	-1	-1	-1	-1	-1	-1	-1	-1	-1	-1
30	551	637	710	780	792	880	884	908	909	917	933	-1	-1	-1	-1	-1	-1	-1	-1	-1	-1	-1
431	751	764	795	818	844	848	858	877	878	902	903	920	-1	-1	-1	-1	-1	-1	-1	-1	-1	-1
231	803	835	847	870	875	883	897	903	921	931	959	-1	-1	-1	-1	-1	-1	-1	-1	-1	-1	-1
28	149	287	777	906	978	-1	-1	-1	-1	-1	-1	-1	-1	-1	-1	-1	-1	-1	-1	-1	-1	-1
17	282	298	499	540	836	893	894	-1	-1	-1	-1	-1	-1	-1	-1	-1	-1	-1	-1	-1	-1	-1
415	690	817	857	890	922	-1	-1	-1	-1	-1	-1	-1	-1	-1	-1	-1	-1	-1	-1	-1	-1	-1
212	357	573	641	658	798	872	876	893	950	968	-1	-1	-1	-1	-1	-1	-1	-1	-1	-1	-1	-1
120	158	313	501	802	888	896	914	936	944	-1	-1	-1	-1	-1	-1	-1	-1	-1	-1	-1	-1	-1
633	873	891	902	953	970	-1	-1	-1	-1	-1	-1	-1	-1	-1	-1	-1	-1	-1	-1	-1	-1	-1
190	244	357	926	-1	-1	-1	-1	-1	-1	-1	-1	-1	-1	-1	-1	-1	-1	-1	-1	-1	-1	-1
120	436	613	773	806	896	908	917	924	929	-1	-1	-1	-1	-1	-1	-1	-1	-1	-1	-1	-1	-1
126	314	564	721	753	760	762	885	928	940	972	-1	-1	-1	-1	-1	-1	-1	-1	-1	-1	-1	-1
115	276	281	294	455	648	713	759	789	869	889	891	900	991	-1	-1	-1	-1	-1	-1	-1	-1	-1
249	337	579	781	782	878	887	891	899	921	929	-1	-1	-1	-1	-1	-1	-1	-1	-1	-1	-1	-1
268	441	495	624	848	878	905	916	974	995	-1	-1	-1	-1	-1	-1	-1	-1	-1	-1	-1	-1	-1
622	884	886	889	898	912	913	938	-1	-1	-1	-1	-1	-1	-1	-1	-1	-1	-1	-1	-1	-1	-1
92	611	825	892	903	905	-1	-1	-1	-1	-1	-1	-1	-1	-1	-1	-1	-1	-1	-1	-1	-1	-1
182	659	851	861	892	908	921	-1	-1	-1	-1	-1	-1	-1	-1	-1	-1	-1	-1	-1	-1	-1	-1
222	262	575	876	902	915	959	977	985	-1	-1	-1	-1	-1	-1	-1	-1	-1	-1	-1	-1	-1	-1
28	216	566	642	773	807	840	845	874	879	883	888	917	977	-1	-1	-1	-1	-1	-1	-1	-1	-1
241	286	683	754	824	903	914	918	922	947	998	-1	-1	-1	-1	-1	-1	-1	-1	-1	-1	-1	-1
126	204	507	510	839	891	917	921	969	987	-1	-1	-1	-1	-1	-1	-1	-1	-1	-1	-1	-1	-1
138	581	796	869	877	913	-1	-1	-1	-1	-1	-1	-1	-1	-1	-1	-1	-1	-1	-1	-1	-1	-1
66	517	688	804	831	900	903	909	924	-1	-1	-1	-1	-1	-1	-1	-1	-1	-1	-1	-1	-1	-1
135	194	229	520	863	874	878	899	901	910	912	913	949	-1	-1	-1	-1	-1	-1	-1	-1	-1	-1
221	456	585	625	775	785	800	857	883	900	901	918	925	955	983	-1	-1	-1	-1	-1	-1	-1	-1
65	452	502	566	784	794	873	874	877	888	893	894	911	923	965	-1	-1	-1	-1	-1	-1	-1	-1
6	101	124	868	870	879	882	917	998	-1	-1	-1	-1	-1	-1	-1	-1	-1	-1	-1	-1	-1	-1
160	495	882	907	964	-1	-1	-1	-1	-1	-1	-1	-1	-1	-1	-1	-1	-1	-1	-1	-1	-1	-1
702	794	890	893	895	921	999	-1	-1	-1	-1	-1	-1	-1	-1	-1	-1	-1	-1	-1	-1	-1	-1
86	530	538	614	728	801	829	841	862	871	-1	-1	-1	-1	-1	-1	-1	-1	-1	-1	-1	-1	-1
125	311	561	820	840	975	-1	-1	-1	-1	-1	-1	-1	-1	-1	-1	-1	-1	-1	-1	-1	-1	-1
47	274	397	525	571	651	694	820	824	870	872	875	884	893	901	960	-1	-1	-1	-1	-1	-1	-1
126	386	899	915	920	944	-1	-1	-1	-1	-1	-1	-1	-1	-1	-1	-1	-1	-1	-1	-1	-1	-1
66	168	513	778	791	829	875	918	919	940	-1	-1	-1	-1	-1	-1	-1	-1	-1	-1	-1	-1	-1
83	197	256	302	344	520	568	577	589	871	903	906	963	982	999	-1	-1	-1	-1	-1	-1	-1	-1
748	774	806	808	822	891	903	913	-1	-1	-1	-1	-1	-1	-1	-1	-1	-1	-1	-1	-1	-1	-1
126	156	219	634	753	797	809	835	874	924	928	-1	-1	-1	-1	-1	-1	-1	-1	-1	-1	-1	-1
10	17	106	109	233	529	777	819	831	876	894	895	897	992	-1	-1	-1	-1	-1	-1	-1	-1	-1
544	789	801	831	891	912	917	921	937	993	-1	-1	-1	-1	-1	-1	-1	-1	-1	-1	-1	-1	-1
907	914	993	-1	-1	-1	-1	-1	-1	-1	-1	-1	-1	-1	-1	-1	-1	-1	-1	-1	-1	-1	-1
83	97	200	705	754	787	802	847	870	880	885	902	-1	-1	-1	-1	-1	-1	-1	-1	-1	-1	-1
421	523	855	879	909	912	-1	-1	-1	-1	-1	-1	-1	-1	-1	-1	-1	-1	-1	-1	-1	-1	-1
467	564	696	902	924	927	965	-1	-1	-1	-1	-1	-1	-1	-1	-1	-1	-1	-1	-1	-1	-1	-1
272	602	703	809	810	882	900	901	956	966	999	-1	-1	-1	-1	-1	-1	-1	-1	-1	-1	-1	-1
21	223	380	464	772	850	856	914	921	-1	-1	-1	-1	-1	-1	-1	-1	-1	-1	-1	-1	-1	-1
609	656	886	887	892	893	903	916	920	-1	-1	-1	-1	-1	-1	-1	-1	-1	-1	-1	-1	-1	-1
326	517	755	779	793	914	916	922	929	-1	-1	-1	-1	-1	-1	-1	-1	-1	-1	-1	-1	-1	-1
238	391	398	857	873	885	892	909	-1	-1	-1	-1	-1	-1	-1	-1	-1	-1	-1	-1	-1	-1	-1
59	372	672	873	874	884	885	901	908	-1	-1	-1	-1	-1	-1	-1	-1	-1	-1	-1	-1	-1	-1
595	739	904	909	-1	-1	-1	-1	-1	-1	-1	-1	-1	-1	-1	-1	-1	-1	-1	-1	-1	-1	-1
132	168	336	769	771	789	798	866	870	875	920	953	985	-1	-1	-1	-1	-1	-1	-1	-1	-1	-1
336	463	496	790	801	858	871	881	896	961	964	970	-1	-1	-1	-1	-1	-1	-1	-1	-1	-1	-1
126	180	241	830	848	923	-1	-1	-1	-1	-1	-1	-1	-1	-1	-1	-1	-1	-1	-1	-1	-1	-1
162	321	413	480	817	868	881	893	903	914	-1	-1	-1	-1	-1	-1	-1	-1	-1	-1	-1	-1	-1
347	647	886	906	928	974	-1	-1	-1	-1	-1	-1	-1	-1	-1	-1	-1	-1	-1	-1	-1	-1	-1
448	695	876	888	899	905	917	-1	-1	-1	-1	-1	-1	-1	-1	-1	-1	-1	-1	-1	-1	-1	-1
160	644	704	882	901	909	-1	-1	-1	-1	-1	-1	-1	-1	-1	-1	-1	-1	-1	-1	-1	-1	-1
57	604	636	640	737	817	846	884	948	960	-1	-1	-1	-1	-1	-1	-1	-1	-1	-1	-1	-1	-1
21	272	343	465	782	863	882	981	986	-1	-1	-1	-1	-1	-1	-1	-1	-1	-1	-1	-1	-1	-1
246	358	644	811	875	933	941	957	983	-1	-1	-1	-1	-1	-1	-1	-1	-1	-1	-1	-1	-1	-1
187	239	492	867	935	957	958	963	971	983	988	-1	-1	-1	-1	-1	-1	-1	-1	-1	-1	-1	-1
29	67	515	763	829	832	875	904	936	937	949	970	978	982	-1	-1	-1	-1	-1	-1	-1	-1	-1
18	155	278	363	548	764	890	939	952	970	-1	-1	-1	-1	-1	-1	-1	-1	-1	-1	-1	-1	-1
166	253	545	695	760	803	897	932	942	954	963	974	988	-1	-1	-1	-1	-1	-1	-1	-1	-1	-1
222	384	614	825	915	956	975	989	-1	-1	-1	-1	-1	-1	-1	-1	-1	-1	-1	-1	-1	-1	-1
399	835	947	969	990	-1	-1	-1	-1	-1	-1	-1	-1	-1	-1	-1	-1	-1	-1	-1	-1	-1	-1
4	331	512	758	764	766	802	843	893	894	919	951	990	-1	-1	-1	-1	-1	-1	-1	-1	-1	-1
153	443	849	913	936	960	990	-1	-1	-1	-1	-1	-1	-1	-1	-1	-1	-1	-1	-1	-1	-1	-1
534	924	928	932	936	940	-1	-1	-1	-1	-1	-1	-1	-1	-1	-1	-1	-1	-1	-1	-1	-1	-1
163	723	776	798	894	919	944	947	978	-1	-1	-1	-1	-1	-1	-1	-1	-1	-1	-1	-1	-1	-1
76	251	930	933	934	945	948	989	-1	-1	-1	-1	-1	-1	-1	-1	-1	-1	-1	-1	-1	-1	-1
224	751	817	898	935	959	964	982	986	-1	-1	-1	-1	-1	-1	-1	-1	-1	-1	-1	-1	-1	-1
318	557	828	830	838	930	941	950	960	986	-1	-1	-1	-1	-1	-1	-1	-1	-1	-1	-1	-1	-1
58	278	583	751	767	776	870	930	990	-1	-1	-1	-1	-1	-1	-1	-1	-1	-1	-1	-1	-1	-1
61	99	117	181	271	308	423	591	789	798	878	920	930	932	937	941	953	955	960	964	975	977	989
448	483	549	873	952	974	987	988	-1	-1	-1	-1	-1	-1	-1	-1	-1	-1	-1	-1	-1	-1	-1
68	794	856	886	900	925	940	941	978	981	-1	-1	-1	-1	-1	-1	-1	-1	-1	-1	-1	-1	-1
84	454	797	803	832	851	912	991	-1	-1	-1	-1	-1	-1	-1	-1	-1	-1	-1	-1	-1	-1	-1
450	627	772	791	930	945	978	983	996	-1	-1	-1	-1	-1	-1	-1	-1	-1	-1	-1	-1	-1	-1
289	312	335	389	473	477	514	677	859	873	917	967	978	979	989	990	-1	-1	-1	-1	-1	-1	-1
9	755	939	943	945	963	970	994	999	-1	-1	-1	-1	-1	-1	-1	-1	-1	-1	-1	-1	-1	-1
100	325	359	467	643	747	859	889	961	967	968	-1	-1	-1	-1	-1	-1	-1	-1	-1	-1	-1	-1
762	865	880	933	941	974	982	-1	-1	-1	-1	-1	-1	-1	-1	-1	-1	-1	-1	-1	-1	-1	-1
150	348	531	578	626	707	782	845	859	928	945	959	989	990	-1	-1	-1	-1	-1	-1	-1	-1	-1
43	67	635	809	941	961	963	983	987	-1	-1	-1	-1	-1	-1	-1	-1	-1	-1	-1	-1	-1	-1
85	114	393	678	690	857	868	938	940	-1	-1	-1	-1	-1	-1	-1	-1	-1	-1	-1	-1	-1	-1
210	272	479	574	744	930	941	955	960	-1	-1	-1	-1	-1	-1	-1	-1	-1	-1	-1	-1	-1	-1
101	122	229	355	752	857	885	911	977	979	-1	-1	-1	-1	-1	-1	-1	-1	-1	-1	-1	-1	-1
6	318	355	441	664	762	771	826	866	900	933	955	977	983	-1	-1	-1	-1	-1	-1	-1	-1	-1
706	803	809	822	881	932	949	955	972	-1	-1	-1	-1	-1	-1	-1	-1	-1	-1	-1	-1	-1	-1
694	714	756	803	816	875	937	949	954	962	977	991	-1	-1	-1	-1	-1	-1	-1	-1	-1	-1	-1
564	796	870	918	942	963	972	976	-1	-1	-1	-1	-1	-1	-1	-1	-1	-1	-1	-1	-1	-1	-1
352	353	477	478	770	803	810	811	871	909	915	942	952	976	-1	-1	-1	-1	-1	-1	-1	-1	-1
240	721	770	791	819	894	983	-1	-1	-1	-1	-1	-1	-1	-1	-1	-1	-1	-1	-1	-1	-1	-1
8	215	813	952	983	-1	-1	-1	-1	-1	-1	-1	-1	-1	-1	-1	-1	-1	-1	-1	-1	-1	-1
843	934	949	974	980	983	989	-1	-1	-1	-1	-1	-1	-1	-1	-1	-1	-1	-1	-1	-1	-1	-1
315	442	482	536	757	881	947	956	984	985	-1	-1	-1	-1	-1	-1	-1	-1	-1	-1	-1	-1	-1
388	750	767	942	944	947	973	-1	-1	-1	-1	-1	-1	-1	-1	-1	-1	-1	-1	-1	-1	-1	-1
464	777	784	845	915	953	989	990	-1	-1	-1	-1	-1	-1	-1	-1	-1	-1	-1	-1	-1	-1	-1
200	453	676	679	932	937	944	966	979	980	998	-1	-1	-1	-1	-1	-1	-1	-1	-1	-1	-1	-1
427	493	532	762	862	907	934	938	960	965	969	-1	-1	-1	-1	-1	-1	-1	-1	-1	-1	-1	-1
8	104	650	850	943	963	966	984	989	998	-1	-1	-1	-1	-1	-1	-1	-1	-1	-1	-1	-1	-1
263	644	761	921	943	960	-1	-1	-1	-1	-1	-1	-1	-1	-1	-1	-1	-1	-1	-1	-1	-1	-1
325	397	512	930	936	940	953	959	-1	-1	-1	-1	-1	-1	-1	-1	-1	-1	-1	-1	-1	-1	-1
102	743	826	864	883	901	941	963	964	971	983	-1	-1	-1	-1	-1	-1	-1	-1	-1	-1	-1	-1
169	279	333	420	675	677	742	799	849	864	920	934	935	942	984	987	992	-1	-1	-1	-1	-1	-1
175	494	578	785	839	933	959	975	977	987	-1	-1	-1	-1	-1	-1	-1	-1	-1	-1	-1	-1	-1
572	854	912	932	994	-1	-1	-1	-1	-1	-1	-1	-1	-1	-1	-1	-1	-1	-1	-1	-1	-1	-1
139	493	794	822	930	944	949	954	968	987	-1	-1	-1	-1	-1	-1	-1	-1	-1	-1	-1	-1	-1
887	953	-1	-1	-1	-1	-1	-1	-1	-1	-1	-1	-1	-1	-1	-1	-1	-1	-1	-1	-1	-1	-1
169	332	372	754	820	887	917	-1	-1	-1	-1	-1	-1	-1	-1	-1	-1	-1	-1	-1	-1	-1	-1
237	251	390	572	759	797	810	860	948	957	971	982	986	-1	-1	-1	-1	-1	-1	-1	-1	-1	-1
90	386	524	590	787	881	977	-1	-1	-1	-1	-1	-1	-1	-1	-1	-1	-1	-1	-1	-1	-1	-1
1	468	502	553	931	993	-1	-1	-1	-1	-1	-1	-1	-1	-1	-1	-1	-1	-1	-1	-1	-1	-1
26	52	405	413	466	717	766	809	906	-1	-1	-1	-1	-1	-1	-1	-1	-1	-1	-1	-1	-1	-1
42	931	938	944	962	-1	-1	-1	-1	-1	-1	-1	-1	-1	-1	-1	-1	-1	-1	-1	-1	-1	-1
622	891	892	935	951	975	988	-1	-1	-1	-1	-1	-1	-1	-1	-1	-1	-1	-1	-1	-1	-1	-1
78	463	559	970	971	-1	-1	-1	-1	-1	-1	-1	-1	-1	-1	-1	-1	-1	-1	-1	-1	-1	-1
61	301	510	797	958	981	989	-1	-1	-1	-1	-1	-1	-1	-1	-1	-1	-1	-1	-1	-1	-1	-1
318	552	574	755	849	990	-1	-1	-1	-1	-1	-1	-1	-1	-1	-1	-1	-1	-1	-1	-1	-1	-1
803	896	977	984	-1	-1	-1	-1	-1	-1	-1	-1	-1	-1	-1	-1	-1	-1	-1	-1	-1	-1	-1
161	246	935	-1	-1	-1	-1	-1	-1	-1	-1	-1	-1	-1	-1	-1	-1	-1	-1	-1	-1	-1	-1
323	582	645	772	955	983	987	-1	-1	-1	-1	-1	-1	-1	-1	-1	-1	-1	-1	-1	-1	-1	-1
828	869	-1	-1	-1	-1	-1	-1	-1	-1	-1	-1	-1	-1	-1	-1	-1	-1	-1	-1	-1	-1	-1
250	770	784	850	922	985	-1	-1	-1	-1	-1	-1	-1	-1	-1	-1	-1	-1	-1	-1	-1	-1	-1
38	549	596	611	768	949	975	-1	-1	-1	-1	-1	-1	-1	-1	-1	-1	-1	-1	-1	-1	-1	-1
153	175	180	223	326	429	455	857	860	-1	-1	-1	-1	-1	-1	-1	-1	-1	-1	-1	-1	-1	-1
#0.10026119724265582