6	13	134	170	188	212	337	437	-1	-1	-1	-1	-1	-1	-1	-1	-1	-1	-1	-1	-1
13	40	50	215	884	-1	-1	-1	-1	-1	-1	-1	-1	-1	-1	-1	-1	-1	-1	-1	-1
41	52	57	164	226	912	-1	-1	-1	-1	-1	-1	-1	-1	-1	-1	-1	-1	-1	-1	-1
8	77	103	146	206	249	548	672	740	830	-1	-1	-1	-1	-1	-1	-1	-1	-1	-1	-1
22	23	33	79	217	218	325	339	549	701	834	-1	-1	-1	-1	-1	-1	-1	-1	-1	-1
6	9	98	162	291	959	963	997	-1	-1	-1	-1	-1	-1	-1	-1	-1	-1	-1	-1	-1
5	12	18	29	101	106	298	610	738	976	-1	-1	-1	-1	-1	-1	-1	-1	-1	-1	-1
2	42	46	53	106	135	136	143	157	669	906	-1	-1	-1	-1	-1	-1	-1	-1	-1	-1
25	37	46	115	299	534	981	-1	-1	-1	-1	-1	-1	-1	-1	-1	-1	-1	-1	-1	-1
22	29	61	92	173	201	589	-1	-1	-1	-1	-1	-1	-1	-1	-1	-1	-1	-1	-1	-1
7	9	42	56	170	213	735	768	854	-1	-1	-1	-1	-1	-1	-1	-1	-1	-1	-1	-1
0	5	29	78	198	217	223	284	-1	-1	-1	-1	-1	-1	-1	-1	-1	-1	-1	-1	-1
26	30	44	102	169	172	185	187	207	278	283	944	-1	-1	-1	-1	-1	-1	-1	-1	-1
6	100	136	155	183	192	229	659	992	-1	-1	-1	-1	-1	-1	-1	-1	-1	-1	-1	-1
20	29	40	42	45	47	58	68	426	489	677	723	-1	-1	-1	-1	-1	-1	-1	-1	-1
3	18	22	25	52	56	92	118	618	785	-1	-1	-1	-1	-1	-1	-1	-1	-1	-1	-1
11	30	45	71	133	178	200	363	503	580	-1	-1	-1	-1	-1	-1	-1	-1	-1	-1	-1
0	51	65	133	997	-1	-1	-1	-1	-1	-1	-1	-1	-1	-1	-1	-1	-1	-1	-1	-1
26	46	53	145	153	274	350	679	769	-1	-1	-1	-1	-1	-1	-1	-1	-1	-1	-1	-1
11	15	23	30	42	57	351	466	736	922	-1	-1	-1	-1	-1	-1	-1	-1	-1	-1	-1
13	31	37	44	53	60	88	170	229	402	852	-1	-1	-1	-1	-1	-1	-1	-1	-1	-1
6	43	174	179	235	257	513	-1	-1	-1	-1	-1	-1	-1	-1	-1	-1	-1	-1	-1	-1
1	24	48	49	128	152	217	246	458	506	-1	-1	-1	-1	-1	-1	-1	-1	-1	-1	-1
5	28	43	46	55	57	84	95	117	130	135	174	239	936	-1	-1	-1	-1	-1	-1	-1
41	142	184	201	230	278	725	837	-1	-1	-1	-1	-1	-1	-1	-1	-1	-1	-1	-1	-1
20	21	31	57	68	76	79	134	136	147	235	381	549	-1	-1	-1	-1	-1	-1	-1	-1
18	122	149	246	521	811	-1	-1	-1	-1	-1	-1	-1	-1	-1	-1	-1	-1	-1	-1	-1
3	9	48	55	73	203	213	311	358	491	755	827	991	-1	-1	-1	-1	-1	-1	-1	-1
10	11	40	48	84	98	145	156	166	187	221	323	516	622	966	-1	-1	-1	-1	-1	-1
1	12	151	-1	-1	-1	-1	-1	-1	-1	-1	-1	-1	-1	-1	-1	-1	-1	-1	-1	-1
13	27	62	98	111	129	231	263	268	536	640	-1	-1	-1	-1	-1	-1	-1	-1	-1	-1
20	126	302	326	497	767	787	952	984	-1	-1	-1	-1	-1	-1	-1	-1	-1	-1	-1	-1
11	48	52	178	830	831	-1	-1	-1	-1	-1	-1	-1	-1	-1	-1	-1	-1	-1	-1	-1
22	24	28	61	503	719	821	-1	-1	-1	-1	-1	-1	-1	-1	-1	-1	-1	-1	-1	-1
46	48	55	59	124	164	222	227	247	816	-1	-1	-1	-1	-1	-1	-1	-1	-1	-1	-1
6	33	43	59	100	104	127	189	271	-1	-1	-1	-1	-1	-1	-1	-1	-1	-1	-1	-1
15	26	49	85	122	139	140	174	238	497	674	979	-1	-1	-1	-1	-1	-1	-1	-1	-1
33	81	103	160	207	589	648	859	999	-1	-1	-1	-1	-1	-1	-1	-1	-1	-1	-1	-1
28	45	53	55	56	84	133	161	242	245	280	463	561	601	-1	-1	-1	-1	-1	-1	-1
29	74	87	106	138	622	-1	-1	-1	-1	-1	-1	-1	-1	-1	-1	-1	-1	-1	-1	-1
18	27	28	44	146	581	-1	-1	-1	-1	-1	-1	-1	-1	-1	-1	-1	-1	-1	-1	-1
39	174	234	246	384	403	889	-1	-1	-1	-1	-1	-1	-1	-1	-1	-1	-1	-1	-1	-1
16	36	38	46	52	154	155	211	289	366	476	485	522	-1	-1	-1	-1	-1	-1	-1	-1
13	18	89	142	430	631	999	-1	-1	-1	-1	-1	-1	-1	-1	-1	-1	-1	-1	-1	-1
6	15	22	37	47	50	52	71	153	246	497	533	631	786	821	831	933	975	-1	-1	-1
5	17	47	54	59	81	174	175	278	314	401	553	-1	-1	-1	-1	-1	-1	-1	-1	-1
3	6	10	13	14	20	53	60	170	192	216	839	947	-1	-1	-1	-1	-1	-1	-1	-1
28	32	38	45	49	50	229	583	-1	-1	-1	-1	-1	-1	-1	-1	-1	-1	-1	-1	-1
46	51	55	237	256	-1	-1	-1	-1	-1	-1	-1	-1	-1	-1	-1	-1	-1	-1	-1	-1
6	9	15	19	30	38	61	113	129	233	240	265	340	622	779	891	-1	-1	-1	-1	-1
26	35	42	44	55	57	226	237	325	624	-1	-1	-1	-1	-1	-1	-1	-1	-1	-1	-1
4	11	52	82	113	141	146	169	170	230	339	-1	-1	-1	-1	-1	-1	-1	-1	-1	-1
15	19	35	92	125	172	445	966	-1	-1	-1	-1	-1	-1	-1	-1	-1	-1	-1	-1	-1
14	54	219	446	543	889	-1	-1	-1	-1	-1	-1	-1	-1	-1	-1	-1	-1	-1	-1	-1
12	28	42	58	160	175	427	707	782	984	-1	-1	-1	-1	-1	-1	-1	-1	-1	-1	-1
33	36	45	80	145	188	226	281	469	722	838	-1	-1	-1	-1	-1	-1	-1	-1	-1	-1
2	5	21	24	39	87	226	444	530	950	-1	-1	-1	-1	-1	-1	-1	-1	-1	-1	-1
31	33	39	247	380	846	-1	-1	-1	-1	-1	-1	-1	-1	-1	-1	-1	-1	-1	-1	-1
14	52	61	263	755	842	936	-1	-1	-1	-1	-1	-1	-1	-1	-1	-1	-1	-1	-1	-1
17	36	71	77	86	91	118	158	203	222	268	-1	-1	-1	-1	-1	-1	-1	-1	-1	-1
5	11	13	41	54	99	111	121	365	609	824	895	-1	-1	-1	-1	-1	-1	-1	-1	-1
30	34	56	99	104	159	351	398	442	562	769	806	926	977	-1	-1	-1	-1	-1	-1	-1
5	18	71	86	95	232	250	598	611	758	926	-1	-1	-1	-1	-1	-1	-1	-1	-1	-1
108	114	179	205	209	-1	-1	-1	-1	-1	-1	-1	-1	-1	-1	-1	-1	-1	-1	-1	-1
4	109	123	130	143	212	219	436	797	995	-1	-1	-1	-1	-1	-1	-1	-1	-1	-1	-1
32	96	100	115	116	183	320	461	713	-1	-1	-1	-1	-1	-1	-1	-1	-1	-1	-1	-1
11	82	185	234	782	961	987	-1	-1	-1	-1	-1	-1	-1	-1	-1	-1	-1	-1	-1	-1
20	81	87	99	100	102	113	116	561	653	795	-1	-1	-1	-1	-1	-1	-1	-1	-1	-1
29	34	82	84	89	99	115	120	165	200	293	512	598	744	-1	-1	-1	-1	-1	-1	-1
75	85	97	98	99	101	104	117	139	145	991	-1	-1	-1	-1	-1	-1	-1	-1	-1	-1
91	163	398	966	970	-1	-1	-1	-1	-1	-1	-1	-1	-1	-1	-1	-1	-1	-1	-1	-1
26	33	34	90	99	118	244	-1	-1	-1	-1	-1	-1	-1	-1	-1	-1	-1	-1	-1	-1
71	104	111	117	232	350	460	604	874	998	-1	-1	-1	-1	-1	-1	-1	-1	-1	-1	-1
64	70	93	99	212	240	607	679	-1	-1	-1	-1	-1	-1	-1	-1	-1	-1	-1	-1	-1
71	91	95	98	105	234	694	918	962	-1	-1	-1	-1	-1	-1	-1	-1	-1	-1	-1	-1
7	50	70	92	112	150	208	216	217	230	339	391	413	434	694	800	917	-1	-1	-1	-1
14	25	68	86	94	109	123	220	395	624	766	812	970	-1	-1	-1	-1	-1	-1	-1	-1
29	78	82	104	116	247	419	574	901	923	-1	-1	-1	-1	-1	-1	-1	-1	-1	-1	-1
19	67	70	76	109	119	201	225	235	249	452	655	969	-1	-1	-1	-1	-1	-1	-1	-1
35	66	78	87	106	129	168	190	195	226	395	817	998	-1	-1	-1	-1	-1	-1	-1	-1
20	50	56	76	86	153	201	223	237	244	274	370	595	629	897	-1	-1	-1	-1	-1	-1
69	96	113	120	198	244	320	594	737	905	-1	-1	-1	-1	-1	-1	-1	-1	-1	-1	-1
27	73	80	101	107	201	468	525	721	913	-1	-1	-1	-1	-1	-1	-1	-1	-1	-1	-1
69	74	178	183	187	230	239	286	600	686	721	-1	-1	-1	-1	-1	-1	-1	-1	-1	-1
33	58	79	80	89	91	110	132	451	752	-1	-1	-1	-1	-1	-1	-1	-1	-1	-1	-1
53	58	67	91	103	168	174	216	574	-1	-1	-1	-1	-1	-1	-1	-1	-1	-1	-1	-1
6	37	53	87	90	97	107	131	140	146	207	535	557	-1	-1	-1	-1	-1	-1	-1	-1
66	83	88	108	204	211	304	378	445	504	828	852	914	-1	-1	-1	-1	-1	-1	-1	-1
21	61	63	66	101	133	161	213	437	643	901	977	-1	-1	-1	-1	-1	-1	-1	-1	-1
37	38	63	64	103	113	153	234	557	929	-1	-1	-1	-1	-1	-1	-1	-1	-1	-1	-1
48	77	82	91	114	156	407	855	-1	-1	-1	-1	-1	-1	-1	-1	-1	-1	-1	-1	-1
62	64	83	86	102	111	138	168	169	207	685	-1	-1	-1	-1	-1	-1	-1	-1	-1	-1
18	75	80	101	117	234	-1	-1	-1	-1	-1	-1	-1	-1	-1	-1	-1	-1	-1	-1	-1
42	62	64	68	89	104	123	179	213	490	-1	-1	-1	-1	-1	-1	-1	-1	-1	-1	-1
29	72	99	121	467	697	884	943	-1	-1	-1	-1	-1	-1	-1	-1	-1	-1	-1	-1	-1
55	84	204	359	385	674	772	830	847	-1	-1	-1	-1	-1	-1	-1	-1	-1	-1	-1	-1
18	75	102	121	374	626	693	798	807	909	964	-1	-1	-1	-1	-1	-1	-1	-1	-1	-1
4	62	64	103	106	114	115	483	800	848	917	928	-1	-1	-1	-1	-1	-1	-1	-1	-1
40	107	854	864	-1	-1	-1	-1	-1	-1	-1	-1	-1	-1	-1	-1	-1	-1	-1	-1	-1
20	41	83	95	104	113	120	152	183	191	206	507	590	993	-1	-1	-1	-1	-1	-1	-1
95	219	332	754	761	764	-1	-1	-1	-1	-1	-1	-1	-1	-1	-1	-1	-1	-1	-1	-1
23	56	70	73	76	80	83	91	93	110	401	413	441	474	702	995	-1	-1	-1	-1	-1
63	65	100	202	318	438	-1	-1	-1	-1	-1	-1	-1	-1	-1	-1	-1	-1	-1	-1	-1
17	22	75	97	192	206	211	226	337	800	945	-1	-1	-1	-1	-1	-1	-1	-1	-1	-1
17	53	61	72	167	311	460	604	-1	-1	-1	-1	-1	-1	-1	-1	-1	-1	-1	-1	-1
78	83	88	126	320	525	588	813	-1	-1	-1	-1	-1	-1	-1	-1	-1	-1	-1	-1	-1
31	103	117	122	241	591	-1	-1	-1	-1	-1	-1	-1	-1	-1	-1	-1	-1	-1	-1	-1
24	35	60	69	77	86	100	105	110	246	358	467	920	990	-1	-1	-1	-1	-1	-1	-1
63	77	112	204	299	914	-1	-1	-1	-1	-1	-1	-1	-1	-1	-1	-1	-1	-1	-1	-1
33	60	71	87	97	98	120	132	138	143	155	185	486	-1	-1	-1	-1	-1	-1	-1	-1
75	76	111	153	188	509	972	-1	-1	-1	-1	-1	-1	-1	-1	-1	-1	-1	-1	-1	-1
72	87	94	108	117	136	158	318	405	530	612	642	747	-1	-1	-1	-1	-1	-1	-1	-1
9	72	85	99	131	147	239	426	563	597	-1	-1	-1	-1	-1	-1	-1	-1	-1	-1	-1
35	75	80	93	95	106	176	188	233	-1	-1	-1	-1	-1	-1	-1	-1	-1	-1	-1	-1
26	47	56	73	75	101	109	113	121	122	133	180	679	821	840	-1	-1	-1	-1	-1	-1
18	62	74	99	107	123	125	608	753	781	830	871	925	961	-1	-1	-1	-1	-1	-1	-1
55	70	90	102	106	272	582	718	831	839	923	-1	-1	-1	-1	-1	-1	-1	-1	-1	-1
22	48	64	94	99	107	121	123	193	221	714	730	-1	-1	-1	-1	-1	-1	-1	-1	-1
2	41	48	74	75	80	82	91	93	111	235	-1	-1	-1	-1	-1	-1	-1	-1	-1	-1
81	105	229	358	360	581	701	958	-1	-1	-1	-1	-1	-1	-1	-1	-1	-1	-1	-1	-1
32	78	79	100	106	115	143	203	444	555	584	-1	-1	-1	-1	-1	-1	-1	-1	-1	-1
45	91	105	120	200	306	388	401	640	733	768	-1	-1	-1	-1	-1	-1	-1	-1	-1	-1
17	38	41	62	91	116	121	123	191	279	387	392	830	-1	-1	-1	-1	-1	-1	-1	-1
69	71	159	211	235	278	950	-1	-1	-1	-1	-1	-1	-1	-1	-1	-1	-1	-1	-1	-1
74	143	169	185	189	323	546	711	-1	-1	-1	-1	-1	-1	-1	-1	-1	-1	-1	-1	-1
5	67	112	129	163	235	320	430	-1	-1	-1	-1	-1	-1	-1	-1	-1	-1	-1	-1	-1
5	136	182	191	249	733	963	-1	-1	-1	-1	-1	-1	-1	-1	-1	-1	-1	-1	-1	-1
85	86	123	173	541	834	-1	-1	-1	-1	-1	-1	-1	-1	-1	-1	-1	-1	-1	-1	-1
43	57	60	75	180	182	243	-1	-1	-1	-1	-1	-1	-1	-1	-1	-1	-1	-1	-1	-1
84	89	90	140	142	144	167	172	179	241	752	-1	-1	-1	-1	-1	-1	-1	-1	-1	-1
14	28	146	147	159	199	251	799	984	-1	-1	-1	-1	-1	-1	-1	-1	-1	-1	-1	-1
134	175	508	931	957	988	-1	-1	-1	-1	-1	-1	-1	-1	-1	-1	-1	-1	-1	-1	-1
0	52	60	127	133	154	161	164	167	-1	-1	-1	-1	-1	-1	-1	-1	-1	-1	-1	-1
13	21	35	42	86	168	176	179	181	190	890	-1	-1	-1	-1	-1	-1	-1	-1	-1	-1
68	153	169	179	293	-1	-1	-1	-1	-1	-1	-1	-1	-1	-1	-1	-1	-1	-1	-1	-1
108	125	129	153	158	222	233	380	589	669	-1	-1	-1	-1	-1	-1	-1	-1	-1	-1	-1
53	79	125	133	155	176	201	212	649	862	-1	-1	-1	-1	-1	-1	-1	-1	-1	-1	-1
74	78	82	135	150	176	217	351	423	551	558	717	908	-1	-1	-1	-1	-1	-1	-1	-1
58	140	145	170	181	198	248	292	359	404	616	619	808	941	-1	-1	-1	-1	-1	-1	-1
12	99	128	130	169	447	847	856	-1	-1	-1	-1	-1	-1	-1	-1	-1	-1	-1	-1	-1
30	43	66	69	99	124	127	185	216	245	248	278	448	552	644	792	-1	-1	-1	-1	-1
75	108	130	140	161	172	178	901	-1	-1	-1	-1	-1	-1	-1	-1	-1	-1	-1	-1	-1
84	121	126	152	158	175	226	357	-1	-1	-1	-1	-1	-1	-1	-1	-1	-1	-1	-1	-1
2	62	94	141	170	293	316	535	620	706	-1	-1	-1	-1	-1	-1	-1	-1	-1	-1	-1
0	29	46	146	155	305	313	804	845	-1	-1	-1	-1	-1	-1	-1	-1	-1	-1	-1	-1
43	96	114	159	174	176	229	256	999	-1	-1	-1	-1	-1	-1	-1	-1	-1	-1	-1	-1
116	138	148	154	159	174	208	239	700	706	-1	-1	-1	-1	-1	-1	-1	-1	-1	-1	-1
31	46	53	128	132	145	150	214	229	234	236	694	953	-1	-1	-1	-1	-1	-1	-1	-1
124	126	133	158	173	176	181	204	231	451	-1	-1	-1	-1	-1	-1	-1	-1	-1	-1	-1
33	75	90	129	131	136	138	171	180	232	317	754	-1	-1	-1	-1	-1	-1	-1	-1	-1
6	93	124	142	144	165	231	247	788	-1	-1	-1	-1	-1	-1	-1	-1	-1	-1	-1	-1
48	50	108	129	606	933	-1	-1	-1	-1	-1	-1	-1	-1	-1	-1	-1	-1	-1	-1	-1
40	96	98	119	139	154	158	166	172	223	226	555	672	-1	-1	-1	-1	-1	-1	-1	-1
40	72	124	129	155	173	174	430	-1	-1	-1	-1	-1	-1	-1	-1	-1	-1	-1	-1	-1
25	46	78	114	115	130	159	161	271	515	609	712	-1	-1	-1	-1	-1	-1	-1	-1	-1
45	50	118	134	137	142	176	179	199	210	511	700	-1	-1	-1	-1	-1	-1	-1	-1	-1
100	116	141	142	166	211	357	776	972	-1	-1	-1	-1	-1	-1	-1	-1	-1	-1	-1	-1
58	95	109	137	151	174	207	214	238	383	441	597	613	798	998	-1	-1	-1	-1	-1	-1
32	46	93	108	127	156	162	234	337	384	399	611	649	734	923	948	974	-1	-1	-1	-1
41	124	129	173	182	234	313	401	736	850	981	-1	-1	-1	-1	-1	-1	-1	-1	-1	-1
18	27	51	62	118	184	460	534	570	841	877	-1	-1	-1	-1	-1	-1	-1	-1	-1	-1
13	128	152	164	211	217	470	607	998	-1	-1	-1	-1	-1	-1	-1	-1	-1	-1	-1	-1
24	109	127	163	195	198	208	892	984	-1	-1	-1	-1	-1	-1	-1	-1	-1	-1	-1	-1
98	127	150	154	158	180	189	313	525	641	729	-1	-1	-1	-1	-1	-1	-1	-1	-1	-1
0	59	118	134	171	175	180	246	469	620	-1	-1	-1	-1	-1	-1	-1	-1	-1	-1	-1
24	105	142	146	169	170	174	180	182	428	622	-1	-1	-1	-1	-1	-1	-1	-1	-1	-1
85	97	129	151	179	450	563	625	-1	-1	-1	-1	-1	-1	-1	-1	-1	-1	-1	-1	-1
5	128	136	143	163	170	195	201	246	432	727	799	-1	-1	-1	-1	-1	-1	-1	-1	-1
44	125	126	142	275	422	644	-1	-1	-1	-1	-1	-1	-1	-1	-1	-1	-1	-1	-1	-1
49	53	129	140	151	165	175	294	-1	-1	-1	-1	-1	-1	-1	-1	-1	-1	-1	-1	-1
134	140	154	172	731	757	-1	-1	-1	-1	-1	-1	-1	-1	-1	-1	-1	-1	-1	-1	-1
36	161	177	201	237	735	769	799	929	-1	-1	-1	-1	-1	-1	-1	-1	-1	-1	-1	-1
85	129	141	164	171	177	182	212	547	620	-1	-1	-1	-1	-1	-1	-1	-1	-1	-1	-1
14	17	43	114	139	145	159	164	168	175	176	214	228	231	243	341	434	567	570	797	-1
94	113	127	129	131	140	158	159	215	533	661	-1	-1	-1	-1	-1	-1	-1	-1	-1	-1
0	27	117	133	143	146	160	171	291	426	920	-1	-1	-1	-1	-1	-1	-1	-1	-1	-1
134	138	149	159	168	180	181	208	324	524	622	-1	-1	-1	-1	-1	-1	-1	-1	-1	-1
106	116	126	128	130	147	154	172	173	303	673	933	938	951	-1	-1	-1	-1	-1	-1	-1
21	98	100	125	161	167	174	176	247	415	-1	-1	-1	-1	-1	-1	-1	-1	-1	-1	-1
28	60	95	123	127	135	151	164	176	185	870	-1	-1	-1	-1	-1	-1	-1	-1	-1	-1
106	129	135	141	159	167	209	324	468	542	599	-1	-1	-1	-1	-1	-1	-1	-1	-1	-1
16	32	45	121	148	176	450	865	885	-1	-1	-1	-1	-1	-1	-1	-1	-1	-1	-1	-1
35	101	127	138	153	165	171	176	213	216	221	319	921	951	-1	-1	-1	-1	-1	-1	-1
1	40	140	144	157	164	197	259	327	342	352	702	888	898	-1	-1	-1	-1	-1	-1	-1
92	106	138	149	153	156	157	159	169	176	195	223	226	235	248	402	492	734	-1	-1	-1
11	108	135	137	148	151	162	167	179	238	318	520	626	907	-1	-1	-1	-1	-1	-1	-1
35	111	247	272	659	938	949	992	-1	-1	-1	-1	-1	-1	-1	-1	-1	-1	-1	-1	-1
30	42	58	111	179	196	197	207	211	227	990	-1	-1	-1	-1	-1	-1	-1	-1	-1	-1
15	204	206	216	229	232	266	370	499	919	951	-1	-1	-1	-1	-1	-1	-1	-1	-1	-1
192	203	222	237	243	262	327	484	588	994	-1	-1	-1	-1	-1	-1	-1	-1	-1	-1	-1
18	120	182	227	368	549	785	-1	-1	-1	-1	-1	-1	-1	-1	-1	-1	-1	-1	-1	-1
19	28	35	101	362	532	640	-1	-1	-1	-1	-1	-1	-1	-1	-1	-1	-1	-1	-1	-1
5	52	102	132	209	221	291	395	455	526	692	762	-1	-1	-1	-1	-1	-1	-1	-1	-1
28	77	169	205	207	241	343	365	785	896	-1	-1	-1	-1	-1	-1	-1	-1	-1	-1	-1
39	127	139	233	250	485	609	792	-1	-1	-1	-1	-1	-1	-1	-1	-1	-1	-1	-1	-1
111	128	136	144	184	187	210	212	242	521	560	-1	-1	-1	-1	-1	-1	-1	-1	-1	-1
17	82	92	187	200	247	321	402	-1	-1	-1	-1	-1	-1	-1	-1	-1	-1	-1	-1	-1
203	217	220	241	720	818	861	-1	-1	-1	-1	-1	-1	-1	-1	-1	-1	-1	-1	-1	-1
45	74	231	236	241	247	424	566	582	-1	-1	-1	-1	-1	-1	-1	-1	-1	-1	-1	-1
36	39	56	129	161	188	212	224	774	826	-1	-1	-1	-1	-1	-1	-1	-1	-1	-1	-1
6	55	58	111	130	158	163	221	234	443	542	-1	-1	-1	-1	-1	-1	-1	-1	-1	-1
25	43	63	193	194	214	232	241	347	638	659	-1	-1	-1	-1	-1	-1	-1	-1	-1	-1
19	30	187	240	255	831	-1	-1	-1	-1	-1	-1	-1	-1	-1	-1	-1	-1	-1	-1	-1
34	58	172	177	229	232	234	238	753	-1	-1	-1	-1	-1	-1	-1	-1	-1	-1	-1	-1
38	79	139	198	200	206	796	935	-1	-1	-1	-1	-1	-1	-1	-1	-1	-1	-1	-1	-1
88	116	143	202	219	223	228	237	242	247	273	722	-1	-1	-1	-1	-1	-1	-1	-1	-1
126	203	208	209	213	216	240	484	521	735	-1	-1	-1	-1	-1	-1	-1	-1	-1	-1	-1
39	122	126	535	593	601	856	934	-1	-1	-1	-1	-1	-1	-1	-1	-1	-1	-1	-1	-1
51	114	126	194	524	-1	-1	-1	-1	-1	-1	-1	-1	-1	-1	-1	-1	-1	-1	-1	-1
32	90	110	195	220	231	240	315	527	684	-1	-1	-1	-1	-1	-1	-1	-1	-1	-1	-1
18	196	223	235	243	557	719	810	828	-1	-1	-1	-1	-1	-1	-1	-1	-1	-1	-1	-1
127	198	201	228	538	563	656	676	682	926	-1	-1	-1	-1	-1	-1	-1	-1	-1	-1	-1
47	72	199	246	293	524	721	984	-1	-1	-1	-1	-1	-1	-1	-1	-1	-1	-1	-1	-1
22	94	114	225	242	249	265	-1	-1	-1	-1	-1	-1	-1	-1	-1	-1	-1	-1	-1	-1
205	212	228	244	246	656	767	-1	-1	-1	-1	-1	-1	-1	-1	-1	-1	-1	-1	-1	-1
64	191	193	200	207	227	698	842	-1	-1	-1	-1	-1	-1	-1	-1	-1	-1	-1	-1	-1
27	31	56	76	93	143	170	222	232	240	331	825	841	-1	-1	-1	-1	-1	-1	-1	-1
106	165	189	234	586	839	-1	-1	-1	-1	-1	-1	-1	-1	-1	-1	-1	-1	-1	-1	-1
4	109	132	171	172	222	634	648	834	914	-1	-1	-1	-1	-1	-1	-1	-1	-1	-1	-1
181	211	243	578	629	649	-1	-1	-1	-1	-1	-1	-1	-1	-1	-1	-1	-1	-1	-1	-1
12	34	114	117	120	213	241	540	918	-1	-1	-1	-1	-1	-1	-1	-1	-1	-1	-1	-1
48	117	189	198	222	225	230	-1	-1	-1	-1	-1	-1	-1	-1	-1	-1	-1	-1	-1	-1
82	147	179	196	200	210	229	243	335	417	608	-1	-1	-1	-1	-1	-1	-1	-1	-1	-1
55	86	106	221	226	228	232	279	523	612	826	869	-1	-1	-1	-1	-1	-1	-1	-1	-1
36	96	105	146	169	172	490	516	632	762	765	823	-1	-1	-1	-1	-1	-1	-1	-1	-1
49	125	216	218	487	-1	-1	-1	-1	-1	-1	-1	-1	-1	-1	-1	-1	-1	-1	-1	-1
35	58	68	116	183	190	196	197	215	255	365	807	868	-1	-1	-1	-1	-1	-1	-1	-1
23	42	58	82	88	129	140	146	198	203	205	206	207	216	224	242	243	247	-1	-1	-1
1	63	187	199	227	244	382	408	423	561	689	956	968	-1	-1	-1	-1	-1	-1	-1	-1
81	133	181	227	247	384	514	662	-1	-1	-1	-1	-1	-1	-1	-1	-1	-1	-1	-1	-1
88	97	166	215	226	245	-1	-1	-1	-1	-1	-1	-1	-1	-1	-1	-1	-1	-1	-1	-1
78	95	130	146	203	209	218	238	247	254	263	292	461	988	-1	-1	-1	-1	-1	-1	-1
23	57	88	190	243	388	610	635	806	-1	-1	-1	-1	-1	-1	-1	-1	-1	-1	-1	-1
180	202	215	234	239	247	273	544	628	965	-1	-1	-1	-1	-1	-1	-1	-1	-1	-1	-1
19	187	207	212	244	345	547	-1	-1	-1	-1	-1	-1	-1	-1	-1	-1	-1	-1	-1	-1
165	183	198	202	218	219	226	239	242	243	354	596	-1	-1	-1	-1	-1	-1	-1	-1	-1
0	9	112	167	201	204	234	694	740	-1	-1	-1	-1	-1	-1	-1	-1	-1	-1	-1	-1
110	201	232	236	244	360	887	-1	-1	-1	-1	-1	-1	-1	-1	-1	-1	-1	-1	-1	-1
33	80	90	222	383	587	712	831	842	-1	-1	-1	-1	-1	-1	-1	-1	-1	-1	-1	-1
58	106	133	207	216	222	223	284	355	536	649	651	672	922	-1	-1	-1	-1	-1	-1	-1
60	81	96	101	153	178	193	200	201	202	225	696	807	-1	-1	-1	-1	-1	-1	-1	-1
36	37	186	196	204	232	235	381	557	862	-1	-1	-1	-1	-1	-1	-1	-1	-1	-1	-1
8	22	35	88	191	213	218	230	234	252	630	669	-1	-1	-1	-1	-1	-1	-1	-1	-1
15	61	125	203	209	237	245	346	688	943	-1	-1	-1	-1	-1	-1	-1	-1	-1	-1	-1
4	5	51	110	114	162	166	195	207	235	-1	-1	-1	-1	-1	-1	-1	-1	-1	-1	-1
41	49	53	67	84	125	133	136	145	191	196	206	227	230	234	333	488	630	688	818	946
62	73	188	236	316	365	761	-1	-1	-1	-1	-1	-1	-1	-1	-1	-1	-1	-1	-1	-1
75	124	191	216	224	225	445	476	906	-1	-1	-1	-1	-1	-1	-1	-1	-1	-1	-1	-1
24	35	124	130	158	234	274	278	279	305	381	902	990	-1	-1	-1	-1	-1	-1	-1	-1
13	94	250	252	278	281	286	287	292	305	598	887	956	-1	-1	-1	-1	-1	-1	-1	-1
212	253	258	269	270	289	319	326	354	388	411	427	507	945	-1	-1	-1	-1	-1	-1	-1
258	294	307	320	359	448	475	500	946	-1	-1	-1	-1	-1	-1	-1	-1	-1	-1	-1	-1
34	257	270	274	282	295	299	301	306	402	408	428	436	859	-1	-1	-1	-1	-1	-1	-1
13	58	67	147	259	265	304	326	343	382	403	459	636	710	917	989	-1	-1	-1	-1	-1
218	257	266	277	280	297	309	313	395	409	431	498	646	841	-1	-1	-1	-1	-1	-1	-1
140	249	304	329	386	399	554	911	-1	-1	-1	-1	-1	-1	-1	-1	-1	-1	-1	-1	-1
121	151	224	253	260	273	401	445	844	-1	-1	-1	-1	-1	-1	-1	-1	-1	-1	-1	-1
127	260	267	273	274	293	302	303	308	368	391	422	435	441	494	957	-1	-1	-1	-1	-1
113	251	278	406	440	457	-1	-1	-1	-1	-1	-1	-1	-1	-1	-1	-1	-1	-1	-1	-1
20	272	275	389	916	-1	-1	-1	-1	-1	-1	-1	-1	-1	-1	-1	-1	-1	-1	-1	-1
248	256	257	258	271	272	277	286	302	314	377	394	435	513	604	773	-1	-1	-1	-1	-1
262	268	274	529	-1	-1	-1	-1	-1	-1	-1	-1	-1	-1	-1	-1	-1	-1	-1	-1	-1
223	265	299	302	391	487	946	-1	-1	-1	-1	-1	-1	-1	-1	-1	-1	-1	-1	-1	-1
250	279	284	295	300	351	353	432	480	542	558	614	772	-1	-1	-1	-1	-1	-1	-1	-1
256	277	287	325	484	545	692	811	960	980	-1	-1	-1	-1	-1	-1	-1	-1	-1	-1	-1
17	117	264	346	369	376	777	890	-1	-1	-1	-1	-1	-1	-1	-1	-1	-1	-1	-1	-1
92	195	269	282	286	289	301	425	457	537	634	758	-1	-1	-1	-1	-1	-1	-1	-1	-1
254	275	281	283	336	386	408	412	425	447	450	453	833	932	-1	-1	-1	-1	-1	-1	-1
257	266	279	295	296	453	463	472	512	571	694	-1	-1	-1	-1	-1	-1	-1	-1	-1	-1
145	265	373	409	411	569	765	-1	-1	-1	-1	-1	-1	-1	-1	-1	-1	-1	-1	-1	-1
196	262	268	269	285	286	479	563	713	880	-1	-1	-1	-1	-1	-1	-1	-1	-1	-1	-1
1	253	258	275	476	545	562	-1	-1	-1	-1	-1	-1	-1	-1	-1	-1	-1	-1	-1	-1
7	262	277	283	303	306	309	442	460	462	858	-1	-1	-1	-1	-1	-1	-1	-1	-1	-1
250	274	278	279	303	405	455	629	846	-1	-1	-1	-1	-1	-1	-1	-1	-1	-1	-1	-1
16	111	270	304	308	412	434	448	488	489	559	-1	-1	-1	-1	-1	-1	-1	-1	-1	-1
152	180	223	285	303	308	333	345	438	794	853	890	915	-1	-1	-1	-1	-1	-1	-1	-1
5	249	253	282	283	309	360	-1	-1	-1	-1	-1	-1	-1	-1	-1	-1	-1	-1	-1	-1
250	271	273	314	353	385	597	805	972	-1	-1	-1	-1	-1	-1	-1	-1	-1	-1	-1	-1
178	258	261	279	285	295	306	314	349	409	570	614	641	-1	-1	-1	-1	-1	-1	-1	-1
252	281	298	307	322	345	349	913	984	998	-1	-1	-1	-1	-1	-1	-1	-1	-1	-1	-1
251	265	295	299	304	307	309	313	341	370	395	416	462	734	854	-1	-1	-1	-1	-1	-1
271	300	306	356	379	846	-1	-1	-1	-1	-1	-1	-1	-1	-1	-1	-1	-1	-1	-1	-1
45	107	249	272	310	381	395	416	427	633	858	-1	-1	-1	-1	-1	-1	-1	-1	-1	-1
250	263	290	294	303	315	449	455	497	519	556	844	-1	-1	-1	-1	-1	-1	-1	-1	-1
67	130	263	281	316	355	617	-1	-1	-1	-1	-1	-1	-1	-1	-1	-1	-1	-1	-1	-1
255	256	288	298	302	430	-1	-1	-1	-1	-1	-1	-1	-1	-1	-1	-1	-1	-1	-1	-1
51	255	258	291	316	331	347	371	486	489	496	687	-1	-1	-1	-1	-1	-1	-1	-1	-1
147	277	280	285	305	345	413	441	510	870	-1	-1	-1	-1	-1	-1	-1	-1	-1	-1	-1
228	275	336	367	449	486	660	715	-1	-1	-1	-1	-1	-1	-1	-1	-1	-1	-1	-1	-1
106	258	272	307	312	391	477	526	939	-1	-1	-1	-1	-1	-1	-1	-1	-1	-1	-1	-1
139	267	273	280	285	288	308	388	401	438	470	477	484	857	-1	-1	-1	-1	-1	-1	-1
255	260	262	276	352	373	387	440	489	614	642	644	649	919	-1	-1	-1	-1	-1	-1	-1
269	289	295	302	304	306	326	394	417	421	429	549	806	844	-1	-1	-1	-1	-1	-1	-1
279	282	309	327	361	397	706	965	968	-1	-1	-1	-1	-1	-1	-1	-1	-1	-1	-1	-1
218	249	253	257	282	302	306	340	469	533	941	-1	-1	-1	-1	-1	-1	-1	-1	-1	-1
133	259	279	289	303	408	492	933	-1	-1	-1	-1	-1	-1	-1	-1	-1	-1	-1	-1	-1
148	257	293	309	377	465	478	479	484	516	749	-1	-1	-1	-1	-1	-1	-1	-1	-1	-1
42	248	258	271	309	396	453	498	525	879	-1	-1	-1	-1	-1	-1	-1	-1	-1	-1	-1
255	261	272	435	451	-1	-1	-1	-1	-1	-1	-1	-1	-1	-1	-1	-1	-1	-1	-1	-1
219	252	254	264	301	306	349	372	384	395	397	409	447	452	457	461	547	643	646	-1	-1
23	117	263	273	281	289	291	295	296	304	331	342	372	409	489	-1	-1	-1	-1	-1	-1
253	272	299	383	545	673	-1	-1	-1	-1	-1	-1	-1	-1	-1	-1	-1	-1	-1	-1	-1
46	259	293	307	320	356	364	410	437	509	-1	-1	-1	-1	-1	-1	-1	-1	-1	-1	-1
22	277	297	641	719	923	-1	-1	-1	-1	-1	-1	-1	-1	-1	-1	-1	-1	-1	-1	-1
264	294	416	421	429	445	462	470	538	551	839	-1	-1	-1	-1	-1	-1	-1	-1	-1	-1
250	252	283	331	376	382	444	457	665	935	959	996	-1	-1	-1	-1	-1	-1	-1	-1	-1
204	231	253	259	268	300	357	433	488	689	716	931	998	-1	-1	-1	-1	-1	-1	-1	-1
252	267	418	454	483	738	-1	-1	-1	-1	-1	-1	-1	-1	-1	-1	-1	-1	-1	-1	-1
275	309	328	487	561	736	857	901	-1	-1	-1	-1	-1	-1	-1	-1	-1	-1	-1	-1	-1
57	80	249	265	296	301	305	315	333	343	376	-1	-1	-1	-1	-1	-1	-1	-1	-1	-1
318	331	354	368	411	457	854	-1	-1	-1	-1	-1	-1	-1	-1	-1	-1	-1	-1	-1	-1
262	312	315	322	354	360	399	635	751	779	993	-1	-1	-1	-1	-1	-1	-1	-1	-1	-1
327	342	345	364	365	413	-1	-1	-1	-1	-1	-1	-1	-1	-1	-1	-1	-1	-1	-1	-1
289	315	331	351	356	360	362	369	370	376	397	480	711	760	900	-1	-1	-1	-1	-1	-1
52	178	276	315	333	336	347	366	418	438	445	456	561	918	951	-1	-1	-1	-1	-1	-1
289	295	317	343	418	572	815	-1	-1	-1	-1	-1	-1	-1	-1	-1	-1	-1	-1	-1	-1
5	185	289	294	310	315	348	351	352	396	439	809	-1	-1	-1	-1	-1	-1	-1	-1	-1
95	264	314	329	351	356	747	940	-1	-1	-1	-1	-1	-1	-1	-1	-1	-1	-1	-1	-1
67	129	277	341	359	365	371	388	422	447	475	941	-1	-1	-1	-1	-1	-1	-1	-1	-1
156	242	258	289	321	351	359	490	565	950	-1	-1	-1	-1	-1	-1	-1	-1	-1	-1	-1
251	274	338	366	414	479	491	623	720	879	-1	-1	-1	-1	-1	-1	-1	-1	-1	-1	-1
8	80	81	125	260	281	316	328	351	359	367	369	381	433	832	-1	-1	-1	-1	-1	-1
99	268	296	325	335	351	369	390	754	830	-1	-1	-1	-1	-1	-1	-1	-1	-1	-1	-1
41	225	302	329	334	345	366	378	458	486	497	580	709	978	-1	-1	-1	-1	-1	-1	-1
51	207	212	251	257	264	305	352	436	453	458	953	-1	-1	-1	-1	-1	-1	-1	-1	-1
58	259	295	318	371	392	702	865	-1	-1	-1	-1	-1	-1	-1	-1	-1	-1	-1	-1	-1
54	285	312	338	371	853	859	952	-1	-1	-1	-1	-1	-1	-1	-1	-1	-1	-1	-1	-1
163	268	332	351	484	496	753	857	-1	-1	-1	-1	-1	-1	-1	-1	-1	-1	-1	-1	-1
93	346	357	361	375	396	453	695	706	761	931	-1	-1	-1	-1	-1	-1	-1	-1	-1	-1
263	302	310	345	401	604	792	885	-1	-1	-1	-1	-1	-1	-1	-1	-1	-1	-1	-1	-1
27	230	309	319	347	416	479	787	-1	-1	-1	-1	-1	-1	-1	-1	-1	-1	-1	-1	-1
14	288	314	317	326	340	343	368	369	376	387	542	780	858	-1	-1	-1	-1	-1	-1	-1
113	275	320	335	428	642	884	-1	-1	-1	-1	-1	-1	-1	-1	-1	-1	-1	-1	-1	-1
93	260	317	325	338	348	362	374	399	421	438	665	838	869	-1	-1	-1	-1	-1	-1	-1
143	316	331	348	380	416	439	592	-1	-1	-1	-1	-1	-1	-1	-1	-1	-1	-1	-1	-1
19	339	342	346	353	354	397	403	421	426	440	446	474	538	721	772	-1	-1	-1	-1	-1
121	317	354	358	388	428	-1	-1	-1	-1	-1	-1	-1	-1	-1	-1	-1	-1	-1	-1	-1
281	307	312	326	333	362	455	545	721	775	-1	-1	-1	-1	-1	-1	-1	-1	-1	-1	-1
135	245	317	349	358	403	433	852	979	-1	-1	-1	-1	-1	-1	-1	-1	-1	-1	-1	-1
328	346	351	353	371	389	441	444	922	-1	-1	-1	-1	-1	-1	-1	-1	-1	-1	-1	-1
336	352	399	422	424	450	481	863	-1	-1	-1	-1	-1	-1	-1	-1	-1	-1	-1	-1	-1
84	312	318	320	327	405	428	476	487	741	-1	-1	-1	-1	-1	-1	-1	-1	-1	-1	-1
267	287	441	465	-1	-1	-1	-1	-1	-1	-1	-1	-1	-1	-1	-1	-1	-1	-1	-1	-1
21	89	151	329	346	348	350	454	475	477	546	927	967	-1	-1	-1	-1	-1	-1	-1	-1
7	41	53	133	347	349	367	435	576	580	976	-1	-1	-1	-1	-1	-1	-1	-1	-1	-1
49	168	205	296	320	324	334	359	369	415	421	451	552	915	943	955	-1	-1	-1	-1	-1
153	211	270	312	342	347	351	382	393	400	816	-1	-1	-1	-1	-1	-1	-1	-1	-1	-1
83	201	318	322	328	334	336	479	-1	-1	-1	-1	-1	-1	-1	-1	-1	-1	-1	-1	-1
269	310	343	350	369	371	577	929	-1	-1	-1	-1	-1	-1	-1	-1	-1	-1	-1	-1	-1
32	149	177	205	314	316	325	341	427	590	662	867	-1	-1	-1	-1	-1	-1	-1	-1	-1
6	251	281	314	365	384	389	433	671	775	-1	-1	-1	-1	-1	-1	-1	-1	-1	-1	-1
119	261	319	321	342	353	354	383	913	-1	-1	-1	-1	-1	-1	-1	-1	-1	-1	-1	-1
28	279	285	316	364	389	400	443	519	696	-1	-1	-1	-1	-1	-1	-1	-1	-1	-1	-1
52	267	312	322	333	348	366	568	795	-1	-1	-1	-1	-1	-1	-1	-1	-1	-1	-1	-1
290	318	319	346	347	348	366	533	684	902	-1	-1	-1	-1	-1	-1	-1	-1	-1	-1	-1
17	38	133	302	337	346	353	371	426	441	460	589	662	808	859	-1	-1	-1	-1	-1	-1
328	343	354	365	438	495	742	-1	-1	-1	-1	-1	-1	-1	-1	-1	-1	-1	-1	-1	-1
193	336	355	376	478	483	592	625	-1	-1	-1	-1	-1	-1	-1	-1	-1	-1	-1	-1	-1
275	312	315	324	335	361	440	998	-1	-1	-1	-1	-1	-1	-1	-1	-1	-1	-1	-1	-1
295	314	367	368	373	392	452	476	-1	-1	-1	-1	-1	-1	-1	-1	-1	-1	-1	-1	-1
313	336	347	362	422	526	670	974	987	-1	-1	-1	-1	-1	-1	-1	-1	-1	-1	-1	-1
72	155	192	320	331	392	449	484	597	699	702	-1	-1	-1	-1	-1	-1	-1	-1	-1	-1
37	274	275	314	323	325	338	351	354	361	487	-1	-1	-1	-1	-1	-1	-1	-1	-1	-1
329	415	928	-1	-1	-1	-1	-1	-1	-1	-1	-1	-1	-1	-1	-1	-1	-1	-1	-1	-1
36	40	312	347	457	517	673	882	998	-1	-1	-1	-1	-1	-1	-1	-1	-1	-1	-1	-1
23	264	314	332	333	338	341	343	359	407	418	449	-1	-1	-1	-1	-1	-1	-1	-1	-1
117	265	330	334	341	349	367	369	562	836	884	-1	-1	-1	-1	-1	-1	-1	-1	-1	-1
275	283	312	324	328	336	364	422	437	440	-1	-1	-1	-1	-1	-1	-1	-1	-1	-1	-1
158	311	315	317	323	332	352	367	423	431	474	833	-1	-1	-1	-1	-1	-1	-1	-1	-1
284	316	328	341	359	366	452	547	552	761	-1	-1	-1	-1	-1	-1	-1	-1	-1	-1	-1
290	311	321	335	336	344	362	434	463	491	493	605	814	839	924	-1	-1	-1	-1	-1	-1
262	318	325	358	403	830	-1	-1	-1	-1	-1	-1	-1	-1	-1	-1	-1	-1	-1	-1	-1
136	291	382	586	817	844	-1	-1	-1	-1	-1	-1	-1	-1	-1	-1	-1	-1	-1	-1	-1
74	324	416	423	425	536	700	743	900	-1	-1	-1	-1	-1	-1	-1	-1	-1	-1	-1	-1
37	52	292	350	383	416	419	488	495	808	-1	-1	-1	-1	-1	-1	-1	-1	-1	-1	-1
19	225	278	302	323	333	339	345	381	386	388	411	412	428	487	764	955	-1	-1	-1	-1
34	271	325	330	371	396	398	487	793	798	957	-1	-1	-1	-1	-1	-1	-1	-1	-1	-1
36	325	362	387	389	407	413	417	459	474	558	610	707	722	-1	-1	-1	-1	-1	-1	-1
248	263	326	388	389	398	405	421	433	485	664	773	906	939	996	-1	-1	-1	-1	-1	-1
73	299	373	403	408	416	558	-1	-1	-1	-1	-1	-1	-1	-1	-1	-1	-1	-1	-1	-1
388	436	463	638	678	-1	-1	-1	-1	-1	-1	-1	-1	-1	-1	-1	-1	-1	-1	-1	-1
390	408	423	425	436	668	969	-1	-1	-1	-1	-1	-1	-1	-1	-1	-1	-1	-1	-1	-1
106	285	319	321	375	397	400	410	715	891	930	-1	-1	-1	-1	-1	-1	-1	-1	-1	-1
189	294	369	425	432	445	485	525	888	-1	-1	-1	-1	-1	-1	-1	-1	-1	-1	-1	-1
265	430	437	474	808	837	-1	-1	-1	-1	-1	-1	-1	-1	-1	-1	-1	-1	-1	-1	-1
29	183	288	369	371	399	420	424	426	530	-1	-1	-1	-1	-1	-1	-1	-1	-1	-1	-1
255	259	281	357	378	394	423	424	482	759	762	-1	-1	-1	-1	-1	-1	-1	-1	-1	-1
80	110	212	258	374	377	402	408	511	714	-1	-1	-1	-1	-1	-1	-1	-1	-1	-1	-1
183	382	423	476	483	779	-1	-1	-1	-1	-1	-1	-1	-1	-1	-1	-1	-1	-1	-1	-1
27	33	120	126	282	928	-1	-1	-1	-1	-1	-1	-1	-1	-1	-1	-1	-1	-1	-1	-1
186	293	304	362	386	400	406	419	431	441	-1	-1	-1	-1	-1	-1	-1	-1	-1	-1	-1
165	282	299	323	333	373	398	402	696	729	-1	-1	-1	-1	-1	-1	-1	-1	-1	-1	-1
17	320	333	387	414	422	430	483	695	787	918	-1	-1	-1	-1	-1	-1	-1	-1	-1	-1
46	192	370	394	405	419	431	447	568	-1	-1	-1	-1	-1	-1	-1	-1	-1	-1	-1	-1
199	254	287	294	317	344	423	425	472	708	711	812	878	-1	-1	-1	-1	-1	-1	-1	-1
117	160	306	328	335	373	375	388	409	483	512	617	651	956	-1	-1	-1	-1	-1	-1	-1
163	250	381	421	909	-1	-1	-1	-1	-1	-1	-1	-1	-1	-1	-1	-1	-1	-1	-1	-1
177	273	292	332	361	362	377	391	461	519	690	992	-1	-1	-1	-1	-1	-1	-1	-1	-1
44	317	340	341	393	956	994	-1	-1	-1	-1	-1	-1	-1	-1	-1	-1	-1	-1	-1	-1
378	383	395	404	406	411	419	-1	-1	-1	-1	-1	-1	-1	-1	-1	-1	-1	-1	-1	-1
125	215	290	418	427	451	475	482	689	964	-1	-1	-1	-1	-1	-1	-1	-1	-1	-1	-1
71	84	117	248	378	382	407	431	458	474	902	-1	-1	-1	-1	-1	-1	-1	-1	-1	-1
77	394	399	411	478	-1	-1	-1	-1	-1	-1	-1	-1	-1	-1	-1	-1	-1	-1	-1	-1
251	262	306	389	407	411	416	798	839	862	-1	-1	-1	-1	-1	-1	-1	-1	-1	-1	-1
3	306	377	383	393	400	412	421	425	427	432	479	638	677	701	-1	-1	-1	-1	-1	-1
85	321	351	355	390	403	421	438	558	706	-1	-1	-1	-1	-1	-1	-1	-1	-1	-1	-1
73	255	264	281	335	389	391	402	419	421	424	469	757	-1	-1	-1	-1	-1	-1	-1	-1
246	268	343	348	376	377	385	412	423	443	652	772	864	-1	-1	-1	-1	-1	-1	-1	-1
73	179	319	339	344	360	387	388	389	392	428	578	734	949	-1	-1	-1	-1	-1	-1	-1
294	388	390	398	404	440	484	615	804	818	867	936	-1	-1	-1	-1	-1	-1	-1	-1	-1
41	170	188	281	312	337	379	385	403	404	417	428	443	588	-1	-1	-1	-1	-1	-1	-1
175	273	392	403	415	417	423	501	752	830	954	983	-1	-1	-1	-1	-1	-1	-1	-1	-1
103	265	268	312	314	316	377	381	385	405	420	429	431	488	591	645	-1	-1	-1	-1	-1
65	227	349	377	394	399	414	436	440	494	904	-1	-1	-1	-1	-1	-1	-1	-1	-1	-1
68	315	380	381	405	410	569	697	796	963	-1	-1	-1	-1	-1	-1	-1	-1	-1	-1	-1
265	304	356	395	408	410	418	468	523	687	692	777	870	-1	-1	-1	-1	-1	-1	-1	-1
173	393	399	410	419	420	458	478	768	-1	-1	-1	-1	-1	-1	-1	-1	-1	-1	-1	-1
198	284	314	348	362	376	497	819	913	-1	-1	-1	-1	-1	-1	-1	-1	-1	-1	-1	-1
250	283	320	366	395	405	416	637	-1	-1	-1	-1	-1	-1	-1	-1	-1	-1	-1	-1	-1
40	108	375	384	393	426	432	433	440	896	938	-1	-1	-1	-1	-1	-1	-1	-1	-1	-1
180	255	261	268	322	394	399	465	493	785	-1	-1	-1	-1	-1	-1	-1	-1	-1	-1	-1
283	331	383	394	407	433	447	458	749	896	905	-1	-1	-1	-1	-1	-1	-1	-1	-1	-1
47	132	232	254	288	300	378	404	405	408	413	860	-1	-1	-1	-1	-1	-1	-1	-1	-1
346	405	411	457	781	839	-1	-1	-1	-1	-1	-1	-1	-1	-1	-1	-1	-1	-1	-1	-1
286	312	396	843	-1	-1	-1	-1	-1	-1	-1	-1	-1	-1	-1	-1	-1	-1	-1	-1	-1
93	332	378	386	387	389	399	649	700	715	-1	-1	-1	-1	-1	-1	-1	-1	-1	-1	-1
137	153	302	322	375	385	405	420	502	-1	-1	-1	-1	-1	-1	-1	-1	-1	-1	-1	-1
43	301	308	376	406	412	421	463	-1	-1	-1	-1	-1	-1	-1	-1	-1	-1	-1	-1	-1
146	153	403	405	420	423	754	-1	-1	-1	-1	-1	-1	-1	-1	-1	-1	-1	-1	-1	-1
376	390	403	411	413	422	440	799	932	937	-1	-1	-1	-1	-1	-1	-1	-1	-1	-1	-1
192	271	296	347	352	385	402	403	408	416	715	-1	-1	-1	-1	-1	-1	-1	-1	-1	-1
157	385	463	469	661	761	-1	-1	-1	-1	-1	-1	-1	-1	-1	-1	-1	-1	-1	-1	-1
102	374	384	385	404	418	436	599	810	-1	-1	-1	-1	-1	-1	-1	-1	-1	-1	-1	-1
66	154	282	398	412	520	614	720	815	-1	-1	-1	-1	-1	-1	-1	-1	-1	-1	-1	-1
263	274	373	394	435	436	456	459	460	473	474	917	-1	-1	-1	-1	-1	-1	-1	-1	-1
113	198	313	452	483	484	488	633	-1	-1	-1	-1	-1	-1	-1	-1	-1	-1	-1	-1	-1
88	184	222	328	387	423	441	456	481	578	-1	-1	-1	-1	-1	-1	-1	-1	-1	-1	-1
23	144	245	361	363	387	482	495	-1	-1	-1	-1	-1	-1	-1	-1	-1	-1	-1	-1	-1
274	284	321	377	441	480	493	573	592	-1	-1	-1	-1	-1	-1	-1	-1	-1	-1	-1	-1
299	425	437	453	471	473	477	494	-1	-1	-1	-1	-1	-1	-1	-1	-1	-1	-1	-1	-1
231	315	324	355	365	404	449	462	493	638	839	971	-1	-1	-1	-1	-1	-1	-1	-1	-1
327	405	444	451	475	479	970	987	-1	-1	-1	-1	-1	-1	-1	-1	-1	-1	-1	-1	-1
269	317	351	455	479	488	680	699	745	835	-1	-1	-1	-1	-1	-1	-1	-1	-1	-1	-1
263	337	359	388	403	414	473	730	-1	-1	-1	-1	-1	-1	-1	-1	-1	-1	-1	-1	-1
104	163	165	334	342	375	440	449	467	481	490	811	820	-1	-1	-1	-1	-1	-1	-1	-1
164	310	314	352	467	473	497	522	598	637	856	-1	-1	-1	-1	-1	-1	-1	-1	-1	-1
172	305	326	379	444	445	463	465	471	482	484	533	589	969	-1	-1	-1	-1	-1	-1	-1
86	355	395	423	445	483	488	491	789	845	-1	-1	-1	-1	-1	-1	-1	-1	-1	-1	-1
34	52	357	375	409	438	447	806	846	-1	-1	-1	-1	-1	-1	-1	-1	-1	-1	-1	-1
7	300	326	360	370	451	475	476	490	635	806	952	-1	-1	-1	-1	-1	-1	-1	-1	-1
296	307	407	461	486	487	731	823	-1	-1	-1	-1	-1	-1	-1	-1	-1	-1	-1	-1	-1
43	118	180	278	430	443	444	456	474	475	477	486	491	790	-1	-1	-1	-1	-1	-1	-1
269	278	289	448	769	928	-1	-1	-1	-1	-1	-1	-1	-1	-1	-1	-1	-1	-1	-1	-1
274	291	292	294	299	324	360	444	448	459	493	956	-1	-1	-1	-1	-1	-1	-1	-1	-1
173	264	309	450	474	488	995	-1	-1	-1	-1	-1	-1	-1	-1	-1	-1	-1	-1	-1	-1
248	317	453	479	480	486	487	-1	-1	-1	-1	-1	-1	-1	-1	-1	-1	-1	-1	-1	-1
70	270	417	454	458	486	698	781	792	988	-1	-1	-1	-1	-1	-1	-1	-1	-1	-1	-1
98	254	311	329	333	392	437	454	481	519	525	659	-1	-1	-1	-1	-1	-1	-1	-1	-1
446	451	452	941	-1	-1	-1	-1	-1	-1	-1	-1	-1	-1	-1	-1	-1	-1	-1	-1	-1
32	280	288	335	434	461	470	486	565	821	915	990	-1	-1	-1	-1	-1	-1	-1	-1	-1
303	475	478	783	891	-1	-1	-1	-1	-1	-1	-1	-1	-1	-1	-1	-1	-1	-1	-1	-1
3	258	265	269	277	328	447	456	458	495	-1	-1	-1	-1	-1	-1	-1	-1	-1	-1	-1
20	157	262	308	319	387	406	422	434	444	459	465	466	487	491	494	502	577	649	-1	-1
122	148	248	306	351	376	426	470	476	481	686	821	-1	-1	-1	-1	-1	-1	-1	-1	-1
256	264	271	443	454	460	475	490	734	-1	-1	-1	-1	-1	-1	-1	-1	-1	-1	-1	-1
244	350	438	446	450	455	471	474	990	-1	-1	-1	-1	-1	-1	-1	-1	-1	-1	-1	-1
68	257	296	388	484	486	492	590	-1	-1	-1	-1	-1	-1	-1	-1	-1	-1	-1	-1	-1
62	201	440	441	465	470	-1	-1	-1	-1	-1	-1	-1	-1	-1	-1	-1	-1	-1	-1	-1
8	263	273	482	497	623	892	-1	-1	-1	-1	-1	-1	-1	-1	-1	-1	-1	-1	-1	-1
276	306	457	458	463	466	659	695	831	836	938	-1	-1	-1	-1	-1	-1	-1	-1	-1	-1
30	159	374	399	450	480	489	490	498	-1	-1	-1	-1	-1	-1	-1	-1	-1	-1	-1	-1
2	278	293	436	440	457	464	485	-1	-1	-1	-1	-1	-1	-1	-1	-1	-1	-1	-1	-1
3	52	299	336	427	436	463	469	471	775	784	-1	-1	-1	-1	-1	-1	-1	-1	-1	-1
43	106	126	250	286	391	426	436	448	469	480	487	997	-1	-1	-1	-1	-1	-1	-1	-1
279	336	434	481	504	599	608	914	-1	-1	-1	-1	-1	-1	-1	-1	-1	-1	-1	-1	-1
256	310	325	341	431	450	457	460	469	489	723	996	-1	-1	-1	-1	-1	-1	-1	-1	-1
316	344	402	474	487	493	494	509	-1	-1	-1	-1	-1	-1	-1	-1	-1	-1	-1	-1	-1
251	284	382	483	558	-1	-1	-1	-1	-1	-1	-1	-1	-1	-1	-1	-1	-1	-1	-1	-1
256	264	282	333	409	440	452	457	461	466	491	-1	-1	-1	-1	-1	-1	-1	-1	-1	-1
75	320	343	350	413	471	472	728	805	-1	-1	-1	-1	-1	-1	-1	-1	-1	-1	-1	-1
84	177	291	317	352	375	413	466	536	-1	-1	-1	-1	-1	-1	-1	-1	-1	-1	-1	-1
71	255	288	289	369	371	405	435	438	452	461	711	858	928	-1	-1	-1	-1	-1	-1	-1
254	438	467	754	-1	-1	-1	-1	-1	-1	-1	-1	-1	-1	-1	-1	-1	-1	-1	-1	-1
354	375	406	408	435	449	456	457	464	672	909	-1	-1	-1	-1	-1	-1	-1	-1	-1	-1
10	192	200	208	437	491	510	615	719	-1	-1	-1	-1	-1	-1	-1	-1	-1	-1	-1	-1
327	376	400	437	445	525	597	609	723	-1	-1	-1	-1	-1	-1	-1	-1	-1	-1	-1	-1
265	270	352	375	381	452	487	828	-1	-1	-1	-1	-1	-1	-1	-1	-1	-1	-1	-1	-1
304	376	455	459	490	546	571	591	724	976	-1	-1	-1	-1	-1	-1	-1	-1	-1	-1	-1
277	288	367	372	401	419	445	481	483	487	672	-1	-1	-1	-1	-1	-1	-1	-1	-1	-1
273	351	457	464	485	934	-1	-1	-1	-1	-1	-1	-1	-1	-1	-1	-1	-1	-1	-1	-1
226	251	271	305	332	416	428	451	460	467	475	487	866	-1	-1	-1	-1	-1	-1	-1	-1
101	350	403	404	453	467	468	673	-1	-1	-1	-1	-1	-1	-1	-1	-1	-1	-1	-1	-1
97	283	407	443	452	476	532	567	611	-1	-1	-1	-1	-1	-1	-1	-1	-1	-1	-1	-1
44	285	310	468	473	482	495	578	603	660	847	-1	-1	-1	-1	-1	-1	-1	-1	-1	-1
186	305	424	450	460	489	669	-1	-1	-1	-1	-1	-1	-1	-1	-1	-1	-1	-1	-1	-1
53	173	349	379	396	447	473	475	747	-1	-1	-1	-1	-1	-1	-1	-1	-1	-1	-1	-1
199	215	348	366	414	506	514	616	695	714	795	-1	-1	-1	-1	-1	-1	-1	-1	-1	-1
58	68	283	295	349	377	388	470	499	524	548	552	-1	-1	-1	-1	-1	-1	-1	-1	-1
247	309	342	410	506	523	527	531	540	648	699	701	832	-1	-1	-1	-1	-1	-1	-1	-1
28	288	296	306	376	459	482	521	543	592	731	904	-1	-1	-1	-1	-1	-1	-1	-1	-1
390	507	538	543	736	783	-1	-1	-1	-1	-1	-1	-1	-1	-1	-1	-1	-1	-1	-1	-1
92	187	508	535	561	563	625	703	746	-1	-1	-1	-1	-1	-1	-1	-1	-1	-1	-1	-1
197	527	537	541	-1	-1	-1	-1	-1	-1	-1	-1	-1	-1	-1	-1	-1	-1	-1	-1	-1
466	507	521	540	552	556	645	666	728	738	742	-1	-1	-1	-1	-1	-1	-1	-1	-1	-1
499	506	517	525	548	671	729	747	939	952	-1	-1	-1	-1	-1	-1	-1	-1	-1	-1	-1
41	531	564	566	576	636	703	731	741	-1	-1	-1	-1	-1	-1	-1	-1	-1	-1	-1	-1
142	152	238	510	518	571	649	669	672	689	746	962	-1	-1	-1	-1	-1	-1	-1	-1	-1
170	302	320	332	499	503	524	544	556	601	638	674	699	736	786	-1	-1	-1	-1	-1	-1
286	352	421	501	539	557	593	604	615	656	669	721	789	806	-1	-1	-1	-1	-1	-1	-1
381	440	481	497	515	551	557	572	622	660	707	808	-1	-1	-1	-1	-1	-1	-1	-1	-1
377	473	496	530	534	536	543	583	639	669	672	721	876	-1	-1	-1	-1	-1	-1	-1	-1
477	508	548	550	660	663	780	-1	-1	-1	-1	-1	-1	-1	-1	-1	-1	-1	-1	-1	-1
154	232	511	587	676	694	704	811	-1	-1	-1	-1	-1	-1	-1	-1	-1	-1	-1	-1	-1
500	520	521	550	618	630	667	679	682	710	-1	-1	-1	-1	-1	-1	-1	-1	-1	-1	-1
493	506	507	526	527	563	565	612	632	669	688	834	876	-1	-1	-1	-1	-1	-1	-1	-1
128	463	501	536	541	547	706	794	961	-1	-1	-1	-1	-1	-1	-1	-1	-1	-1	-1	-1
30	287	532	536	540	544	579	744	926	-1	-1	-1	-1	-1	-1	-1	-1	-1	-1	-1	-1
506	528	540	544	553	560	600	625	662	704	728	775	-1	-1	-1	-1	-1	-1	-1	-1	-1
58	517	542	548	557	612	679	695	749	777	947	970	-1	-1	-1	-1	-1	-1	-1	-1	-1
230	500	543	580	605	640	655	902	965	-1	-1	-1	-1	-1	-1	-1	-1	-1	-1	-1	-1
0	261	510	532	536	538	543	550	553	554	566	575	652	736	830	984	-1	-1	-1	-1	-1
162	405	503	562	570	665	812	992	-1	-1	-1	-1	-1	-1	-1	-1	-1	-1	-1	-1	-1
1	514	523	533	552	571	601	602	611	616	703	-1	-1	-1	-1	-1	-1	-1	-1	-1	-1
170	499	513	518	534	553	571	615	617	625	652	691	814	-1	-1	-1	-1	-1	-1	-1	-1
35	169	350	402	497	500	508	510	521	549	553	577	606	670	705	-1	-1	-1	-1	-1	-1
199	327	385	505	511	518	533	534	535	537	547	624	701	890	-1	-1	-1	-1	-1	-1	-1
117	119	269	375	538	711	928	-1	-1	-1	-1	-1	-1	-1	-1	-1	-1	-1	-1	-1	-1
505	573	696	726	-1	-1	-1	-1	-1	-1	-1	-1	-1	-1	-1	-1	-1	-1	-1	-1	-1
174	377	522	534	708	723	740	749	-1	-1	-1	-1	-1	-1	-1	-1	-1	-1	-1	-1	-1
161	208	496	508	516	538	545	603	678	-1	-1	-1	-1	-1	-1	-1	-1	-1	-1	-1	-1
90	502	512	529	544	598	730	735	899	994	-1	-1	-1	-1	-1	-1	-1	-1	-1	-1	-1
186	199	317	545	591	648	726	727	739	-1	-1	-1	-1	-1	-1	-1	-1	-1	-1	-1	-1
543	555	564	745	-1	-1	-1	-1	-1	-1	-1	-1	-1	-1	-1	-1	-1	-1	-1	-1	-1
281	390	512	517	525	530	549	558	608	611	628	926	-1	-1	-1	-1	-1	-1	-1	-1	-1
185	335	507	522	637	650	722	-1	-1	-1	-1	-1	-1	-1	-1	-1	-1	-1	-1	-1	-1
95	330	511	514	521	543	547	549	550	956	-1	-1	-1	-1	-1	-1	-1	-1	-1	-1	-1
98	123	132	238	535	545	548	560	692	801	-1	-1	-1	-1	-1	-1	-1	-1	-1	-1	-1
6	116	197	303	455	495	500	523	527	535	547	557	662	679	788	-1	-1	-1	-1	-1	-1
164	278	521	527	549	651	699	-1	-1	-1	-1	-1	-1	-1	-1	-1	-1	-1	-1	-1	-1
172	187	368	532	537	576	626	699	706	751	806	-1	-1	-1	-1	-1	-1	-1	-1	-1	-1
101	290	512	515	706	-1	-1	-1	-1	-1	-1	-1	-1	-1	-1	-1	-1	-1	-1	-1	-1
307	499	519	538	647	650	660	735	-1	-1	-1	-1	-1	-1	-1	-1	-1	-1	-1	-1	-1
222	499	500	506	510	534	567	606	653	720	882	-1	-1	-1	-1	-1	-1	-1	-1	-1	-1
58	265	294	496	528	530	539	551	574	575	639	724	740	997	-1	-1	-1	-1	-1	-1	-1
88	505	512	535	550	552	557	583	638	640	733	880	-1	-1	-1	-1	-1	-1	-1	-1	-1
214	523	526	527	683	721	740	986	-1	-1	-1	-1	-1	-1	-1	-1	-1	-1	-1	-1	-1
38	329	507	516	532	533	541	556	568	616	643	731	-1	-1	-1	-1	-1	-1	-1	-1	-1
58	222	504	512	531	552	555	628	686	956	-1	-1	-1	-1	-1	-1	-1	-1	-1	-1	-1
152	454	526	533	541	545	567	-1	-1	-1	-1	-1	-1	-1	-1	-1	-1	-1	-1	-1	-1
36	57	117	138	210	222	498	546	552	553	587	661	717	744	-1	-1	-1	-1	-1	-1	-1
495	523	524	548	599	612	729	-1	-1	-1	-1	-1	-1	-1	-1	-1	-1	-1	-1	-1	-1
7	279	369	383	422	500	505	507	515	519	708	710	746	-1	-1	-1	-1	-1	-1	-1	-1
142	420	555	591	597	630	-1	-1	-1	-1	-1	-1	-1	-1	-1	-1	-1	-1	-1	-1	-1
343	452	515	531	543	547	548	549	609	626	691	-1	-1	-1	-1	-1	-1	-1	-1	-1	-1
143	496	510	527	537	578	667	719	916	-1	-1	-1	-1	-1	-1	-1	-1	-1	-1	-1	-1
221	545	550	583	863	883	-1	-1	-1	-1	-1	-1	-1	-1	-1	-1	-1	-1	-1	-1	-1
297	500	516	538	554	607	664	711	762	816	-1	-1	-1	-1	-1	-1	-1	-1	-1	-1	-1
106	500	519	523	564	602	855	864	989	-1	-1	-1	-1	-1	-1	-1	-1	-1	-1	-1	-1
576	578	656	980	-1	-1	-1	-1	-1	-1	-1	-1	-1	-1	-1	-1	-1	-1	-1	-1	-1
43	525	531	556	562	579	591	598	609	615	685	704	709	-1	-1	-1	-1	-1	-1	-1	-1
70	198	532	573	574	576	597	602	608	673	719	786	980	-1	-1	-1	-1	-1	-1	-1	-1
20	29	76	158	217	242	416	558	576	577	586	592	604	608	674	710	897	-1	-1	-1	-1
18	447	603	607	666	695	-1	-1	-1	-1	-1	-1	-1	-1	-1	-1	-1	-1	-1	-1	-1
180	205	378	614	616	735	739	781	852	891	969	-1	-1	-1	-1	-1	-1	-1	-1	-1	-1
247	449	486	558	570	588	605	611	617	626	672	-1	-1	-1	-1	-1	-1	-1	-1	-1	-1
22	462	568	578	639	665	-1	-1	-1	-1	-1	-1	-1	-1	-1	-1	-1	-1	-1	-1	-1
463	559	560	590	597	628	629	689	721	738	940	-1	-1	-1	-1	-1	-1	-1	-1	-1	-1
76	463	528	533	552	560	561	573	580	587	669	941	-1	-1	-1	-1	-1	-1	-1	-1	-1
624	823	929	-1	-1	-1	-1	-1	-1	-1	-1	-1	-1	-1	-1	-1	-1	-1	-1	-1	-1
309	333	588	594	597	644	980	-1	-1	-1	-1	-1	-1	-1	-1	-1	-1	-1	-1	-1	-1
305	466	524	535	564	-1	-1	-1	-1	-1	-1	-1	-1	-1	-1	-1	-1	-1	-1	-1	-1
262	567	584	595	596	606	666	687	708	992	-1	-1	-1	-1	-1	-1	-1	-1	-1	-1	-1
97	238	533	539	541	553	567	605	762	-1	-1	-1	-1	-1	-1	-1	-1	-1	-1	-1	-1
216	299	361	531	578	591	610	646	650	736	978	-1	-1	-1	-1	-1	-1	-1	-1	-1	-1
503	559	562	564	583	587	596	616	-1	-1	-1	-1	-1	-1	-1	-1	-1	-1	-1	-1	-1
222	316	517	524	543	560	581	585	592	704	-1	-1	-1	-1	-1	-1	-1	-1	-1	-1	-1
101	339	469	615	644	651	662	710	713	943	962	-1	-1	-1	-1	-1	-1	-1	-1	-1	-1
77	141	310	559	567	575	587	600	603	694	729	916	-1	-1	-1	-1	-1	-1	-1	-1	-1
226	355	399	500	514	601	633	670	919	-1	-1	-1	-1	-1	-1	-1	-1	-1	-1	-1	-1
20	137	562	956	-1	-1	-1	-1	-1	-1	-1	-1	-1	-1	-1	-1	-1	-1	-1	-1	-1
43	538	562	578	585	598	605	654	696	-1	-1	-1	-1	-1	-1	-1	-1	-1	-1	-1	-1
10	12	560	681	723	749	-1	-1	-1	-1	-1	-1	-1	-1	-1	-1	-1	-1	-1	-1	-1
62	554	570	694	731	-1	-1	-1	-1	-1	-1	-1	-1	-1	-1	-1	-1	-1	-1	-1	-1
410	421	471	502	568	587	590	598	602	629	-1	-1	-1	-1	-1	-1	-1	-1	-1	-1	-1
480	500	516	594	610	618	632	667	748	836	845	-1	-1	-1	-1	-1	-1	-1	-1	-1	-1
512	561	581	592	614	699	837	-1	-1	-1	-1	-1	-1	-1	-1	-1	-1	-1	-1	-1	-1
211	278	509	524	584	664	-1	-1	-1	-1	-1	-1	-1	-1	-1	-1	-1	-1	-1	-1	-1
173	575	580	599	606	700	745	815	-1	-1	-1	-1	-1	-1	-1	-1	-1	-1	-1	-1	-1
536	570	600	686	722	739	825	912	-1	-1	-1	-1	-1	-1	-1	-1	-1	-1	-1	-1	-1
311	318	358	500	600	605	641	693	698	699	886	919	948	-1	-1	-1	-1	-1	-1	-1	-1
123	262	417	566	727	736	-1	-1	-1	-1	-1	-1	-1	-1	-1	-1	-1	-1	-1	-1	-1
341	569	592	605	607	625	728	849	994	995	-1	-1	-1	-1	-1	-1	-1	-1	-1	-1	-1
482	497	561	566	574	587	593	621	735	755	908	-1	-1	-1	-1	-1	-1	-1	-1	-1	-1
493	503	507	550	578	585	587	604	709	732	740	-1	-1	-1	-1	-1	-1	-1	-1	-1	-1
10	253	256	423	517	530	571	592	673	725	774	-1	-1	-1	-1	-1	-1	-1	-1	-1	-1
132	398	501	576	602	609	611	617	877	995	-1	-1	-1	-1	-1	-1	-1	-1	-1	-1	-1
97	560	573	588	602	605	606	611	626	662	730	732	739	-1	-1	-1	-1	-1	-1	-1	-1
613	615	628	653	663	-1	-1	-1	-1	-1	-1	-1	-1	-1	-1	-1	-1	-1	-1	-1	-1
271	583	586	592	595	602	688	773	-1	-1	-1	-1	-1	-1	-1	-1	-1	-1	-1	-1	-1
30	52	78	249	291	480	500	568	588	606	625	639	937	-1	-1	-1	-1	-1	-1	-1	-1
292	513	543	571	572	574	589	591	595	660	913	-1	-1	-1	-1	-1	-1	-1	-1	-1	-1
245	303	500	513	548	575	587	617	660	686	732	776	851	977	-1	-1	-1	-1	-1	-1	-1
421	529	544	545	551	560	568	571	572	591	603	619	651	698	892	-1	-1	-1	-1	-1	-1
257	476	510	558	562	563	572	575	579	582	587	599	700	709	-1	-1	-1	-1	-1	-1	-1
357	499	562	578	613	619	687	-1	-1	-1	-1	-1	-1	-1	-1	-1	-1	-1	-1	-1	-1
40	177	325	523	555	560	579	663	698	953	-1	-1	-1	-1	-1	-1	-1	-1	-1	-1	-1
25	118	138	305	325	327	507	569	573	598	613	647	703	720	762	869	-1	-1	-1	-1	-1
211	325	384	510	526	565	569	574	586	587	591	599	717	994	-1	-1	-1	-1	-1	-1	-1
33	538	554	572	575	595	698	713	729	813	-1	-1	-1	-1	-1	-1	-1	-1	-1	-1	-1
502	567	585	597	617	690	783	974	-1	-1	-1	-1	-1	-1	-1	-1	-1	-1	-1	-1	-1
273	574	615	654	690	697	735	746	756	-1	-1	-1	-1	-1	-1	-1	-1	-1	-1	-1	-1
76	120	129	517	520	535	577	583	602	610	616	649	686	699	702	-1	-1	-1	-1	-1	-1
240	412	536	563	582	587	606	618	683	725	-1	-1	-1	-1	-1	-1	-1	-1	-1	-1	-1
113	346	517	682	-1	-1	-1	-1	-1	-1	-1	-1	-1	-1	-1	-1	-1	-1	-1	-1	-1
42	281	339	347	536	577	594	598	816	-1	-1	-1	-1	-1	-1	-1	-1	-1	-1	-1	-1
524	568	578	580	585	590	605	953	971	-1	-1	-1	-1	-1	-1	-1	-1	-1	-1	-1	-1
96	271	276	545	559	570	577	579	595	606	617	825	-1	-1	-1	-1	-1	-1	-1	-1	-1
58	353	562	614	657	746	932	990	-1	-1	-1	-1	-1	-1	-1	-1	-1	-1	-1	-1	-1
263	370	505	562	573	593	642	740	819	870	-1	-1	-1	-1	-1	-1	-1	-1	-1	-1	-1
612	734	839	-1	-1	-1	-1	-1	-1	-1	-1	-1	-1	-1	-1	-1	-1	-1	-1	-1	-1
76	431	451	616	644	685	-1	-1	-1	-1	-1	-1	-1	-1	-1	-1	-1	-1	-1	-1	-1
117	248	390	588	646	656	659	664	668	790	995	-1	-1	-1	-1	-1	-1	-1	-1	-1	-1
357	548	577	633	661	664	665	699	836	839	-1	-1	-1	-1	-1	-1	-1	-1	-1	-1	-1
208	225	241	463	554	571	621	654	711	810	-1	-1	-1	-1	-1	-1	-1	-1	-1	-1	-1
116	147	391	428	504	549	648	-1	-1	-1	-1	-1	-1	-1	-1	-1	-1	-1	-1	-1	-1
205	286	504	522	541	597	641	653	661	802	-1	-1	-1	-1	-1	-1	-1	-1	-1	-1	-1
126	246	476	562	618	623	629	729	879	-1	-1	-1	-1	-1	-1	-1	-1	-1	-1	-1	-1
126	490	565	606	625	636	656	666	719	855	882	-1	-1	-1	-1	-1	-1	-1	-1	-1	-1
127	509	516	520	550	593	642	645	748	898	-1	-1	-1	-1	-1	-1	-1	-1	-1	-1	-1
213	316	532	540	572	585	620	621	657	673	743	873	897	927	942	-1	-1	-1	-1	-1	-1
79	508	594	612	625	633	637	644	655	-1	-1	-1	-1	-1	-1	-1	-1	-1	-1	-1	-1
626	652	653	680	720	732	890	-1	-1	-1	-1	-1	-1	-1	-1	-1	-1	-1	-1	-1	-1
563	612	615	622	626	633	640	648	667	670	673	691	698	946	-1	-1	-1	-1	-1	-1	-1
209	348	508	584	614	629	656	664	733	998	-1	-1	-1	-1	-1	-1	-1	-1	-1	-1	-1
353	504	527	542	565	588	633	636	660	670	785	797	-1	-1	-1	-1	-1	-1	-1	-1	-1
270	563	632	669	738	967	-1	-1	-1	-1	-1	-1	-1	-1	-1	-1	-1	-1	-1	-1	-1
2	115	227	281	663	666	674	962	-1	-1	-1	-1	-1	-1	-1	-1	-1	-1	-1	-1	-1
146	219	450	622	631	635	654	679	682	828	946	-1	-1	-1	-1	-1	-1	-1	-1	-1	-1
2	221	226	338	403	677	681	733	880	920	-1	-1	-1	-1	-1	-1	-1	-1	-1	-1	-1
250	252	311	387	524	567	581	584	608	636	643	657	658	666	670	743	746	850	-1	-1	-1
419	560	589	611	622	630	652	668	740	-1	-1	-1	-1	-1	-1	-1	-1	-1	-1	-1	-1
49	119	207	508	517	533	539	562	584	587	603	673	679	684	686	694	812	979	-1	-1	-1
106	558	635	667	678	687	705	-1	-1	-1	-1	-1	-1	-1	-1	-1	-1	-1	-1	-1	-1
425	532	541	590	610	621	633	683	719	-1	-1	-1	-1	-1	-1	-1	-1	-1	-1	-1	-1
57	136	180	217	618	620	625	630	635	650	656	662	668	746	836	859	863	-1	-1	-1	-1
642	664	670	671	681	715	783	845	-1	-1	-1	-1	-1	-1	-1	-1	-1	-1	-1	-1	-1
546	583	614	649	659	662	668	673	690	698	951	-1	-1	-1	-1	-1	-1	-1	-1	-1	-1
57	402	571	623	626	635	636	670	671	677	697	765	859	-1	-1	-1	-1	-1	-1	-1	-1
35	146	522	554	555	622	675	678	691	744	-1	-1	-1	-1	-1	-1	-1	-1	-1	-1	-1
639	659	670	678	900	-1	-1	-1	-1	-1	-1	-1	-1	-1	-1	-1	-1	-1	-1	-1	-1
55	533	576	633	645	652	693	738	794	-1	-1	-1	-1	-1	-1	-1	-1	-1	-1	-1	-1
97	615	639	644	645	745	801	820	882	915	-1	-1	-1	-1	-1	-1	-1	-1	-1	-1	-1
522	587	634	643	653	706	799	847	983	-1	-1	-1	-1	-1	-1	-1	-1	-1	-1	-1	-1
99	508	545	573	620	637	648	649	654	660	683	724	-1	-1	-1	-1	-1	-1	-1	-1	-1
22	161	512	563	647	969	-1	-1	-1	-1	-1	-1	-1	-1	-1	-1	-1	-1	-1	-1	-1
146	230	336	539	595	606	612	635	647	657	668	672	675	701	714	731	740	867	920	933	954
8	11	547	626	634	639	643	646	655	666	667	825	-1	-1	-1	-1	-1	-1	-1	-1	-1
27	427	635	644	652	665	676	896	-1	-1	-1	-1	-1	-1	-1	-1	-1	-1	-1	-1	-1
368	527	542	558	562	629	645	850	-1	-1	-1	-1	-1	-1	-1	-1	-1	-1	-1	-1	-1
216	468	512	548	579	628	633	675	703	-1	-1	-1	-1	-1	-1	-1	-1	-1	-1	-1	-1
123	590	592	647	657	664	738	830	846	-1	-1	-1	-1	-1	-1	-1	-1	-1	-1	-1	-1
196	243	348	415	433	522	544	665	666	670	-1	-1	-1	-1	-1	-1	-1	-1	-1	-1	-1
646	671	-1	-1	-1	-1	-1	-1	-1	-1	-1	-1	-1	-1	-1	-1	-1	-1	-1	-1	-1
528	544	601	611	632	633	638	669	990	-1	-1	-1	-1	-1	-1	-1	-1	-1	-1	-1	-1
13	117	151	515	533	564	607	638	668	686	694	727	987	-1	-1	-1	-1	-1	-1	-1	-1
183	441	562	614	637	657	672	690	710	830	996	-1	-1	-1	-1	-1	-1	-1	-1	-1	-1
176	519	596	668	923	942	-1	-1	-1	-1	-1	-1	-1	-1	-1	-1	-1	-1	-1	-1	-1
223	635	639	658	965	-1	-1	-1	-1	-1	-1	-1	-1	-1	-1	-1	-1	-1	-1	-1	-1
221	262	441	665	928	-1	-1	-1	-1	-1	-1	-1	-1	-1	-1	-1	-1	-1	-1	-1	-1
188	384	624	632	649	681	702	715	993	-1	-1	-1	-1	-1	-1	-1	-1	-1	-1	-1	-1
541	625	638	654	661	700	704	723	845	-1	-1	-1	-1	-1	-1	-1	-1	-1	-1	-1	-1
329	589	596	657	659	679	-1	-1	-1	-1	-1	-1	-1	-1	-1	-1	-1	-1	-1	-1	-1
28	85	196	519	520	550	569	571	606	608	621	624	629	664	684	686	711	732	964	-1	-1
596	656	661	665	691	731	842	859	-1	-1	-1	-1	-1	-1	-1	-1	-1	-1	-1	-1	-1
191	492	626	632	667	729	786	-1	-1	-1	-1	-1	-1	-1	-1	-1	-1	-1	-1	-1	-1
225	244	316	479	520	550	566	626	646	657	672	696	711	880	970	-1	-1	-1	-1	-1	-1
146	224	247	501	504	634	649	658	659	661	664	717	772	-1	-1	-1	-1	-1	-1	-1	-1
6	71	586	603	615	625	653	663	-1	-1	-1	-1	-1	-1	-1	-1	-1	-1	-1	-1	-1
14	525	565	616	620	650	663	-1	-1	-1	-1	-1	-1	-1	-1	-1	-1	-1	-1	-1	-1
55	238	250	271	349	562	587	590	604	658	-1	-1	-1	-1	-1	-1	-1	-1	-1	-1	-1
428	486	544	590	639	666	668	670	678	861	-1	-1	-1	-1	-1	-1	-1	-1	-1	-1	-1
160	445	491	524	567	620	656	661	663	676	760	-1	-1	-1	-1	-1	-1	-1	-1	-1	-1
169	293	406	565	604	646	705	726	-1	-1	-1	-1	-1	-1	-1	-1	-1	-1	-1	-1	-1
133	371	516	538	551	590	723	739	793	852	950	-1	-1	-1	-1	-1	-1	-1	-1	-1	-1
325	665	704	742	916	926	-1	-1	-1	-1	-1	-1	-1	-1	-1	-1	-1	-1	-1	-1	-1
612	698	712	739	961	-1	-1	-1	-1	-1	-1	-1	-1	-1	-1	-1	-1	-1	-1	-1	-1
6	60	135	504	515	601	617	683	685	736	963	-1	-1	-1	-1	-1	-1	-1	-1	-1	-1
536	592	705	743	-1	-1	-1	-1	-1	-1	-1	-1	-1	-1	-1	-1	-1	-1	-1	-1	-1
350	705	728	-1	-1	-1	-1	-1	-1	-1	-1	-1	-1	-1	-1	-1	-1	-1	-1	-1	-1
103	143	663	690	695	736	777	-1	-1	-1	-1	-1	-1	-1	-1	-1	-1	-1	-1	-1	-1
36	189	664	717	719	722	-1	-1	-1	-1	-1	-1	-1	-1	-1	-1	-1	-1	-1	-1	-1
40	60	75	232	250	638	682	706	720	722	734	743	877	926	-1	-1	-1	-1	-1	-1	-1
267	525	611	623	691	693	714	719	722	796	-1	-1	-1	-1	-1	-1	-1	-1	-1	-1	-1
181	184	424	544	602	643	650	658	698	705	714	721	723	748	832	-1	-1	-1	-1	-1	-1
354	509	523	608	650	657	696	711	979	-1	-1	-1	-1	-1	-1	-1	-1	-1	-1	-1	-1
56	483	562	702	703	707	710	727	739	877	919	936	-1	-1	-1	-1	-1	-1	-1	-1	-1
232	349	617	658	682	706	713	716	743	758	779	876	-1	-1	-1	-1	-1	-1	-1	-1	-1
596	638	639	692	713	856	-1	-1	-1	-1	-1	-1	-1	-1	-1	-1	-1	-1	-1	-1	-1
74	143	301	387	583	718	727	735	739	742	-1	-1	-1	-1	-1	-1	-1	-1	-1	-1	-1
144	281	435	537	580	657	742	921	-1	-1	-1	-1	-1	-1	-1	-1	-1	-1	-1	-1	-1
49	268	294	510	686	689	695	696	704	716	736	747	-1	-1	-1	-1	-1	-1	-1	-1	-1
139	201	539	603	610	656	664	684	691	694	703	731	742	981	-1	-1	-1	-1	-1	-1	-1
176	726	996	-1	-1	-1	-1	-1	-1	-1	-1	-1	-1	-1	-1	-1	-1	-1	-1	-1	-1
107	129	176	328	619	643	678	689	702	723	-1	-1	-1	-1	-1	-1	-1	-1	-1	-1	-1
533	694	703	718	922	-1	-1	-1	-1	-1	-1	-1	-1	-1	-1	-1	-1	-1	-1	-1	-1
493	580	602	703	727	736	738	743	805	908	-1	-1	-1	-1	-1	-1	-1	-1	-1	-1	-1
378	465	552	707	722	748	838	-1	-1	-1	-1	-1	-1	-1	-1	-1	-1	-1	-1	-1	-1
142	165	275	367	585	651	662	692	701	709	720	721	-1	-1	-1	-1	-1	-1	-1	-1	-1
163	286	563	633	657	659	687	695	738	757	769	831	976	-1	-1	-1	-1	-1	-1	-1	-1
168	517	612	692	726	837	941	971	-1	-1	-1	-1	-1	-1	-1	-1	-1	-1	-1	-1	-1
513	631	695	740	987	-1	-1	-1	-1	-1	-1	-1	-1	-1	-1	-1	-1	-1	-1	-1	-1
157	255	502	526	714	-1	-1	-1	-1	-1	-1	-1	-1	-1	-1	-1	-1	-1	-1	-1	-1
47	500	659	693	719	-1	-1	-1	-1	-1	-1	-1	-1	-1	-1	-1	-1	-1	-1	-1	-1
44	75	163	539	563	626	636	687	715	720	892	-1	-1	-1	-1	-1	-1	-1	-1	-1	-1
32	118	422	442	667	683	685	688	700	702	729	733	734	739	-1	-1	-1	-1	-1	-1	-1
120	335	380	527	562	620	643	648	670	689	832	-1	-1	-1	-1	-1	-1	-1	-1	-1	-1
581	676	682	705	709	713	721	727	-1	-1	-1	-1	-1	-1	-1	-1	-1	-1	-1	-1	-1
521	524	538	573	645	692	898	-1	-1	-1	-1	-1	-1	-1	-1	-1	-1	-1	-1	-1	-1
142	215	347	418	530	590	613	619	686	689	702	710	713	732	734	782	788	899	-1	-1	-1
6	66	277	282	397	648	698	718	-1	-1	-1	-1	-1	-1	-1	-1	-1	-1	-1	-1	-1
675	691	699	715	732	805	984	-1	-1	-1	-1	-1	-1	-1	-1	-1	-1	-1	-1	-1	-1
97	447	588	643	708	719	728	-1	-1	-1	-1	-1	-1	-1	-1	-1	-1	-1	-1	-1	-1
293	548	606	619	668	703	719	731	-1	-1	-1	-1	-1	-1	-1	-1	-1	-1	-1	-1	-1
96	313	530	557	614	710	717	729	734	736	-1	-1	-1	-1	-1	-1	-1	-1	-1	-1	-1
70	229	297	532	541	595	611	713	730	732	734	744	935	-1	-1	-1	-1	-1	-1	-1	-1
106	252	259	484	552	579	606	635	697	721	741	893	-1	-1	-1	-1	-1	-1	-1	-1	-1
102	479	507	525	545	645	659	682	683	695	702	715	717	723	746	-1	-1	-1	-1	-1	-1
50	97	353	515	705	726	735	737	739	-1	-1	-1	-1	-1	-1	-1	-1	-1	-1	-1	-1
502	508	577	639	682	701	-1	-1	-1	-1	-1	-1	-1	-1	-1	-1	-1	-1	-1	-1	-1
164	501	587	640	665	698	731	741	781	-1	-1	-1	-1	-1	-1	-1	-1	-1	-1	-1	-1
59	181	207	331	533	571	653	700	716	977	-1	-1	-1	-1	-1	-1	-1	-1	-1	-1	-1
20	305	505	541	581	615	618	706	712	727	728	734	736	833	968	-1	-1	-1	-1	-1	-1
98	136	219	346	405	539	648	740	743	-1	-1	-1	-1	-1	-1	-1	-1	-1	-1	-1	-1
34	277	542	573	675	689	690	723	738	765	933	-1	-1	-1	-1	-1	-1	-1	-1	-1	-1
311	320	548	687	693	707	716	722	753	-1	-1	-1	-1	-1	-1	-1	-1	-1	-1	-1	-1
85	158	166	191	504	508	560	609	643	682	692	716	804	904	-1	-1	-1	-1	-1	-1	-1
67	501	647	679	691	692	717	718	967	996	-1	-1	-1	-1	-1	-1	-1	-1	-1	-1	-1
112	150	574	609	695	697	718	735	739	749	-1	-1	-1	-1	-1	-1	-1	-1	-1	-1	-1
205	502	557	561	562	580	681	684	692	694	697	717	740	789	919	-1	-1	-1	-1	-1	-1
0	16	426	690	702	713	717	721	722	732	742	-1	-1	-1	-1	-1	-1	-1	-1	-1	-1
647	683	718	734	735	736	913	-1	-1	-1	-1	-1	-1	-1	-1	-1	-1	-1	-1	-1	-1
242	315	469	520	540	559	624	704	715	720	736	-1	-1	-1	-1	-1	-1	-1	-1	-1	-1
37	596	704	710	720	739	740	749	-1	-1	-1	-1	-1	-1	-1	-1	-1	-1	-1	-1	-1
24	143	531	609	676	694	696	724	749	851	939	966	-1	-1	-1	-1	-1	-1	-1	-1	-1
8	568	623	629	767	776	815	-1	-1	-1	-1	-1	-1	-1	-1	-1	-1	-1	-1	-1	-1
162	175	307	505	532	550	563	585	654	668	682	744	765	991	-1	-1	-1	-1	-1	-1	-1
48	145	269	351	451	571	600	687	754	758	774	801	992	-1	-1	-1	-1	-1	-1	-1	-1
259	285	494	526	547	617	744	750	756	792	881	-1	-1	-1	-1	-1	-1	-1	-1	-1	-1
81	358	591	682	705	708	726	728	761	795	873	-1	-1	-1	-1	-1	-1	-1	-1	-1	-1
257	508	561	624	627	647	745	771	872	937	-1	-1	-1	-1	-1	-1	-1	-1	-1	-1	-1
100	609	777	833	878	903	924	929	961	-1	-1	-1	-1	-1	-1	-1	-1	-1	-1	-1	-1
371	665	721	745	752	759	875	968	-1	-1	-1	-1	-1	-1	-1	-1	-1	-1	-1	-1	-1
43	95	464	544	750	751	755	766	769	786	794	799	810	-1	-1	-1	-1	-1	-1	-1	-1
273	275	462	746	755	757	818	929	941	956	-1	-1	-1	-1	-1	-1	-1	-1	-1	-1	-1
133	744	764	781	796	889	983	-1	-1	-1	-1	-1	-1	-1	-1	-1	-1	-1	-1	-1	-1
33	345	610	783	815	895	979	-1	-1	-1	-1	-1	-1	-1	-1	-1	-1	-1	-1	-1	-1
8	618	766	779	880	985	988	-1	-1	-1	-1	-1	-1	-1	-1	-1	-1	-1	-1	-1	-1
171	448	696	719	744	759	768	786	872	909	939	-1	-1	-1	-1	-1	-1	-1	-1	-1	-1
15	87	147	173	755	757	760	785	859	913	917	-1	-1	-1	-1	-1	-1	-1	-1	-1	-1
171	270	633	747	825	830	-1	-1	-1	-1	-1	-1	-1	-1	-1	-1	-1	-1	-1	-1	-1
186	433	525	770	774	778	787	845	877	880	953	957	970	-1	-1	-1	-1	-1	-1	-1	-1
21	50	127	294	642	765	771	793	794	800	878	912	938	954	966	994	-1	-1	-1	-1	-1
269	331	750	782	783	789	834	840	912	-1	-1	-1	-1	-1	-1	-1	-1	-1	-1	-1	-1
571	695	750	753	802	863	865	911	924	951	966	-1	-1	-1	-1	-1	-1	-1	-1	-1	-1
497	683	746	760	765	780	787	803	804	837	-1	-1	-1	-1	-1	-1	-1	-1	-1	-1	-1
229	635	746	773	780	794	798	799	820	833	981	998	-1	-1	-1	-1	-1	-1	-1	-1	-1
239	733	803	882	883	923	994	-1	-1	-1	-1	-1	-1	-1	-1	-1	-1	-1	-1	-1	-1
403	749	804	854	886	888	949	-1	-1	-1	-1	-1	-1	-1	-1	-1	-1	-1	-1	-1	-1
189	781	788	792	805	978	994	-1	-1	-1	-1	-1	-1	-1	-1	-1	-1	-1	-1	-1	-1
533	588	602	653	744	754	759	760	764	770	774	779	781	793	803	879	964	-1	-1	-1	-1
62	93	309	438	458	512	747	753	754	778	849	906	942	963	-1	-1	-1	-1	-1	-1	-1
316	334	342	645	654	753	762	778	787	794	805	812	813	821	907	941	964	-1	-1	-1	-1
79	149	548	659	752	763	775	778	784	794	843	923	962	991	-1	-1	-1	-1	-1	-1	-1
223	442	897	910	-1	-1	-1	-1	-1	-1	-1	-1	-1	-1	-1	-1	-1	-1	-1	-1	-1
114	232	755	757	770	783	784	785	787	794	805	829	849	-1	-1	-1	-1	-1	-1	-1	-1
186	195	212	277	806	885	945	987	-1	-1	-1	-1	-1	-1	-1	-1	-1	-1	-1	-1	-1
386	530	680	768	795	805	813	851	936	-1	-1	-1	-1	-1	-1	-1	-1	-1	-1	-1	-1
77	126	527	672	760	763	772	796	800	804	834	845	850	963	-1	-1	-1	-1	-1	-1	-1
16	79	321	753	755	774	800	834	875	896	902	975	-1	-1	-1	-1	-1	-1	-1	-1	-1
93	146	307	334	746	748	758	768	786	803	900	962	-1	-1	-1	-1	-1	-1	-1	-1	-1
69	388	444	723	769	796	800	802	-1	-1	-1	-1	-1	-1	-1	-1	-1	-1	-1	-1	-1
271	653	740	750	762	765	769	784	788	925	-1	-1	-1	-1	-1	-1	-1	-1	-1	-1	-1
289	464	655	755	772	778	783	787	878	935	-1	-1	-1	-1	-1	-1	-1	-1	-1	-1	-1
543	765	774	789	801	802	851	916	978	996	-1	-1	-1	-1	-1	-1	-1	-1	-1	-1	-1
114	253	647	756	773	786	854	867	-1	-1	-1	-1	-1	-1	-1	-1	-1	-1	-1	-1	-1
106	158	185	190	513	543	764	765	778	781	790	889	-1	-1	-1	-1	-1	-1	-1	-1	-1
323	490	494	496	747	778	779	785	793	804	905	920	962	-1	-1	-1	-1	-1	-1	-1	-1
207	695	747	778	782	858	894	915	988	-1	-1	-1	-1	-1	-1	-1	-1	-1	-1	-1	-1
191	244	769	803	943	-1	-1	-1	-1	-1	-1	-1	-1	-1	-1	-1	-1	-1	-1	-1	-1
368	537	589	753	791	796	886	918	953	-1	-1	-1	-1	-1	-1	-1	-1	-1	-1	-1	-1
153	420	731	770	786	871	889	-1	-1	-1	-1	-1	-1	-1	-1	-1	-1	-1	-1	-1	-1
48	104	247	294	458	628	745	760	793	798	805	832	-1	-1	-1	-1	-1	-1	-1	-1	-1
58	67	112	388	746	828	905	946	987	-1	-1	-1	-1	-1	-1	-1	-1	-1	-1	-1	-1
70	404	517	620	648	757	776	778	801	855	887	910	-1	-1	-1	-1	-1	-1	-1	-1	-1
161	557	762	768	781	796	812	921	947	993	-1	-1	-1	-1	-1	-1	-1	-1	-1	-1	-1
48	202	259	300	684	744	755	771	784	788	-1	-1	-1	-1	-1	-1	-1	-1	-1	-1	-1
121	163	753	794	804	817	842	924	929	939	960	996	-1	-1	-1	-1	-1	-1	-1	-1	-1
9	244	387	753	754	776	804	830	844	863	902	906	926	945	965	-1	-1	-1	-1	-1	-1
62	108	377	550	756	760	773	776	783	790	799	-1	-1	-1	-1	-1	-1	-1	-1	-1	-1
701	757	761	780	789	816	879	958	-1	-1	-1	-1	-1	-1	-1	-1	-1	-1	-1	-1	-1
713	756	758	759	901	904	931	-1	-1	-1	-1	-1	-1	-1	-1	-1	-1	-1	-1	-1	-1
243	320	754	790	-1	-1	-1	-1	-1	-1	-1	-1	-1	-1	-1	-1	-1	-1	-1	-1	-1
295	328	751	772	784	808	821	866	905	910	976	-1	-1	-1	-1	-1	-1	-1	-1	-1	-1
96	771	800	885	891	912	946	983	-1	-1	-1	-1	-1	-1	-1	-1	-1	-1	-1	-1	-1
264	650	792	793	801	882	895	-1	-1	-1	-1	-1	-1	-1	-1	-1	-1	-1	-1	-1	-1
431	495	749	752	768	937	988	996	-1	-1	-1	-1	-1	-1	-1	-1	-1	-1	-1	-1	-1
263	368	431	667	750	773	827	833	900	935	-1	-1	-1	-1	-1	-1	-1	-1	-1	-1	-1
406	835	864	-1	-1	-1	-1	-1	-1	-1	-1	-1	-1	-1	-1	-1	-1	-1	-1	-1	-1
782	813	832	835	841	856	962	976	-1	-1	-1	-1	-1	-1	-1	-1	-1	-1	-1	-1	-1
326	403	514	791	824	838	905	-1	-1	-1	-1	-1	-1	-1	-1	-1	-1	-1	-1	-1	-1
20	65	617	804	822	824	827	830	850	859	880	908	909	-1	-1	-1	-1	-1	-1	-1	-1
617	758	810	844	855	-1	-1	-1	-1	-1	-1	-1	-1	-1	-1	-1	-1	-1	-1	-1	-1
104	238	255	348	416	537	764	837	864	976	993	-1	-1	-1	-1	-1	-1	-1	-1	-1	-1
136	540	554	766	811	820	853	856	863	871	-1	-1	-1	-1	-1	-1	-1	-1	-1	-1	-1
174	389	721	783	816	828	830	832	905	909	990	-1	-1	-1	-1	-1	-1	-1	-1	-1	-1
240	359	814	835	838	860	866	965	-1	-1	-1	-1	-1	-1	-1	-1	-1	-1	-1	-1	-1
781	807	863	-1	-1	-1	-1	-1	-1	-1	-1	-1	-1	-1	-1	-1	-1	-1	-1	-1	-1
159	367	790	808	811	818	826	850	852	919	926	-1	-1	-1	-1	-1	-1	-1	-1	-1	-1
36	247	513	737	861	-1	-1	-1	-1	-1	-1	-1	-1	-1	-1	-1	-1	-1	-1	-1	-1
90	104	447	544	752	810	836	856	-1	-1	-1	-1	-1	-1	-1	-1	-1	-1	-1	-1	-1
150	302	415	605	818	834	841	846	850	861	871	888	-1	-1	-1	-1	-1	-1	-1	-1	-1
60	756	841	845	851	882	897	997	-1	-1	-1	-1	-1	-1	-1	-1	-1	-1	-1	-1	-1
278	404	536	593	810	836	852	853	991	-1	-1	-1	-1	-1	-1	-1	-1	-1	-1	-1	-1
365	696	737	810	812	829	844	854	858	883	998	-1	-1	-1	-1	-1	-1	-1	-1	-1	-1
11	787	835	845	850	862	888	953	987	-1	-1	-1	-1	-1	-1	-1	-1	-1	-1	-1	-1
55	123	226	241	410	835	845	893	998	999	-1	-1	-1	-1	-1	-1	-1	-1	-1	-1	-1
150	769	790	816	821	839	840	844	851	860	-1	-1	-1	-1	-1	-1	-1	-1	-1	-1	-1
156	320	760	789	829	851	874	894	-1	-1	-1	-1	-1	-1	-1	-1	-1	-1	-1	-1	-1
157	576	757	776	783	790	798	808	847	921	-1	-1	-1	-1	-1	-1	-1	-1	-1	-1	-1
206	374	558	679	716	807	859	964	965	-1	-1	-1	-1	-1	-1	-1	-1	-1	-1	-1	-1
100	264	719	806	823	839	842	853	871	917	933	972	979	991	-1	-1	-1	-1	-1	-1	-1
149	209	210	622	797	838	849	857	863	864	-1	-1	-1	-1	-1	-1	-1	-1	-1	-1	-1
423	823	828	849	865	-1	-1	-1	-1	-1	-1	-1	-1	-1	-1	-1	-1	-1	-1	-1	-1
264	690	801	832	846	932	998	-1	-1	-1	-1	-1	-1	-1	-1	-1	-1	-1	-1	-1	-1
389	440	479	487	771	968	-1	-1	-1	-1	-1	-1	-1	-1	-1	-1	-1	-1	-1	-1	-1
82	185	396	800	837	843	863	867	985	997	-1	-1	-1	-1	-1	-1	-1	-1	-1	-1	-1
55	365	743	751	760	771	777	840	906	-1	-1	-1	-1	-1	-1	-1	-1	-1	-1	-1	-1
130	270	665	706	759	791	829	842	934	943	974	976	996	-1	-1	-1	-1	-1	-1	-1	-1
7	212	306	786	802	818	848	906	920	960	-1	-1	-1	-1	-1	-1	-1	-1	-1	-1	-1
201	416	508	512	760	777	787	804	808	841	855	859	860	866	940	968	-1	-1	-1	-1	-1
40	421	685	765	824	830	844	904	924	-1	-1	-1	-1	-1	-1	-1	-1	-1	-1	-1	-1
221	283	303	345	815	838	859	-1	-1	-1	-1	-1	-1	-1	-1	-1	-1	-1	-1	-1	-1
243	258	288	508	750	848	853	943	-1	-1	-1	-1	-1	-1	-1	-1	-1	-1	-1	-1	-1
192	464	496	661	702	712	798	804	823	835	840	854	905	-1	-1	-1	-1	-1	-1	-1	-1
52	134	179	399	489	776	811	865	919	-1	-1	-1	-1	-1	-1	-1	-1	-1	-1	-1	-1
59	468	495	766	773	781	823	832	909	991	-1	-1	-1	-1	-1	-1	-1	-1	-1	-1	-1
430	486	740	800	815	825	839	868	881	892	902	-1	-1	-1	-1	-1	-1	-1	-1	-1	-1
37	222	488	774	778	809	824	833	840	845	849	980	997	-1	-1	-1	-1	-1	-1	-1	-1
48	360	491	753	793	833	835	854	859	931	953	-1	-1	-1	-1	-1	-1	-1	-1	-1	-1
9	642	660	806	810	848	850	865	963	-1	-1	-1	-1	-1	-1	-1	-1	-1	-1	-1	-1
106	322	434	731	757	820	845	853	856	921	923	927	999	-1	-1	-1	-1	-1	-1	-1	-1
256	290	325	456	589	682	782	828	847	860	862	865	914	-1	-1	-1	-1	-1	-1	-1	-1
16	200	421	423	453	770	794	833	851	853	860	935	972	-1	-1	-1	-1	-1	-1	-1	-1
191	425	484	793	819	823	838	842	874	880	981	-1	-1	-1	-1	-1	-1	-1	-1	-1	-1
123	339	364	422	801	836	981	-1	-1	-1	-1	-1	-1	-1	-1	-1	-1	-1	-1	-1	-1
347	512	759	780	831	853	856	912	935	948	-1	-1	-1	-1	-1	-1	-1	-1	-1	-1	-1
211	353	408	836	837	866	886	930	941	-1	-1	-1	-1	-1	-1	-1	-1	-1	-1	-1	-1
189	675	793	802	813	817	818	841	922	980	-1	-1	-1	-1	-1	-1	-1	-1	-1	-1	-1
21	247	822	835	854	862	864	870	989	-1	-1	-1	-1	-1	-1	-1	-1	-1	-1	-1	-1
245	369	434	754	808	857	948	-1	-1	-1	-1	-1	-1	-1	-1	-1	-1	-1	-1	-1	-1
224	314	803	818	819	861	884	991	-1	-1	-1	-1	-1	-1	-1	-1	-1	-1	-1	-1	-1
38	471	544	658	775	793	829	834	886	978	-1	-1	-1	-1	-1	-1	-1	-1	-1	-1	-1
183	655	815	832	842	971	-1	-1	-1	-1	-1	-1	-1	-1	-1	-1	-1	-1	-1	-1	-1
106	248	367	700	776	808	809	817	822	832	834	837	845	851	858	865	889	918	-1	-1	-1
137	193	353	361	399	476	531	807	812	840	847	969	-1	-1	-1	-1	-1	-1	-1	-1	-1
815	851	978	985	-1	-1	-1	-1	-1	-1	-1	-1	-1	-1	-1	-1	-1	-1	-1	-1	-1
478	609	737	763	809	823	827	846	853	856	858	860	877	910	930	-1	-1	-1	-1	-1	-1
100	471	765	820	830	836	-1	-1	-1	-1	-1	-1	-1	-1	-1	-1	-1	-1	-1	-1	-1
197	905	914	921	927	935	975	-1	-1	-1	-1	-1	-1	-1	-1	-1	-1	-1	-1	-1	-1
166	621	840	866	873	881	882	910	912	914	919	956	-1	-1	-1	-1	-1	-1	-1	-1	-1
190	365	558	806	816	866	868	872	875	885	898	904	906	929	942	954	-1	-1	-1	-1	-1
95	161	179	191	554	561	689	829	903	980	-1	-1	-1	-1	-1	-1	-1	-1	-1	-1	-1
130	683	756	776	778	875	886	888	889	894	-1	-1	-1	-1	-1	-1	-1	-1	-1	-1	-1
108	543	552	607	800	874	875	887	917	938	973	-1	-1	-1	-1	-1	-1	-1	-1	-1	-1
84	150	462	746	802	845	878	881	902	916	946	-1	-1	-1	-1	-1	-1	-1	-1	-1	-1
435	819	840	857	895	913	920	972	979	983	991	-1	-1	-1	-1	-1	-1	-1	-1	-1	-1
385	672	781	862	870	900	959	-1	-1	-1	-1	-1	-1	-1	-1	-1	-1	-1	-1	-1	-1
400	481	642	767	891	893	898	899	933	962	-1	-1	-1	-1	-1	-1	-1	-1	-1	-1	-1
803	884	886	895	898	899	904	920	992	-1	-1	-1	-1	-1	-1	-1	-1	-1	-1	-1	-1
3	260	439	475	579	756	815	865	871	878	888	913	967	996	-1	-1	-1	-1	-1	-1	-1
219	283	413	444	448	660	775	797	802	878	900	913	920	921	923	925	958	-1	-1	-1	-1
300	442	480	748	770	872	902	912	984	-1	-1	-1	-1	-1	-1	-1	-1	-1	-1	-1	-1
21	139	338	426	565	720	787	799	806	853	871	876	878	945	-1	-1	-1	-1	-1	-1	-1
241	608	815	868	892	918	993	998	-1	-1	-1	-1	-1	-1	-1	-1	-1	-1	-1	-1	-1
52	452	538	597	812	829	847	849	891	899	-1	-1	-1	-1	-1	-1	-1	-1	-1	-1	-1
114	663	793	846	895	896	920	934	954	-1	-1	-1	-1	-1	-1	-1	-1	-1	-1	-1	-1
184	241	327	605	851	857	870	872	891	897	906	918	923	930	-1	-1	-1	-1	-1	-1	-1
106	658	682	754	799	800	822	868	886	892	967	-1	-1	-1	-1	-1	-1	-1	-1	-1	-1
169	277	312	505	632	732	750	871	875	876	896	909	920	922	928	-1	-1	-1	-1	-1	-1
245	802	843	879	888	929	994	-1	-1	-1	-1	-1	-1	-1	-1	-1	-1	-1	-1	-1	-1
228	252	257	485	719	743	792	818	884	915	920	-1	-1	-1	-1	-1	-1	-1	-1	-1	-1
40	126	201	277	881	899	912	916	-1	-1	-1	-1	-1	-1	-1	-1	-1	-1	-1	-1	-1
610	639	760	772	788	823	869	884	887	911	-1	-1	-1	-1	-1	-1	-1	-1	-1	-1	-1
234	497	665	753	755	768	847	914	926	928	951	957	959	-1	-1	-1	-1	-1	-1	-1	-1
46	294	349	651	752	786	795	843	861	884	897	898	907	-1	-1	-1	-1	-1	-1	-1	-1
114	134	641	772	828	896	905	907	918	922	-1	-1	-1	-1	-1	-1	-1	-1	-1	-1	-1
321	377	697	698	762	779	871	878	886	905	916	918	920	-1	-1	-1	-1	-1	-1	-1	-1
143	320	605	789	852	866	878	885	888	902	945	-1	-1	-1	-1	-1	-1	-1	-1	-1	-1
214	298	356	402	558	751	778	808	889	917	927	928	941	996	-1	-1	-1	-1	-1	-1	-1
884	888	898	901	907	910	913	916	956	-1	-1	-1	-1	-1	-1	-1	-1	-1	-1	-1	-1
96	221	289	398	563	684	792	873	884	895	910	913	929	-1	-1	-1	-1	-1	-1	-1	-1
57	130	856	871	885	890	892	897	898	902	921	928	997	-1	-1	-1	-1	-1	-1	-1	-1
505	507	519	571	808	860	878	915	-1	-1	-1	-1	-1	-1	-1	-1	-1	-1	-1	-1	-1
146	242	772	869	905	909	915	921	924	998	-1	-1	-1	-1	-1	-1	-1	-1	-1	-1	-1
77	519	795	847	875	896	899	906	-1	-1	-1	-1	-1	-1	-1	-1	-1	-1	-1	-1	-1
140	206	337	384	806	818	872	907	-1	-1	-1	-1	-1	-1	-1	-1	-1	-1	-1	-1	-1
97	160	447	507	544	786	816	871	873	910	926	939	941	961	994	-1	-1	-1	-1	-1	-1
177	205	295	625	894	924	951	991	-1	-1	-1	-1	-1	-1	-1	-1	-1	-1	-1	-1	-1
3	418	791	861	887	889	902	920	927	988	-1	-1	-1	-1	-1	-1	-1	-1	-1	-1	-1
598	778	832	876	884	904	-1	-1	-1	-1	-1	-1	-1	-1	-1	-1	-1	-1	-1	-1	-1
114	809	826	871	888	902	-1	-1	-1	-1	-1	-1	-1	-1	-1	-1	-1	-1	-1	-1	-1
62	114	287	815	874	878	914	918	923	957	973	978	-1	-1	-1	-1	-1	-1	-1	-1	-1
475	755	756	871	895	924	976	-1	-1	-1	-1	-1	-1	-1	-1	-1	-1	-1	-1	-1	-1
273	338	601	734	782	783	787	879	881	882	897	912	923	941	953	-1	-1	-1	-1	-1	-1
205	301	422	843	882	891	893	898	901	921	-1	-1	-1	-1	-1	-1	-1	-1	-1	-1	-1
230	648	793	872	895	909	-1	-1	-1	-1	-1	-1	-1	-1	-1	-1	-1	-1	-1	-1	-1
462	724	770	785	847	904	906	909	910	911	971	-1	-1	-1	-1	-1	-1	-1	-1	-1	-1
348	480	709	715	729	759	836	870	911	927	-1	-1	-1	-1	-1	-1	-1	-1	-1	-1	-1
571	-1	-1	-1	-1	-1	-1	-1	-1	-1	-1	-1	-1	-1	-1	-1	-1	-1	-1	-1	-1
153	283	752	783	873	886	912	922	928	952	-1	-1	-1	-1	-1	-1	-1	-1	-1	-1	-1
48	330	869	890	903	905	916	921	991	-1	-1	-1	-1	-1	-1	-1	-1	-1	-1	-1	-1
48	493	523	869	870	904	949	960	-1	-1	-1	-1	-1	-1	-1	-1	-1	-1	-1	-1	-1
3	550	776	786	808	862	882	886	902	903	919	920	964	-1	-1	-1	-1	-1	-1	-1	-1
3	187	272	480	859	880	887	901	926	932	969	996	-1	-1	-1	-1	-1	-1	-1	-1	-1
166	264	625	629	807	899	921	928	931	-1	-1	-1	-1	-1	-1	-1	-1	-1	-1	-1	-1
122	247	402	656	767	780	884	888	916	917	924	-1	-1	-1	-1	-1	-1	-1	-1	-1	-1
119	184	389	650	756	868	886	887	907	943	974	-1	-1	-1	-1	-1	-1	-1	-1	-1	-1
24	108	345	886	903	915	916	-1	-1	-1	-1	-1	-1	-1	-1	-1	-1	-1	-1	-1	-1
267	428	813	865	885	886	910	913	997	-1	-1	-1	-1	-1	-1	-1	-1	-1	-1	-1	-1
573	587	782	784	787	788	874	884	887	889	975	980	988	-1	-1	-1	-1	-1	-1	-1	-1
25	373	434	471	787	830	918	921	931	940	943	-1	-1	-1	-1	-1	-1	-1	-1	-1	-1
224	268	286	497	539	588	808	900	914	919	940	-1	-1	-1	-1	-1	-1	-1	-1	-1	-1
8	399	432	755	951	979	990	-1	-1	-1	-1	-1	-1	-1	-1	-1	-1	-1	-1	-1	-1
431	762	839	865	945	948	963	970	-1	-1	-1	-1	-1	-1	-1	-1	-1	-1	-1	-1	-1
352	757	866	937	944	947	958	971	-1	-1	-1	-1	-1	-1	-1	-1	-1	-1	-1	-1	-1
64	561	749	862	957	963	988	991	-1	-1	-1	-1	-1	-1	-1	-1	-1	-1	-1	-1	-1
26	83	92	453	948	970	973	-1	-1	-1	-1	-1	-1	-1	-1	-1	-1	-1	-1	-1	-1
178	191	776	823	915	940	943	-1	-1	-1	-1	-1	-1	-1	-1	-1	-1	-1	-1	-1	-1
728	759	774	837	950	961	-1	-1	-1	-1	-1	-1	-1	-1	-1	-1	-1	-1	-1	-1	-1
267	387	534	752	758	763	818	824	923	949	960	984	-1	-1	-1	-1	-1	-1	-1	-1	-1
313	486	590	660	776	903	937	980	989	-1	-1	-1	-1	-1	-1	-1	-1	-1	-1	-1	-1
14	88	116	138	299	767	933	939	967	989	993	-1	-1	-1	-1	-1	-1	-1	-1	-1	-1
58	618	792	794	920	934	943	944	949	962	-1	-1	-1	-1	-1	-1	-1	-1	-1	-1	-1
30	145	201	245	502	548	691	852	939	953	-1	-1	-1	-1	-1	-1	-1	-1	-1	-1	-1
194	336	442	625	639	703	755	849	976	980	-1	-1	-1	-1	-1	-1	-1	-1	-1	-1	-1
9	39	326	819	839	867	876	922	935	959	979	987	-1	-1	-1	-1	-1	-1	-1	-1	-1
16	219	345	496	653	840	923	942	-1	-1	-1	-1	-1	-1	-1	-1	-1	-1	-1	-1	-1
11	454	661	812	866	917	941	943	946	977	980	-1	-1	-1	-1	-1	-1	-1	-1	-1	-1
160	369	447	776	809	847	851	878	907	934	989	-1	-1	-1	-1	-1	-1	-1	-1	-1	-1
441	815	889	953	981	-1	-1	-1	-1	-1	-1	-1	-1	-1	-1	-1	-1	-1	-1	-1	-1
192	509	577	670	744	789	821	904	939	940	942	954	967	998	-1	-1	-1	-1	-1	-1	-1
240	268	503	556	622	786	848	867	934	946	959	968	969	971	977	979	-1	-1	-1	-1	-1
760	761	787	812	919	944	957	979	989	-1	-1	-1	-1	-1	-1	-1	-1	-1	-1	-1	-1
206	295	681	773	797	951	961	967	975	976	990	-1	-1	-1	-1	-1	-1	-1	-1	-1	-1
77	163	445	644	686	819	837	876	960	979	981	999	-1	-1	-1	-1	-1	-1	-1	-1	-1
45	93	257	472	687	703	931	962	967	-1	-1	-1	-1	-1	-1	-1	-1	-1	-1	-1	-1
451	588	606	726	821	835	932	934	979	-1	-1	-1	-1	-1	-1	-1	-1	-1	-1	-1	-1
129	419	439	946	949	975	976	988	994	-1	-1	-1	-1	-1	-1	-1	-1	-1	-1	-1	-1
586	680	754	813	871	932	934	954	956	991	993	-1	-1	-1	-1	-1	-1	-1	-1	-1	-1
864	883	894	908	935	-1	-1	-1	-1	-1	-1	-1	-1	-1	-1	-1	-1	-1	-1	-1	-1
308	497	561	820	855	889	935	939	940	962	966	970	985	-1	-1	-1	-1	-1	-1	-1	-1
438	446	673	714	809	850	900	947	962	966	986	-1	-1	-1	-1	-1	-1	-1	-1	-1	-1
265	669	867	931	936	959	960	988	-1	-1	-1	-1	-1	-1	-1	-1	-1	-1	-1	-1	-1
159	635	761	944	953	955	984	-1	-1	-1	-1	-1	-1	-1	-1	-1	-1	-1	-1	-1	-1
28	256	280	447	560	792	896	909	929	935	936	949	977	983	992	-1	-1	-1	-1	-1	-1
76	603	627	762	819	839	867	939	944	946	986	988	-1	-1	-1	-1	-1	-1	-1	-1	-1
440	546	771	842	883	914	917	939	949	959	974	986	991	-1	-1	-1	-1	-1	-1	-1	-1
271	344	375	778	829	889	950	986	-1	-1	-1	-1	-1	-1	-1	-1	-1	-1	-1	-1	-1
405	511	641	645	834	884	897	899	906	953	962	972	980	995	-1	-1	-1	-1	-1	-1	-1
306	422	479	752	760	783	907	908	942	956	960	-1	-1	-1	-1	-1	-1	-1	-1	-1	-1
3	107	199	751	770	839	843	930	971	-1	-1	-1	-1	-1	-1	-1	-1	-1	-1	-1	-1
7	13	497	834	872	940	952	987	-1	-1	-1	-1	-1	-1	-1	-1	-1	-1	-1	-1	-1
210	285	684	767	769	923	929	969	-1	-1	-1	-1	-1	-1	-1	-1	-1	-1	-1	-1	-1
355	477	520	781	836	854	941	943	952	969	974	976	986	-1	-1	-1	-1	-1	-1	-1	-1
154	315	334	526	618	728	797	831	880	-1	-1	-1	-1	-1	-1	-1	-1	-1	-1	-1	-1
270	694	705	916	935	941	959	-1	-1	-1	-1	-1	-1	-1	-1	-1	-1	-1	-1	-1	-1
265	666	670	758	789	855	955	969	984	987	989	-1	-1	-1	-1	-1	-1	-1	-1	-1	-1
31	407	431	617	624	679	688	708	862	878	915	935	953	-1	-1	-1	-1	-1	-1	-1	-1
237	423	854	874	933	-1	-1	-1	-1	-1	-1	-1	-1	-1	-1	-1	-1	-1	-1	-1	-1
214	432	460	481	660	671	798	850	886	932	948	952	957	977	982	989	-1	-1	-1	-1	-1
764	790	936	944	950	954	960	966	969	-1	-1	-1	-1	-1	-1	-1	-1	-1	-1	-1	-1
42	442	518	552	822	866	948	957	964	-1	-1	-1	-1	-1	-1	-1	-1	-1	-1	-1	-1
106	246	420	428	858	911	936	939	990	-1	-1	-1	-1	-1	-1	-1	-1	-1	-1	-1	-1
40	62	504	668	786	829	833	972	979	-1	-1	-1	-1	-1	-1	-1	-1	-1	-1	-1	-1
221	579	783	790	908	931	961	962	977	983	989	990	-1	-1	-1	-1	-1	-1	-1	-1	-1
71	501	505	544	611	937	955	959	962	970	978	984	-1	-1	-1	-1	-1	-1	-1	-1	-1
88	301	409	880	927	930	932	946	959	969	974	987	-1	-1	-1	-1	-1	-1	-1	-1	-1
4	111	167	193	617	704	727	785	842	945	957	970	-1	-1	-1	-1	-1	-1	-1	-1	-1
437	682	830	927	947	979	991	994	-1	-1	-1	-1	-1	-1	-1	-1	-1	-1	-1	-1	-1
7	170	386	737	765	936	942	952	957	995	-1	-1	-1	-1	-1	-1	-1	-1	-1	-1	-1
333	739	938	939	949	951	978	-1	-1	-1	-1	-1	-1	-1	-1	-1	-1	-1	-1	-1	-1
197	284	437	455	649	798	812	897	922	932	942	972	-1	-1	-1	-1	-1	-1	-1	-1	-1
199	208	319	342	572	710	744	817	860	887	946	978	998	-1	-1	-1	-1	-1	-1	-1	-1
491	514	790	791	850	852	855	878	-1	-1	-1	-1	-1	-1	-1	-1	-1	-1	-1	-1	-1
258	326	560	936	950	-1	-1	-1	-1	-1	-1	-1	-1	-1	-1	-1	-1	-1	-1	-1	-1
270	276	731	750	768	914	920	960	967	988	-1	-1	-1	-1	-1	-1	-1	-1	-1	-1	-1
35	180	582	586	645	868	887	942	957	-1	-1	-1	-1	-1	-1	-1	-1	-1	-1	-1	-1
105	255	544	588	752	804	822	847	891	897	966	971	-1	-1	-1	-1	-1	-1	-1	-1	-1
378	693	719	811	813	843	851	942	961	997	-1	-1	-1	-1	-1	-1	-1	-1	-1	-1	-1
158	707	848	849	899	967	-1	-1	-1	-1	-1	-1	-1	-1	-1	-1	-1	-1	-1	-1	-1
#0.10062445999010611