5	7	9	92	248	487	559	903	964	-1	-1	-1	-1	-1	-1	-1	-1	-1	-1	-1	-1
8	54	133	154	175	830	-1	-1	-1	-1	-1	-1	-1	-1	-1	-1	-1	-1	-1	-1	-1
12	18	20	22	52	61	167	178	232	237	747	875	916	-1	-1	-1	-1	-1	-1	-1	-1
26	36	40	50	185	223	925	-1	-1	-1	-1	-1	-1	-1	-1	-1	-1	-1	-1	-1	-1
26	28	98	146	152	157	163	668	683	-1	-1	-1	-1	-1	-1	-1	-1	-1	-1	-1	-1
17	20	33	34	39	40	46	59	81	117	128	218	288	311	453	462	524	-1	-1	-1	-1
27	53	286	368	-1	-1	-1	-1	-1	-1	-1	-1	-1	-1	-1	-1	-1	-1	-1	-1	-1
0	16	38	70	88	121	160	344	468	520	561	738	874	-1	-1	-1	-1	-1	-1	-1	-1
7	22	59	248	537	729	823	-1	-1	-1	-1	-1	-1	-1	-1	-1	-1	-1	-1	-1	-1
5	23	27	146	154	198	331	418	-1	-1	-1	-1	-1	-1	-1	-1	-1	-1	-1	-1	-1
7	13	30	211	356	651	678	815	971	-1	-1	-1	-1	-1	-1	-1	-1	-1	-1	-1	-1
0	4	25	53	147	150	190	225	593	767	947	-1	-1	-1	-1	-1	-1	-1	-1	-1	-1
30	95	132	227	467	635	849	-1	-1	-1	-1	-1	-1	-1	-1	-1	-1	-1	-1	-1	-1
1	11	17	19	49	79	179	202	415	524	823	884	-1	-1	-1	-1	-1	-1	-1	-1	-1
26	90	107	160	186	193	367	-1	-1	-1	-1	-1	-1	-1	-1	-1	-1	-1	-1	-1	-1
12	53	116	159	325	353	491	521	-1	-1	-1	-1	-1	-1	-1	-1	-1	-1	-1	-1	-1
8	10	121	159	217	685	994	-1	-1	-1	-1	-1	-1	-1	-1	-1	-1	-1	-1	-1	-1
25	35	49	51	147	168	206	232	275	723	900	-1	-1	-1	-1	-1	-1	-1	-1	-1	-1
0	27	33	39	42	53	60	164	447	490	696	-1	-1	-1	-1	-1	-1	-1	-1	-1	-1
11	20	54	137	149	176	247	328	641	939	-1	-1	-1	-1	-1	-1	-1	-1	-1	-1	-1
23	49	59	194	241	464	979	-1	-1	-1	-1	-1	-1	-1	-1	-1	-1	-1	-1	-1	-1
116	202	224	247	352	-1	-1	-1	-1	-1	-1	-1	-1	-1	-1	-1	-1	-1	-1	-1	-1
4	17	19	45	50	56	59	93	236	753	-1	-1	-1	-1	-1	-1	-1	-1	-1	-1	-1
26	38	40	82	136	193	239	282	341	722	723	789	971	-1	-1	-1	-1	-1	-1	-1	-1
13	19	32	58	319	768	-1	-1	-1	-1	-1	-1	-1	-1	-1	-1	-1	-1	-1	-1	-1
8	15	21	29	32	35	45	49	51	76	91	97	164	165	231	503	-1	-1	-1	-1	-1
8	35	50	164	168	190	543	560	-1	-1	-1	-1	-1	-1	-1	-1	-1	-1	-1	-1	-1
30	33	51	283	-1	-1	-1	-1	-1	-1	-1	-1	-1	-1	-1	-1	-1	-1	-1	-1	-1
6	23	56	66	641	730	-1	-1	-1	-1	-1	-1	-1	-1	-1	-1	-1	-1	-1	-1	-1
8	19	32	36	44	56	96	206	244	295	447	532	568	650	772	856	-1	-1	-1	-1	-1
20	29	41	44	57	149	217	883	-1	-1	-1	-1	-1	-1	-1	-1	-1	-1	-1	-1	-1
17	24	49	60	229	251	493	522	-1	-1	-1	-1	-1	-1	-1	-1	-1	-1	-1	-1	-1
17	23	44	56	57	91	153	246	575	610	664	917	-1	-1	-1	-1	-1	-1	-1	-1	-1
23	27	30	42	43	44	46	148	156	281	327	613	-1	-1	-1	-1	-1	-1	-1	-1	-1
7	10	16	18	27	43	58	88	101	178	266	440	507	900	-1	-1	-1	-1	-1	-1	-1
25	172	571	-1	-1	-1	-1	-1	-1	-1	-1	-1	-1	-1	-1	-1	-1	-1	-1	-1	-1
4	113	115	186	207	581	611	720	905	981	-1	-1	-1	-1	-1	-1	-1	-1	-1	-1	-1
30	34	89	162	220	475	478	564	694	766	922	-1	-1	-1	-1	-1	-1	-1	-1	-1	-1
35	91	201	210	338	-1	-1	-1	-1	-1	-1	-1	-1	-1	-1	-1	-1	-1	-1	-1	-1
12	16	49	213	440	503	728	-1	-1	-1	-1	-1	-1	-1	-1	-1	-1	-1	-1	-1	-1
6	33	125	141	428	572	-1	-1	-1	-1	-1	-1	-1	-1	-1	-1	-1	-1	-1	-1	-1
11	25	32	51	174	179	218	224	453	656	-1	-1	-1	-1	-1	-1	-1	-1	-1	-1	-1
0	13	17	33	60	80	176	185	217	266	357	705	878	-1	-1	-1	-1	-1	-1	-1	-1
3	14	25	48	50	70	72	207	233	236	539	824	889	-1	-1	-1	-1	-1	-1	-1	-1
7	20	56	88	276	609	782	803	989	-1	-1	-1	-1	-1	-1	-1	-1	-1	-1	-1	-1
4	20	24	35	42	50	57	63	103	104	213	257	381	511	559	717	867	881	-1	-1	-1
4	23	38	42	44	157	179	242	287	967	-1	-1	-1	-1	-1	-1	-1	-1	-1	-1	-1
17	20	38	43	44	45	46	53	652	984	-1	-1	-1	-1	-1	-1	-1	-1	-1	-1	-1
6	33	38	56	59	72	142	146	163	173	189	206	221	241	412	449	659	705	709	-1	-1
238	244	289	383	462	512	824	-1	-1	-1	-1	-1	-1	-1	-1	-1	-1	-1	-1	-1	-1
174	537	-1	-1	-1	-1	-1	-1	-1	-1	-1	-1	-1	-1	-1	-1	-1	-1	-1	-1	-1
13	22	102	215	-1	-1	-1	-1	-1	-1	-1	-1	-1	-1	-1	-1	-1	-1	-1	-1	-1
8	12	31	32	119	136	471	927	948	-1	-1	-1	-1	-1	-1	-1	-1	-1	-1	-1	-1
11	20	52	124	170	206	525	620	841	843	-1	-1	-1	-1	-1	-1	-1	-1	-1	-1	-1
11	104	158	159	230	915	-1	-1	-1	-1	-1	-1	-1	-1	-1	-1	-1	-1	-1	-1	-1
17	148	223	229	607	650	689	-1	-1	-1	-1	-1	-1	-1	-1	-1	-1	-1	-1	-1	-1
0	31	57	58	145	188	190	207	470	543	612	790	818	-1	-1	-1	-1	-1	-1	-1	-1
6	7	8	32	34	51	58	78	181	317	629	751	-1	-1	-1	-1	-1	-1	-1	-1	-1
2	36	41	46	53	181	283	762	-1	-1	-1	-1	-1	-1	-1	-1	-1	-1	-1	-1	-1
17	18	28	50	125	127	173	185	897	-1	-1	-1	-1	-1	-1	-1	-1	-1	-1	-1	-1
2	6	27	29	30	31	45	57	179	216	233	273	293	680	-1	-1	-1	-1	-1	-1	-1
2	4	29	33	45	117	128	154	156	168	280	476	522	663	827	-1	-1	-1	-1	-1	-1
1	16	30	53	63	112	115	116	120	211	455	715	733	991	-1	-1	-1	-1	-1	-1	-1
80	108	126	179	182	195	217	372	448	-1	-1	-1	-1	-1	-1	-1	-1	-1	-1	-1	-1
75	83	116	147	357	510	520	716	-1	-1	-1	-1	-1	-1	-1	-1	-1	-1	-1	-1	-1
46	55	70	103	119	172	178	244	442	626	973	-1	-1	-1	-1	-1	-1	-1	-1	-1	-1
65	117	158	237	505	623	704	-1	-1	-1	-1	-1	-1	-1	-1	-1	-1	-1	-1	-1	-1
72	73	94	103	121	462	-1	-1	-1	-1	-1	-1	-1	-1	-1	-1	-1	-1	-1	-1	-1
1	29	66	70	80	88	136	142	185	259	392	556	603	659	662	879	-1	-1	-1	-1	-1
77	87	96	97	98	110	122	164	197	219	311	371	505	614	660	690	887	-1	-1	-1	-1
58	71	89	122	123	160	169	852	-1	-1	-1	-1	-1	-1	-1	-1	-1	-1	-1	-1	-1
53	82	107	113	-1	-1	-1	-1	-1	-1	-1	-1	-1	-1	-1	-1	-1	-1	-1	-1	-1
66	75	87	90	101	114	116	147	476	495	766	856	-1	-1	-1	-1	-1	-1	-1	-1	-1
49	50	65	70	72	78	79	112	118	129	231	415	539	552	849	-1	-1	-1	-1	-1	-1
23	63	71	79	103	110	115	132	178	202	226	463	580	834	-1	-1	-1	-1	-1	-1	-1
38	44	64	76	86	93	94	112	113	117	188	361	458	840	929	-1	-1	-1	-1	-1	-1
69	116	119	155	179	445	804	815	830	-1	-1	-1	-1	-1	-1	-1	-1	-1	-1	-1	-1
33	203	619	816	-1	-1	-1	-1	-1	-1	-1	-1	-1	-1	-1	-1	-1	-1	-1	-1	-1
104	118	119	213	230	398	-1	-1	-1	-1	-1	-1	-1	-1	-1	-1	-1	-1	-1	-1	-1
114	136	312	-1	-1	-1	-1	-1	-1	-1	-1	-1	-1	-1	-1	-1	-1	-1	-1	-1	-1
0	27	64	67	68	72	93	94	106	173	180	199	443	-1	-1	-1	-1	-1	-1	-1	-1
46	56	120	125	126	165	188	202	228	242	244	288	607	681	765	-1	-1	-1	-1	-1	-1
5	7	65	70	113	115	118	128	157	255	650	790	-1	-1	-1	-1	-1	-1	-1	-1	-1
32	55	77	179	338	496	851	914	-1	-1	-1	-1	-1	-1	-1	-1	-1	-1	-1	-1	-1
43	75	119	124	130	209	348	747	-1	-1	-1	-1	-1	-1	-1	-1	-1	-1	-1	-1	-1
0	70	86	118	123	658	746	-1	-1	-1	-1	-1	-1	-1	-1	-1	-1	-1	-1	-1	-1
18	74	75	79	80	251	315	338	457	475	498	-1	-1	-1	-1	-1	-1	-1	-1	-1	-1
63	65	90	113	168	187	247	617	676	704	794	-1	-1	-1	-1	-1	-1	-1	-1	-1	-1
31	122	141	379	506	930	-1	-1	-1	-1	-1	-1	-1	-1	-1	-1	-1	-1	-1	-1	-1
9	61	110	111	154	160	197	220	224	561	700	-1	-1	-1	-1	-1	-1	-1	-1	-1	-1
48	68	81	93	105	-1	-1	-1	-1	-1	-1	-1	-1	-1	-1	-1	-1	-1	-1	-1	-1
82	100	113	166	167	172	191	214	226	243	248	388	585	-1	-1	-1	-1	-1	-1	-1	-1
11	19	39	64	105	123	151	457	993	-1	-1	-1	-1	-1	-1	-1	-1	-1	-1	-1	-1
61	84	92	112	126	129	176	200	233	360	-1	-1	-1	-1	-1	-1	-1	-1	-1	-1	-1
69	82	182	213	328	705	762	804	915	-1	-1	-1	-1	-1	-1	-1	-1	-1	-1	-1	-1
63	94	100	104	106	114	121	129	341	489	492	650	669	-1	-1	-1	-1	-1	-1	-1	-1
30	57	72	110	682	731	-1	-1	-1	-1	-1	-1	-1	-1	-1	-1	-1	-1	-1	-1	-1
26	72	98	100	101	113	122	189	769	901	-1	-1	-1	-1	-1	-1	-1	-1	-1	-1	-1
39	72	84	87	103	108	159	249	333	516	683	755	956	-1	-1	-1	-1	-1	-1	-1	-1
83	121	943	980	-1	-1	-1	-1	-1	-1	-1	-1	-1	-1	-1	-1	-1	-1	-1	-1	-1
18	81	156	159	253	344	607	-1	-1	-1	-1	-1	-1	-1	-1	-1	-1	-1	-1	-1	-1
78	89	93	97	117	207	607	861	928	-1	-1	-1	-1	-1	-1	-1	-1	-1	-1	-1	-1
6	30	92	94	95	115	170	557	708	755	-1	-1	-1	-1	-1	-1	-1	-1	-1	-1	-1
24	111	208	405	472	772	-1	-1	-1	-1	-1	-1	-1	-1	-1	-1	-1	-1	-1	-1	-1
4	10	98	115	120	229	459	484	934	-1	-1	-1	-1	-1	-1	-1	-1	-1	-1	-1	-1
56	79	95	120	188	348	630	716	943	-1	-1	-1	-1	-1	-1	-1	-1	-1	-1	-1	-1
108	113	186	706	-1	-1	-1	-1	-1	-1	-1	-1	-1	-1	-1	-1	-1	-1	-1	-1	-1
45	73	99	123	221	429	841	998	-1	-1	-1	-1	-1	-1	-1	-1	-1	-1	-1	-1	-1
31	66	72	86	180	219	349	-1	-1	-1	-1	-1	-1	-1	-1	-1	-1	-1	-1	-1	-1
29	69	79	87	104	154	158	642	881	-1	-1	-1	-1	-1	-1	-1	-1	-1	-1	-1	-1
60	68	81	96	227	248	578	651	838	927	-1	-1	-1	-1	-1	-1	-1	-1	-1	-1	-1
62	77	89	96	98	101	106	139	232	304	363	410	650	654	811	992	-1	-1	-1	-1	-1
33	62	103	115	144	232	249	252	386	423	752	-1	-1	-1	-1	-1	-1	-1	-1	-1	-1
25	47	67	84	87	193	-1	-1	-1	-1	-1	-1	-1	-1	-1	-1	-1	-1	-1	-1	-1
6	28	44	47	69	169	175	339	513	538	717	758	781	-1	-1	-1	-1	-1	-1	-1	-1
93	114	186	188	867	-1	-1	-1	-1	-1	-1	-1	-1	-1	-1	-1	-1	-1	-1	-1	-1
13	88	111	126	149	530	-1	-1	-1	-1	-1	-1	-1	-1	-1	-1	-1	-1	-1	-1	-1
40	43	52	95	100	109	114	244	265	369	809	-1	-1	-1	-1	-1	-1	-1	-1	-1	-1
71	80	107	394	405	718	919	953	-1	-1	-1	-1	-1	-1	-1	-1	-1	-1	-1	-1	-1
37	65	71	98	109	144	201	219	402	-1	-1	-1	-1	-1	-1	-1	-1	-1	-1	-1	-1
4	37	85	106	108	223	237	450	560	713	-1	-1	-1	-1	-1	-1	-1	-1	-1	-1	-1
23	40	59	64	83	102	103	111	145	151	168	185	247	390	511	-1	-1	-1	-1	-1	-1
86	108	167	192	390	686	906	-1	-1	-1	-1	-1	-1	-1	-1	-1	-1	-1	-1	-1	-1
60	65	71	79	82	89	113	150	152	432	914	-1	-1	-1	-1	-1	-1	-1	-1	-1	-1
99	114	116	119	139	163	230	237	396	410	496	811	847	973	-1	-1	-1	-1	-1	-1	-1
90	107	126	131	136	159	168	181	353	-1	-1	-1	-1	-1	-1	-1	-1	-1	-1	-1	-1
83	152	172	188	202	276	304	324	825	876	-1	-1	-1	-1	-1	-1	-1	-1	-1	-1	-1
22	156	165	172	195	202	439	868	905	977	-1	-1	-1	-1	-1	-1	-1	-1	-1	-1	-1
14	26	32	34	48	119	134	143	166	179	239	316	-1	-1	-1	-1	-1	-1	-1	-1	-1
29	81	111	135	188	208	301	-1	-1	-1	-1	-1	-1	-1	-1	-1	-1	-1	-1	-1	-1
72	105	122	159	165	166	167	178	188	-1	-1	-1	-1	-1	-1	-1	-1	-1	-1	-1	-1
27	107	134	143	149	220	277	785	799	-1	-1	-1	-1	-1	-1	-1	-1	-1	-1	-1	-1
77	96	122	142	152	154	166	806	-1	-1	-1	-1	-1	-1	-1	-1	-1	-1	-1	-1	-1
161	162	170	175	180	403	702	-1	-1	-1	-1	-1	-1	-1	-1	-1	-1	-1	-1	-1	-1
51	103	129	130	148	162	170	359	682	779	-1	-1	-1	-1	-1	-1	-1	-1	-1	-1	-1
32	52	59	125	145	154	167	181	503	951	-1	-1	-1	-1	-1	-1	-1	-1	-1	-1	-1
168	225	285	364	454	757	-1	-1	-1	-1	-1	-1	-1	-1	-1	-1	-1	-1	-1	-1	-1
59	66	102	122	132	140	178	233	476	525	642	645	721	961	-1	-1	-1	-1	-1	-1	-1
10	12	106	118	128	135	143	158	159	185	230	236	658	802	-1	-1	-1	-1	-1	-1	-1
17	96	189	315	565	599	630	911	-1	-1	-1	-1	-1	-1	-1	-1	-1	-1	-1	-1	-1
125	149	150	158	174	203	235	528	-1	-1	-1	-1	-1	-1	-1	-1	-1	-1	-1	-1	-1
25	30	82	146	210	211	330	860	996	-1	-1	-1	-1	-1	-1	-1	-1	-1	-1	-1	-1
28	161	392	-1	-1	-1	-1	-1	-1	-1	-1	-1	-1	-1	-1	-1	-1	-1	-1	-1	-1
150	153	184	212	479	536	917	992	-1	-1	-1	-1	-1	-1	-1	-1	-1	-1	-1	-1	-1
25	51	121	130	151	-1	-1	-1	-1	-1	-1	-1	-1	-1	-1	-1	-1	-1	-1	-1	-1
56	165	172	176	533	701	837	957	-1	-1	-1	-1	-1	-1	-1	-1	-1	-1	-1	-1	-1
21	38	124	127	151	163	849	-1	-1	-1	-1	-1	-1	-1	-1	-1	-1	-1	-1	-1	-1
0	49	101	153	154	161	234	359	463	635	874	986	-1	-1	-1	-1	-1	-1	-1	-1	-1
79	118	129	167	168	175	176	184	242	381	618	825	910	-1	-1	-1	-1	-1	-1	-1	-1
10	26	49	117	136	141	144	145	168	180	215	332	470	596	655	703	721	-1	-1	-1	-1
35	45	125	131	133	161	184	288	410	517	582	923	973	-1	-1	-1	-1	-1	-1	-1	-1
22	111	125	141	170	442	609	790	934	954	-1	-1	-1	-1	-1	-1	-1	-1	-1	-1	-1
50	124	149	160	169	175	183	187	220	291	567	955	-1	-1	-1	-1	-1	-1	-1	-1	-1
133	136	168	173	175	180	182	771	965	-1	-1	-1	-1	-1	-1	-1	-1	-1	-1	-1	-1
4	10	123	135	149	160	169	170	179	198	246	286	419	523	562	574	608	643	692	-1	-1
16	20	123	131	134	137	140	144	161	167	183	341	762	894	963	-1	-1	-1	-1	-1	-1
137	146	148	154	163	173	201	306	321	394	543	736	929	-1	-1	-1	-1	-1	-1	-1	-1
46	129	144	288	614	694	959	-1	-1	-1	-1	-1	-1	-1	-1	-1	-1	-1	-1	-1	-1
62	135	137	166	167	170	410	743	865	-1	-1	-1	-1	-1	-1	-1	-1	-1	-1	-1	-1
133	151	161	175	178	191	239	606	689	-1	-1	-1	-1	-1	-1	-1	-1	-1	-1	-1	-1
99	104	130	137	140	167	172	180	201	214	247	357	433	649	654	-1	-1	-1	-1	-1	-1
71	126	151	157	210	408	540	798	847	986	-1	-1	-1	-1	-1	-1	-1	-1	-1	-1	-1
27	41	89	128	134	135	194	413	740	930	-1	-1	-1	-1	-1	-1	-1	-1	-1	-1	-1
72	124	126	129	134	148	162	168	256	729	794	-1	-1	-1	-1	-1	-1	-1	-1	-1	-1
34	131	153	169	182	271	400	554	603	626	685	-1	-1	-1	-1	-1	-1	-1	-1	-1	-1
40	84	137	147	211	760	-1	-1	-1	-1	-1	-1	-1	-1	-1	-1	-1	-1	-1	-1	-1
52	62	63	75	127	165	176	429	445	918	936	946	-1	-1	-1	-1	-1	-1	-1	-1	-1
117	137	138	140	172	191	213	237	249	400	-1	-1	-1	-1	-1	-1	-1	-1	-1	-1	-1
99	139	140	142	143	159	307	311	469	-1	-1	-1	-1	-1	-1	-1	-1	-1	-1	-1	-1
1	62	89	100	139	160	220	406	669	732	772	897	972	-1	-1	-1	-1	-1	-1	-1	-1
136	155	171	273	558	603	613	-1	-1	-1	-1	-1	-1	-1	-1	-1	-1	-1	-1	-1	-1
49	112	139	226	445	837	-1	-1	-1	-1	-1	-1	-1	-1	-1	-1	-1	-1	-1	-1	-1
61	86	115	148	168	232	375	417	651	-1	-1	-1	-1	-1	-1	-1	-1	-1	-1	-1	-1
30	96	118	185	561	590	-1	-1	-1	-1	-1	-1	-1	-1	-1	-1	-1	-1	-1	-1	-1
103	126	152	176	177	261	433	-1	-1	-1	-1	-1	-1	-1	-1	-1	-1	-1	-1	-1	-1
17	43	60	133	143	160	244	703	718	-1	-1	-1	-1	-1	-1	-1	-1	-1	-1	-1	-1
32	59	67	145	146	157	160	163	188	221	641	936	-1	-1	-1	-1	-1	-1	-1	-1	-1
59	125	136	140	182	238	462	504	915	-1	-1	-1	-1	-1	-1	-1	-1	-1	-1	-1	-1
27	44	73	126	130	134	154	171	505	656	712	-1	-1	-1	-1	-1	-1	-1	-1	-1	-1
7	128	140	141	153	183	699	852	-1	-1	-1	-1	-1	-1	-1	-1	-1	-1	-1	-1	-1
25	57	58	94	126	132	136	153	154	188	207	591	961	-1	-1	-1	-1	-1	-1	-1	-1
125	133	138	142	164	213	214	246	309	512	514	-1	-1	-1	-1	-1	-1	-1	-1	-1	-1
86	128	161	177	179	215	249	403	-1	-1	-1	-1	-1	-1	-1	-1	-1	-1	-1	-1	-1
65	133	139	142	180	184	185	202	234	411	434	799	-1	-1	-1	-1	-1	-1	-1	-1	-1
31	62	107	130	136	143	167	169	213	248	313	338	419	934	-1	-1	-1	-1	-1	-1	-1
90	142	155	181	216	232	279	663	706	907	-1	-1	-1	-1	-1	-1	-1	-1	-1	-1	-1
71	75	190	214	216	221	229	230	240	417	572	606	-1	-1	-1	-1	-1	-1	-1	-1	-1
125	131	189	207	209	213	235	539	-1	-1	-1	-1	-1	-1	-1	-1	-1	-1	-1	-1	-1
7	73	153	186	193	215	242	249	297	564	832	874	883	969	974	-1	-1	-1	-1	-1	-1
111	113	184	186	198	532	807	983	-1	-1	-1	-1	-1	-1	-1	-1	-1	-1	-1	-1	-1
33	36	97	200	212	555	580	663	893	937	-1	-1	-1	-1	-1	-1	-1	-1	-1	-1	-1
91	129	224	273	344	669	678	849	-1	-1	-1	-1	-1	-1	-1	-1	-1	-1	-1	-1	-1
136	186	187	204	206	241	247	251	310	341	603	633	650	870	891	-1	-1	-1	-1	-1	-1
11	159	176	186	219	221	223	428	446	640	751	833	853	892	951	-1	-1	-1	-1	-1	-1
1	28	77	91	188	236	356	676	862	-1	-1	-1	-1	-1	-1	-1	-1	-1	-1	-1	-1
87	103	105	192	204	221	243	246	822	849	-1	-1	-1	-1	-1	-1	-1	-1	-1	-1	-1
43	62	111	121	176	190	193	199	212	221	236	238	239	243	648	-1	-1	-1	-1	-1	-1
51	79	120	229	239	249	360	477	632	817	850	984	-1	-1	-1	-1	-1	-1	-1	-1	-1
124	194	211	288	743	816	-1	-1	-1	-1	-1	-1	-1	-1	-1	-1	-1	-1	-1	-1	-1
31	53	143	170	193	200	232	242	509	631	639	-1	-1	-1	-1	-1	-1	-1	-1	-1	-1
70	95	201	202	211	228	235	241	678	984	-1	-1	-1	-1	-1	-1	-1	-1	-1	-1	-1
94	149	150	193	198	203	213	227	239	412	498	632	-1	-1	-1	-1	-1	-1	-1	-1	-1
29	154	184	197	198	221	224	226	241	345	891	-1	-1	-1	-1	-1	-1	-1	-1	-1	-1
84	92	186	199	218	241	243	494	-1	-1	-1	-1	-1	-1	-1	-1	-1	-1	-1	-1	-1
76	111	127	151	173	198	223	242	246	270	333	595	638	781	-1	-1	-1	-1	-1	-1	-1
72	215	236	606	615	856	903	-1	-1	-1	-1	-1	-1	-1	-1	-1	-1	-1	-1	-1	-1
79	83	185	208	214	218	219	223	231	348	441	630	803	843	-1	-1	-1	-1	-1	-1	-1
86	165	239	401	814	908	-1	-1	-1	-1	-1	-1	-1	-1	-1	-1	-1	-1	-1	-1	-1
69	90	204	210	216	467	778	855	-1	-1	-1	-1	-1	-1	-1	-1	-1	-1	-1	-1	-1
111	187	206	210	223	230	239	663	-1	-1	-1	-1	-1	-1	-1	-1	-1	-1	-1	-1	-1
208	218	242	249	438	551	562	839	982	-1	-1	-1	-1	-1	-1	-1	-1	-1	-1	-1	-1
70	80	124	193	198	200	215	216	244	246	-1	-1	-1	-1	-1	-1	-1	-1	-1	-1	-1
17	32	178	197	200	590	770	-1	-1	-1	-1	-1	-1	-1	-1	-1	-1	-1	-1	-1	-1
12	32	158	179	194	216	608	801	-1	-1	-1	-1	-1	-1	-1	-1	-1	-1	-1	-1	-1
70	126	160	185	206	209	218	222	234	238	464	635	910	-1	-1	-1	-1	-1	-1	-1	-1
137	167	180	181	205	216	217	229	246	-1	-1	-1	-1	-1	-1	-1	-1	-1	-1	-1	-1
95	165	200	209	235	658	904	-1	-1	-1	-1	-1	-1	-1	-1	-1	-1	-1	-1	-1	-1
53	159	189	236	242	245	703	-1	-1	-1	-1	-1	-1	-1	-1	-1	-1	-1	-1	-1	-1
29	124	169	197	201	244	396	799	843	-1	-1	-1	-1	-1	-1	-1	-1	-1	-1	-1	-1
22	78	105	222	241	-1	-1	-1	-1	-1	-1	-1	-1	-1	-1	-1	-1	-1	-1	-1	-1
41	47	95	137	247	294	337	361	469	512	-1	-1	-1	-1	-1	-1	-1	-1	-1	-1	-1
121	204	685	-1	-1	-1	-1	-1	-1	-1	-1	-1	-1	-1	-1	-1	-1	-1	-1	-1	-1
194	198	240	242	248	497	750	890	-1	-1	-1	-1	-1	-1	-1	-1	-1	-1	-1	-1	-1
49	54	67	96	111	138	139	212	215	235	512	627	688	694	-1	-1	-1	-1	-1	-1	-1
14	25	32	70	136	180	193	196	203	219	221	229	234	236	238	239	352	528	607	656	890
119	182	187	215	222	224	240	247	577	965	993	-1	-1	-1	-1	-1	-1	-1	-1	-1	-1
8	18	84	92	147	150	166	194	198	200	209	240	241	455	643	725	-1	-1	-1	-1	-1
1	101	118	133	153	183	198	215	217	220	234	241	-1	-1	-1	-1	-1	-1	-1	-1	-1
17	143	170	209	215	375	392	483	594	-1	-1	-1	-1	-1	-1	-1	-1	-1	-1	-1	-1
41	43	124	127	135	172	178	192	226	237	243	606	609	735	-1	-1	-1	-1	-1	-1	-1
16	22	43	118	148	323	606	846	-1	-1	-1	-1	-1	-1	-1	-1	-1	-1	-1	-1	-1
4	30	75	139	199	208	216	247	324	376	517	758	922	-1	-1	-1	-1	-1	-1	-1	-1
18	149	200	280	593	-1	-1	-1	-1	-1	-1	-1	-1	-1	-1	-1	-1	-1	-1	-1	-1
89	194	214	222	-1	-1	-1	-1	-1	-1	-1	-1	-1	-1	-1	-1	-1	-1	-1	-1	-1
31	82	128	150	197	221	228	229	235	242	996	-1	-1	-1	-1	-1	-1	-1	-1	-1	-1
18	21	193	217	230	310	437	616	633	-1	-1	-1	-1	-1	-1	-1	-1	-1	-1	-1	-1
4	57	198	217	246	580	-1	-1	-1	-1	-1	-1	-1	-1	-1	-1	-1	-1	-1	-1	-1
17	59	172	193	211	440	522	-1	-1	-1	-1	-1	-1	-1	-1	-1	-1	-1	-1	-1	-1
6	145	151	153	156	204	223	225	227	228	243	475	511	861	926	-1	-1	-1	-1	-1	-1
122	182	196	222	237	244	305	541	877	-1	-1	-1	-1	-1	-1	-1	-1	-1	-1	-1	-1
98	152	234	559	610	697	879	-1	-1	-1	-1	-1	-1	-1	-1	-1	-1	-1	-1	-1	-1
44	131	187	192	197	200	231	582	844	-1	-1	-1	-1	-1	-1	-1	-1	-1	-1	-1	-1
178	210	214	309	517	978	-1	-1	-1	-1	-1	-1	-1	-1	-1	-1	-1	-1	-1	-1	-1
7	37	69	115	162	190	225	231	272	278	533	598	813	-1	-1	-1	-1	-1	-1	-1	-1
12	47	185	186	191	202	239	374	477	529	745	906	-1	-1	-1	-1	-1	-1	-1	-1	-1
9	23	28	29	30	31	122	147	214	509	-1	-1	-1	-1	-1	-1	-1	-1	-1	-1	-1
36	45	110	115	148	188	218	226	282	376	870	913	968	-1	-1	-1	-1	-1	-1	-1	-1
119	128	192	204	205	220	556	-1	-1	-1	-1	-1	-1	-1	-1	-1	-1	-1	-1	-1	-1
9	10	33	257	263	272	506	546	723	776	871	956	-1	-1	-1	-1	-1	-1	-1	-1	-1
17	63	113	258	266	276	287	729	789	828	-1	-1	-1	-1	-1	-1	-1	-1	-1	-1	-1
266	269	275	328	417	478	886	997	-1	-1	-1	-1	-1	-1	-1	-1	-1	-1	-1	-1	-1
264	278	290	355	430	463	602	881	-1	-1	-1	-1	-1	-1	-1	-1	-1	-1	-1	-1	-1
251	287	292	293	317	326	628	641	835	861	-1	-1	-1	-1	-1	-1	-1	-1	-1	-1	-1
58	163	248	282	302	309	337	344	371	407	409	413	425	601	-1	-1	-1	-1	-1	-1	-1
256	281	338	559	715	900	-1	-1	-1	-1	-1	-1	-1	-1	-1	-1	-1	-1	-1	-1	-1
103	256	269	275	286	304	306	315	339	378	388	417	432	556	570	864	-1	-1	-1	-1	-1
252	278	303	391	399	407	419	475	-1	-1	-1	-1	-1	-1	-1	-1	-1	-1	-1	-1	-1
101	308	320	673	819	944	-1	-1	-1	-1	-1	-1	-1	-1	-1	-1	-1	-1	-1	-1	-1
41	283	286	300	316	323	443	491	-1	-1	-1	-1	-1	-1	-1	-1	-1	-1	-1	-1	-1
39	136	268	285	379	564	590	-1	-1	-1	-1	-1	-1	-1	-1	-1	-1	-1	-1	-1	-1
256	266	281	289	368	379	402	485	518	701	759	-1	-1	-1	-1	-1	-1	-1	-1	-1	-1
14	39	255	260	272	275	284	299	309	469	471	610	781	-1	-1	-1	-1	-1	-1	-1	-1
267	301	323	422	427	487	530	-1	-1	-1	-1	-1	-1	-1	-1	-1	-1	-1	-1	-1	-1
117	256	279	284	290	297	304	379	382	458	464	727	871	-1	-1	-1	-1	-1	-1	-1	-1
249	301	307	320	442	585	882	927	-1	-1	-1	-1	-1	-1	-1	-1	-1	-1	-1	-1	-1
150	228	269	291	364	515	696	811	-1	-1	-1	-1	-1	-1	-1	-1	-1	-1	-1	-1	-1
121	277	332	398	582	937	-1	-1	-1	-1	-1	-1	-1	-1	-1	-1	-1	-1	-1	-1	-1
145	213	255	258	279	296	307	445	646	882	-1	-1	-1	-1	-1	-1	-1	-1	-1	-1	-1
256	277	280	286	287	292	300	337	362	453	534	861	-1	-1	-1	-1	-1	-1	-1	-1	-1
91	252	263	290	294	308	345	354	375	433	475	669	807	-1	-1	-1	-1	-1	-1	-1	-1
56	264	281	308	317	371	373	551	734	915	-1	-1	-1	-1	-1	-1	-1	-1	-1	-1	-1
23	138	244	267	269	286	303	304	319	332	344	438	515	-1	-1	-1	-1	-1	-1	-1	-1
89	253	290	292	298	360	465	681	-1	-1	-1	-1	-1	-1	-1	-1	-1	-1	-1	-1	-1
10	155	249	280	294	306	307	326	367	546	760	769	879	-1	-1	-1	-1	-1	-1	-1	-1
22	91	252	275	289	292	862	-1	-1	-1	-1	-1	-1	-1	-1	-1	-1	-1	-1	-1	-1
135	265	491	868	-1	-1	-1	-1	-1	-1	-1	-1	-1	-1	-1	-1	-1	-1	-1	-1	-1
132	249	270	278	342	414	426	432	442	494	597	814	-1	-1	-1	-1	-1	-1	-1	-1	-1
250	287	296	299	324	333	401	590	720	876	983	-1	-1	-1	-1	-1	-1	-1	-1	-1	-1
33	207	223	250	263	282	313	359	-1	-1	-1	-1	-1	-1	-1	-1	-1	-1	-1	-1	-1
155	301	338	354	377	462	463	477	647	-1	-1	-1	-1	-1	-1	-1	-1	-1	-1	-1	-1
253	279	396	418	444	484	496	538	868	-1	-1	-1	-1	-1	-1	-1	-1	-1	-1	-1	-1
236	278	283	298	334	363	378	428	477	499	962	-1	-1	-1	-1	-1	-1	-1	-1	-1	-1
15	98	111	190	255	272	284	285	299	303	350	405	433	698	994	-1	-1	-1	-1	-1	-1
0	228	248	252	261	274	278	280	299	458	615	806	941	950	-1	-1	-1	-1	-1	-1	-1
283	291	296	451	480	-1	-1	-1	-1	-1	-1	-1	-1	-1	-1	-1	-1	-1	-1	-1	-1
250	263	278	310	314	325	378	381	399	400	432	442	913	-1	-1	-1	-1	-1	-1	-1	-1
55	248	249	255	261	266	469	482	486	766	-1	-1	-1	-1	-1	-1	-1	-1	-1	-1	-1
283	293	359	400	416	469	483	494	538	542	722	795	-1	-1	-1	-1	-1	-1	-1	-1	-1
27	147	254	271	294	296	455	457	785	-1	-1	-1	-1	-1	-1	-1	-1	-1	-1	-1	-1
259	266	270	292	295	304	306	308	363	377	512	760	936	-1	-1	-1	-1	-1	-1	-1	-1
140	251	260	292	294	295	301	453	520	633	653	964	-1	-1	-1	-1	-1	-1	-1	-1	-1
180	233	254	283	285	337	360	368	377	430	554	-1	-1	-1	-1	-1	-1	-1	-1	-1	-1
284	289	298	303	350	404	485	946	968	-1	-1	-1	-1	-1	-1	-1	-1	-1	-1	-1	-1
129	258	291	428	455	928	-1	-1	-1	-1	-1	-1	-1	-1	-1	-1	-1	-1	-1	-1	-1
279	298	301	377	384	397	408	437	809	813	-1	-1	-1	-1	-1	-1	-1	-1	-1	-1	-1
130	151	233	266	341	501	-1	-1	-1	-1	-1	-1	-1	-1	-1	-1	-1	-1	-1	-1	-1
272	289	298	316	332	362	373	411	465	624	661	-1	-1	-1	-1	-1	-1	-1	-1	-1	-1
107	177	295	300	328	341	370	405	411	614	703	712	746	884	910	940	960	-1	-1	-1	-1
248	263	271	283	302	336	462	622	-1	-1	-1	-1	-1	-1	-1	-1	-1	-1	-1	-1	-1
108	251	252	316	679	684	-1	-1	-1	-1	-1	-1	-1	-1	-1	-1	-1	-1	-1	-1	-1
259	276	282	284	298	375	488	841	977	-1	-1	-1	-1	-1	-1	-1	-1	-1	-1	-1	-1
10	347	443	544	853	-1	-1	-1	-1	-1	-1	-1	-1	-1	-1	-1	-1	-1	-1	-1	-1
347	408	587	852	918	-1	-1	-1	-1	-1	-1	-1	-1	-1	-1	-1	-1	-1	-1	-1	-1
248	264	268	306	318	338	616	924	997	-1	-1	-1	-1	-1	-1	-1	-1	-1	-1	-1	-1
263	278	279	283	288	383	413	434	529	839	-1	-1	-1	-1	-1	-1	-1	-1	-1	-1	-1
52	236	270	280	291	293	396	425	662	-1	-1	-1	-1	-1	-1	-1	-1	-1	-1	-1	-1
76	257	281	289	302	454	484	834	885	-1	-1	-1	-1	-1	-1	-1	-1	-1	-1	-1	-1
258	269	301	381	486	675	789	841	-1	-1	-1	-1	-1	-1	-1	-1	-1	-1	-1	-1	-1
275	283	293	295	335	337	439	480	-1	-1	-1	-1	-1	-1	-1	-1	-1	-1	-1	-1	-1
148	263	285	389	402	473	482	631	686	831	942	-1	-1	-1	-1	-1	-1	-1	-1	-1	-1
8	228	260	316	350	355	481	483	750	-1	-1	-1	-1	-1	-1	-1	-1	-1	-1	-1	-1
3	26	310	335	350	353	359	360	362	459	475	476	-1	-1	-1	-1	-1	-1	-1	-1	-1
52	97	149	336	344	390	396	491	853	966	-1	-1	-1	-1	-1	-1	-1	-1	-1	-1	-1
107	135	250	267	308	370	402	430	482	-1	-1	-1	-1	-1	-1	-1	-1	-1	-1	-1	-1
285	295	321	333	336	342	451	780	924	-1	-1	-1	-1	-1	-1	-1	-1	-1	-1	-1	-1
282	376	452	461	473	920	-1	-1	-1	-1	-1	-1	-1	-1	-1	-1	-1	-1	-1	-1	-1
129	262	275	312	323	336	337	364	402	423	448	465	484	499	794	-1	-1	-1	-1	-1	-1
16	50	298	355	367	409	417	430	546	613	911	948	-1	-1	-1	-1	-1	-1	-1	-1	-1
282	324	347	376	403	471	494	784	810	-1	-1	-1	-1	-1	-1	-1	-1	-1	-1	-1	-1
107	262	289	361	390	475	522	-1	-1	-1	-1	-1	-1	-1	-1	-1	-1	-1	-1	-1	-1
131	136	314	326	335	366	371	406	409	410	482	-1	-1	-1	-1	-1	-1	-1	-1	-1	-1
207	245	277	301	312	344	348	353	382	393	395	584	814	-1	-1	-1	-1	-1	-1	-1	-1
10	35	71	202	268	320	327	362	401	480	759	824	-1	-1	-1	-1	-1	-1	-1	-1	-1
280	285	312	344	365	487	601	644	-1	-1	-1	-1	-1	-1	-1	-1	-1	-1	-1	-1	-1
28	234	338	364	376	393	491	524	851	-1	-1	-1	-1	-1	-1	-1	-1	-1	-1	-1	-1
186	295	317	334	337	338	432	723	823	-1	-1	-1	-1	-1	-1	-1	-1	-1	-1	-1	-1
271	310	339	348	367	370	509	666	883	891	893	-1	-1	-1	-1	-1	-1	-1	-1	-1	-1
251	302	316	324	326	342	345	351	358	428	568	658	-1	-1	-1	-1	-1	-1	-1	-1	-1
96	109	190	268	312	348	365	466	-1	-1	-1	-1	-1	-1	-1	-1	-1	-1	-1	-1	-1
5	71	83	179	253	254	308	316	343	346	348	362	383	485	496	522	762	-1	-1	-1	-1
112	124	258	320	345	363	369	371	468	478	489	997	-1	-1	-1	-1	-1	-1	-1	-1	-1
105	204	342	343	346	441	733	777	892	-1	-1	-1	-1	-1	-1	-1	-1	-1	-1	-1	-1
86	142	300	362	750	-1	-1	-1	-1	-1	-1	-1	-1	-1	-1	-1	-1	-1	-1	-1	-1
32	322	350	410	496	555	650	798	-1	-1	-1	-1	-1	-1	-1	-1	-1	-1	-1	-1	-1
184	254	316	317	327	330	371	455	458	653	881	951	-1	-1	-1	-1	-1	-1	-1	-1	-1
368	823	-1	-1	-1	-1	-1	-1	-1	-1	-1	-1	-1	-1	-1	-1	-1	-1	-1	-1	-1
20	96	273	287	296	314	383	427	527	687	728	874	-1	-1	-1	-1	-1	-1	-1	-1	-1
286	331	355	359	367	425	566	693	704	779	785	885	971	-1	-1	-1	-1	-1	-1	-1	-1
297	318	320	321	366	393	406	419	906	-1	-1	-1	-1	-1	-1	-1	-1	-1	-1	-1	-1
286	319	322	326	338	347	408	414	418	434	435	446	464	588	691	706	767	851	882	-1	-1
86	119	204	275	310	357	384	398	467	480	686	898	911	970	-1	-1	-1	-1	-1	-1	-1
22	207	278	311	336	356	405	425	650	854	-1	-1	-1	-1	-1	-1	-1	-1	-1	-1	-1
259	325	326	330	397	-1	-1	-1	-1	-1	-1	-1	-1	-1	-1	-1	-1	-1	-1	-1	-1
5	272	362	433	483	736	761	-1	-1	-1	-1	-1	-1	-1	-1	-1	-1	-1	-1	-1	-1
315	319	324	331	365	386	525	623	-1	-1	-1	-1	-1	-1	-1	-1	-1	-1	-1	-1	-1
295	335	362	829	-1	-1	-1	-1	-1	-1	-1	-1	-1	-1	-1	-1	-1	-1	-1	-1	-1
268	303	315	319	322	333	349	359	384	417	463	465	607	781	804	832	-1	-1	-1	-1	-1
53	121	137	322	360	364	389	432	475	610	741	778	-1	-1	-1	-1	-1	-1	-1	-1	-1
172	214	231	325	349	355	830	-1	-1	-1	-1	-1	-1	-1	-1	-1	-1	-1	-1	-1	-1
123	342	354	368	482	773	827	884	925	-1	-1	-1	-1	-1	-1	-1	-1	-1	-1	-1	-1
321	325	331	333	334	335	348	408	415	438	473	618	709	740	-1	-1	-1	-1	-1	-1	-1
135	208	265	313	320	326	357	417	479	592	669	726	923	946	977	-1	-1	-1	-1	-1	-1
406	416	441	446	-1	-1	-1	-1	-1	-1	-1	-1	-1	-1	-1	-1	-1	-1	-1	-1	-1
73	289	320	321	330	342	350	367	454	948	-1	-1	-1	-1	-1	-1	-1	-1	-1	-1	-1
284	340	351	357	370	379	418	428	-1	-1	-1	-1	-1	-1	-1	-1	-1	-1	-1	-1	-1
50	288	316	318	330	335	347	403	420	441	520	873	971	-1	-1	-1	-1	-1	-1	-1	-1
113	298	312	361	445	467	496	635	927	968	995	-1	-1	-1	-1	-1	-1	-1	-1	-1	-1
92	145	259	280	326	327	342	369	490	647	697	851	-1	-1	-1	-1	-1	-1	-1	-1	-1
322	414	458	-1	-1	-1	-1	-1	-1	-1	-1	-1	-1	-1	-1	-1	-1	-1	-1	-1	-1
253	287	297	303	313	335	336	353	413	417	433	447	603	-1	-1	-1	-1	-1	-1	-1	-1
23	309	310	324	371	375	376	619	631	946	969	988	-1	-1	-1	-1	-1	-1	-1	-1	-1
116	374	382	388	444	990	-1	-1	-1	-1	-1	-1	-1	-1	-1	-1	-1	-1	-1	-1	-1
329	349	471	669	753	771	972	-1	-1	-1	-1	-1	-1	-1	-1	-1	-1	-1	-1	-1	-1
261	316	318	338	360	371	375	396	479	938	-1	-1	-1	-1	-1	-1	-1	-1	-1	-1	-1
213	342	354	359	376	430	432	471	634	642	874	-1	-1	-1	-1	-1	-1	-1	-1	-1	-1
2	27	275	311	322	345	436	508	984	-1	-1	-1	-1	-1	-1	-1	-1	-1	-1	-1	-1
107	173	204	269	294	337	347	359	363	903	-1	-1	-1	-1	-1	-1	-1	-1	-1	-1	-1
14	158	259	312	315	331	339	346	438	476	650	703	861	-1	-1	-1	-1	-1	-1	-1	-1
90	288	327	329	330	337	339	351	353	369	429	820	-1	-1	-1	-1	-1	-1	-1	-1	-1
129	315	326	336	351	353	356	440	452	488	537	717	916	-1	-1	-1	-1	-1	-1	-1	-1
334	338	348	364	377	382	532	865	-1	-1	-1	-1	-1	-1	-1	-1	-1	-1	-1	-1	-1
233	261	275	280	310	312	317	360	362	565	-1	-1	-1	-1	-1	-1	-1	-1	-1	-1	-1
62	293	310	332	375	394	402	420	424	428	817	844	-1	-1	-1	-1	-1	-1	-1	-1	-1
378	389	407	408	410	447	475	492	629	634	-1	-1	-1	-1	-1	-1	-1	-1	-1	-1	-1
9	124	168	316	375	381	385	400	428	431	530	-1	-1	-1	-1	-1	-1	-1	-1	-1	-1
137	198	272	333	376	389	400	407	418	420	422	491	777	-1	-1	-1	-1	-1	-1	-1	-1
312	327	333	397	398	404	407	415	427	452	761	-1	-1	-1	-1	-1	-1	-1	-1	-1	-1
57	293	376	401	405	416	423	429	467	492	876	-1	-1	-1	-1	-1	-1	-1	-1	-1	-1
62	287	403	415	433	454	623	785	921	955	-1	-1	-1	-1	-1	-1	-1	-1	-1	-1	-1
296	333	367	381	383	386	388	399	498	549	-1	-1	-1	-1	-1	-1	-1	-1	-1	-1	-1
252	255	282	344	353	398	423	947	-1	-1	-1	-1	-1	-1	-1	-1	-1	-1	-1	-1	-1
12	72	258	300	305	345	399	404	413	452	501	597	949	-1	-1	-1	-1	-1	-1	-1	-1
21	194	246	252	268	275	318	358	374	377	383	402	424	426	555	805	961	-1	-1	-1	-1
254	261	327	376	382	407	452	457	905	946	-1	-1	-1	-1	-1	-1	-1	-1	-1	-1	-1
166	218	298	308	326	376	388	393	405	411	422	424	428	490	561	741	-1	-1	-1	-1	-1
194	196	228	389	400	415	417	463	630	-1	-1	-1	-1	-1	-1	-1	-1	-1	-1	-1	-1
38	39	330	376	396	427	476	-1	-1	-1	-1	-1	-1	-1	-1	-1	-1	-1	-1	-1	-1
12	250	262	436	482	849	923	981	997	-1	-1	-1	-1	-1	-1	-1	-1	-1	-1	-1	-1
165	317	328	372	379	381	415	418	428	459	460	791	807	-1	-1	-1	-1	-1	-1	-1	-1
270	316	391	441	607	654	664	757	844	996	-1	-1	-1	-1	-1	-1	-1	-1	-1	-1	-1
175	267	333	384	401	402	435	457	527	659	723	808	-1	-1	-1	-1	-1	-1	-1	-1	-1
301	340	429	494	532	755	-1	-1	-1	-1	-1	-1	-1	-1	-1	-1	-1	-1	-1	-1	-1
121	256	377	407	415	441	462	835	852	888	-1	-1	-1	-1	-1	-1	-1	-1	-1	-1	-1
315	345	375	396	400	-1	-1	-1	-1	-1	-1	-1	-1	-1	-1	-1	-1	-1	-1	-1	-1
386	388	441	447	895	-1	-1	-1	-1	-1	-1	-1	-1	-1	-1	-1	-1	-1	-1	-1	-1
121	263	401	409	427	604	924	-1	-1	-1	-1	-1	-1	-1	-1	-1	-1	-1	-1	-1	-1
140	159	337	341	381	391	402	404	408	412	414	424	425	429	490	515	726	-1	-1	-1	-1
109	312	313	321	334	374	390	407	432	631	632	974	-1	-1	-1	-1	-1	-1	-1	-1	-1
301	395	406	407	424	428	485	548	581	-1	-1	-1	-1	-1	-1	-1	-1	-1	-1	-1	-1
100	263	388	401	406	417	427	432	463	480	737	-1	-1	-1	-1	-1	-1	-1	-1	-1	-1
51	52	247	304	327	335	392	399	402	424	426	429	442	680	-1	-1	-1	-1	-1	-1	-1
392	397	415	430	432	433	546	590	647	717	-1	-1	-1	-1	-1	-1	-1	-1	-1	-1	-1
268	278	285	389	393	396	405	494	957	963	-1	-1	-1	-1	-1	-1	-1	-1	-1	-1	-1
26	45	140	234	347	354	372	381	385	416	447	507	660	-1	-1	-1	-1	-1	-1	-1	-1
171	224	225	303	313	321	382	400	408	416	428	433	749	907	985	-1	-1	-1	-1	-1	-1
368	385	392	402	419	436	497	521	596	-1	-1	-1	-1	-1	-1	-1	-1	-1	-1	-1	-1
160	301	395	408	467	496	-1	-1	-1	-1	-1	-1	-1	-1	-1	-1	-1	-1	-1	-1	-1
164	175	295	320	352	394	397	416	418	477	748	-1	-1	-1	-1	-1	-1	-1	-1	-1	-1
269	291	316	328	378	388	396	399	416	448	577	744	759	-1	-1	-1	-1	-1	-1	-1	-1
268	280	282	313	366	376	385	388	426	462	647	710	847	-1	-1	-1	-1	-1	-1	-1	-1
272	352	473	575	604	838	-1	-1	-1	-1	-1	-1	-1	-1	-1	-1	-1	-1	-1	-1	-1
353	375	387	390	392	482	616	620	-1	-1	-1	-1	-1	-1	-1	-1	-1	-1	-1	-1	-1
271	280	305	357	368	376	383	384	394	411	413	428	429	917	-1	-1	-1	-1	-1	-1	-1
253	264	349	375	378	400	406	425	431	444	496	542	915	-1	-1	-1	-1	-1	-1	-1	-1
44	216	348	394	395	399	409	415	433	465	647	679	691	853	-1	-1	-1	-1	-1	-1	-1
275	280	397	400	418	421	422	426	444	936	-1	-1	-1	-1	-1	-1	-1	-1	-1	-1	-1
0	111	237	257	264	269	373	375	381	398	411	424	427	483	667	776	-1	-1	-1	-1	-1
420	-1	-1	-1	-1	-1	-1	-1	-1	-1	-1	-1	-1	-1	-1	-1	-1	-1	-1	-1	-1
257	292	312	345	387	426	427	455	497	546	704	-1	-1	-1	-1	-1	-1	-1	-1	-1	-1
274	311	341	381	425	429	432	532	896	-1	-1	-1	-1	-1	-1	-1	-1	-1	-1	-1	-1
343	391	395	424	615	636	782	869	894	-1	-1	-1	-1	-1	-1	-1	-1	-1	-1	-1	-1
214	282	350	372	375	398	416	430	-1	-1	-1	-1	-1	-1	-1	-1	-1	-1	-1	-1	-1
355	376	379	392	402	649	957	-1	-1	-1	-1	-1	-1	-1	-1	-1	-1	-1	-1	-1	-1
231	301	331	336	377	383	387	388	414	464	904	987	-1	-1	-1	-1	-1	-1	-1	-1	-1
116	210	211	274	303	321	358	378	384	387	427	430	451	484	545	648	758	891	896	900	-1
288	299	314	346	372	373	378	404	417	420	428	608	800	-1	-1	-1	-1	-1	-1	-1	-1
189	261	377	387	392	397	420	431	485	616	665	877	-1	-1	-1	-1	-1	-1	-1	-1	-1
161	262	290	372	419	422	439	524	826	-1	-1	-1	-1	-1	-1	-1	-1	-1	-1	-1	-1
67	131	403	470	473	965	-1	-1	-1	-1	-1	-1	-1	-1	-1	-1	-1	-1	-1	-1	-1
383	399	402	-1	-1	-1	-1	-1	-1	-1	-1	-1	-1	-1	-1	-1	-1	-1	-1	-1	-1
213	323	373	376	384	387	394	405	414	429	472	640	678	845	925	-1	-1	-1	-1	-1	-1
196	374	382	396	409	415	419	443	953	-1	-1	-1	-1	-1	-1	-1	-1	-1	-1	-1	-1
257	355	383	394	405	415	619	743	817	-1	-1	-1	-1	-1	-1	-1	-1	-1	-1	-1	-1
32	250	257	261	355	363	395	463	588	593	792	830	834	-1	-1	-1	-1	-1	-1	-1	-1
29	138	298	321	370	444	457	465	471	492	522	572	-1	-1	-1	-1	-1	-1	-1	-1	-1
79	91	165	280	401	448	475	487	732	812	967	-1	-1	-1	-1	-1	-1	-1	-1	-1	-1
163	184	305	309	435	472	484	655	771	815	-1	-1	-1	-1	-1	-1	-1	-1	-1	-1	-1
28	287	417	434	443	447	465	469	727	-1	-1	-1	-1	-1	-1	-1	-1	-1	-1	-1	-1
211	256	281	369	396	444	458	463	471	483	527	739	977	-1	-1	-1	-1	-1	-1	-1	-1
341	401	426	440	442	451	459	461	465	487	542	553	659	-1	-1	-1	-1	-1	-1	-1	-1
115	128	260	277	296	317	358	404	495	597	673	800	817	-1	-1	-1	-1	-1	-1	-1	-1
404	437	452	459	467	477	493	822	-1	-1	-1	-1	-1	-1	-1	-1	-1	-1	-1	-1	-1
342	345	438	447	457	471	519	566	619	978	-1	-1	-1	-1	-1	-1	-1	-1	-1	-1	-1
323	329	417	476	-1	-1	-1	-1	-1	-1	-1	-1	-1	-1	-1	-1	-1	-1	-1	-1	-1
253	401	433	452	467	468	469	474	475	476	478	553	937	-1	-1	-1	-1	-1	-1	-1	-1
265	370	439	448	488	492	-1	-1	-1	-1	-1	-1	-1	-1	-1	-1	-1	-1	-1	-1	-1
3	155	303	315	409	444	459	464	475	492	805	-1	-1	-1	-1	-1	-1	-1	-1	-1	-1
271	273	408	444	450	463	473	487	934	992	-1	-1	-1	-1	-1	-1	-1	-1	-1	-1	-1
66	156	290	317	406	454	467	480	493	577	-1	-1	-1	-1	-1	-1	-1	-1	-1	-1	-1
95	296	425	443	473	476	490	819	-1	-1	-1	-1	-1	-1	-1	-1	-1	-1	-1	-1	-1
201	269	309	340	420	427	432	453	454	487	496	642	842	990	-1	-1	-1	-1	-1	-1	-1
131	322	395	421	437	458	477	694	937	985	-1	-1	-1	-1	-1	-1	-1	-1	-1	-1	-1
220	405	428	448	484	489	492	544	674	717	957	-1	-1	-1	-1	-1	-1	-1	-1	-1	-1
304	351	369	425	459	467	487	488	489	547	569	632	681	-1	-1	-1	-1	-1	-1	-1	-1
230	239	288	328	357	438	443	447	462	476	482	489	676	885	-1	-1	-1	-1	-1	-1	-1
78	96	208	314	321	366	410	427	434	442	471	494	-1	-1	-1	-1	-1	-1	-1	-1	-1
275	330	449	457	490	-1	-1	-1	-1	-1	-1	-1	-1	-1	-1	-1	-1	-1	-1	-1	-1
93	235	250	440	472	474	484	694	720	816	-1	-1	-1	-1	-1	-1	-1	-1	-1	-1	-1
59	96	351	397	443	446	462	467	488	850	873	-1	-1	-1	-1	-1	-1	-1	-1	-1	-1
258	284	286	372	393	427	440	443	447	453	454	456	465	493	495	612	906	-1	-1	-1	-1
141	281	284	328	332	433	435	463	984	-1	-1	-1	-1	-1	-1	-1	-1	-1	-1	-1	-1
78	82	189	450	465	473	488	492	533	545	623	694	837	-1	-1	-1	-1	-1	-1	-1	-1
9	358	455	468	494	498	654	746	893	-1	-1	-1	-1	-1	-1	-1	-1	-1	-1	-1	-1
152	250	309	348	434	457	491	495	562	663	-1	-1	-1	-1	-1	-1	-1	-1	-1	-1	-1
289	303	306	311	344	439	453	477	484	491	642	-1	-1	-1	-1	-1	-1	-1	-1	-1	-1
185	275	276	455	456	458	476	477	-1	-1	-1	-1	-1	-1	-1	-1	-1	-1	-1	-1	-1
148	152	258	263	302	369	450	479	481	487	735	-1	-1	-1	-1	-1	-1	-1	-1	-1	-1
337	378	442	464	488	495	616	-1	-1	-1	-1	-1	-1	-1	-1	-1	-1	-1	-1	-1	-1
297	457	461	467	477	491	657	956	-1	-1	-1	-1	-1	-1	-1	-1	-1	-1	-1	-1	-1
378	419	454	471	482	495	650	944	-1	-1	-1	-1	-1	-1	-1	-1	-1	-1	-1	-1	-1
112	259	289	411	428	440	444	449	491	494	751	-1	-1	-1	-1	-1	-1	-1	-1	-1	-1
264	397	458	464	476	479	482	484	485	491	506	515	523	699	976	-1	-1	-1	-1	-1	-1
257	378	382	435	450	474	495	683	688	780	783	-1	-1	-1	-1	-1	-1	-1	-1	-1	-1
345	434	442	446	447	448	453	463	475	490	495	727	763	-1	-1	-1	-1	-1	-1	-1	-1
84	293	297	318	327	338	370	462	464	641	836	-1	-1	-1	-1	-1	-1	-1	-1	-1	-1
265	322	344	421	437	476	484	560	590	-1	-1	-1	-1	-1	-1	-1	-1	-1	-1	-1	-1
274	410	411	414	418	434	435	445	493	494	-1	-1	-1	-1	-1	-1	-1	-1	-1	-1	-1
56	438	446	465	473	846	-1	-1	-1	-1	-1	-1	-1	-1	-1	-1	-1	-1	-1	-1	-1
367	372	376	411	452	465	473	978	-1	-1	-1	-1	-1	-1	-1	-1	-1	-1	-1	-1	-1
298	327	409	453	481	484	614	630	703	803	-1	-1	-1	-1	-1	-1	-1	-1	-1	-1	-1
77	285	287	327	347	455	489	494	639	646	-1	-1	-1	-1	-1	-1	-1	-1	-1	-1	-1
239	309	317	422	442	455	477	520	-1	-1	-1	-1	-1	-1	-1	-1	-1	-1	-1	-1	-1
84	386	426	443	509	628	662	-1	-1	-1	-1	-1	-1	-1	-1	-1	-1	-1	-1	-1	-1
222	364	459	471	476	492	636	826	860	-1	-1	-1	-1	-1	-1	-1	-1	-1	-1	-1	-1
254	259	299	360	406	452	480	493	497	628	752	788	931	-1	-1	-1	-1	-1	-1	-1	-1
274	336	440	467	476	484	489	499	532	597	638	742	-1	-1	-1	-1	-1	-1	-1	-1	-1
240	275	322	336	348	370	402	470	479	567	582	679	-1	-1	-1	-1	-1	-1	-1	-1	-1
58	316	456	457	471	573	583	649	922	-1	-1	-1	-1	-1	-1	-1	-1	-1	-1	-1	-1
44	280	306	417	434	437	449	455	713	845	886	-1	-1	-1	-1	-1	-1	-1	-1	-1	-1
275	354	364	434	492	560	648	827	832	-1	-1	-1	-1	-1	-1	-1	-1	-1	-1	-1	-1
378	398	474	613	835	-1	-1	-1	-1	-1	-1	-1	-1	-1	-1	-1	-1	-1	-1	-1	-1
11	419	438	442	450	463	473	482	495	761	-1	-1	-1	-1	-1	-1	-1	-1	-1	-1	-1
81	326	355	420	429	441	443	455	463	465	517	-1	-1	-1	-1	-1	-1	-1	-1	-1	-1
280	297	345	362	444	446	-1	-1	-1	-1	-1	-1	-1	-1	-1	-1	-1	-1	-1	-1	-1
270	378	412	456	492	582	977	-1	-1	-1	-1	-1	-1	-1	-1	-1	-1	-1	-1	-1	-1
51	59	67	215	265	320	371	442	446	448	470	477	492	762	-1	-1	-1	-1	-1	-1	-1
254	262	284	417	503	512	522	-1	-1	-1	-1	-1	-1	-1	-1	-1	-1	-1	-1	-1	-1
225	275	411	419	472	525	692	754	811	975	-1	-1	-1	-1	-1	-1	-1	-1	-1	-1	-1
278	375	380	513	515	556	777	965	-1	-1	-1	-1	-1	-1	-1	-1	-1	-1	-1	-1	-1
227	303	478	498	503	531	542	557	648	719	740	855	-1	-1	-1	-1	-1	-1	-1	-1	-1
40	300	371	535	575	599	690	694	-1	-1	-1	-1	-1	-1	-1	-1	-1	-1	-1	-1	-1
521	538	545	561	601	628	642	696	-1	-1	-1	-1	-1	-1	-1	-1	-1	-1	-1	-1	-1
548	567	630	663	675	928	-1	-1	-1	-1	-1	-1	-1	-1	-1	-1	-1	-1	-1	-1	-1
58	112	442	496	517	528	555	578	584	588	626	706	752	-1	-1	-1	-1	-1	-1	-1	-1
190	240	412	499	530	721	729	735	-1	-1	-1	-1	-1	-1	-1	-1	-1	-1	-1	-1	-1
177	198	527	528	531	540	546	601	643	777	-1	-1	-1	-1	-1	-1	-1	-1	-1	-1	-1
499	524	542	551	563	568	688	694	707	819	-1	-1	-1	-1	-1	-1	-1	-1	-1	-1	-1
297	362	520	523	605	642	657	699	865	-1	-1	-1	-1	-1	-1	-1	-1	-1	-1	-1	-1
497	525	544	547	607	656	764	837	850	981	-1	-1	-1	-1	-1	-1	-1	-1	-1	-1	-1
111	511	518	546	581	589	620	634	654	954	-1	-1	-1	-1	-1	-1	-1	-1	-1	-1	-1
107	163	473	497	513	514	534	566	623	702	-1	-1	-1	-1	-1	-1	-1	-1	-1	-1	-1
109	497	504	509	542	614	633	-1	-1	-1	-1	-1	-1	-1	-1	-1	-1	-1	-1	-1	-1
337	508	517	535	547	550	581	646	814	890	-1	-1	-1	-1	-1	-1	-1	-1	-1	-1	-1
399	507	528	548	555	581	597	647	671	727	732	809	851	-1	-1	-1	-1	-1	-1	-1	-1
367	415	442	498	500	535	684	-1	-1	-1	-1	-1	-1	-1	-1	-1	-1	-1	-1	-1	-1
340	456	503	528	531	579	612	616	618	684	793	868	-1	-1	-1	-1	-1	-1	-1	-1	-1
219	273	520	540	665	732	-1	-1	-1	-1	-1	-1	-1	-1	-1	-1	-1	-1	-1	-1	-1
182	327	519	521	526	548	572	931	936	-1	-1	-1	-1	-1	-1	-1	-1	-1	-1	-1	-1
509	531	544	549	552	554	555	577	601	695	699	703	725	819	899	-1	-1	-1	-1	-1	-1
497	503	527	536	624	672	710	782	-1	-1	-1	-1	-1	-1	-1	-1	-1	-1	-1	-1	-1
497	524	612	688	-1	-1	-1	-1	-1	-1	-1	-1	-1	-1	-1	-1	-1	-1	-1	-1	-1
121	311	498	499	501	519	529	530	547	566	588	706	734	-1	-1	-1	-1	-1	-1	-1	-1
31	512	682	728	975	-1	-1	-1	-1	-1	-1	-1	-1	-1	-1	-1	-1	-1	-1	-1	-1
180	226	521	538	542	553	569	629	656	740	954	-1	-1	-1	-1	-1	-1	-1	-1	-1	-1
503	528	540	546	570	599	643	647	690	691	701	984	-1	-1	-1	-1	-1	-1	-1	-1	-1
535	555	562	671	750	846	-1	-1	-1	-1	-1	-1	-1	-1	-1	-1	-1	-1	-1	-1	-1
532	586	648	785	805	-1	-1	-1	-1	-1	-1	-1	-1	-1	-1	-1	-1	-1	-1	-1	-1
375	526	535	550	658	696	734	-1	-1	-1	-1	-1	-1	-1	-1	-1	-1	-1	-1	-1	-1
149	469	522	529	542	544	548	601	891	997	-1	-1	-1	-1	-1	-1	-1	-1	-1	-1	-1
76	516	518	551	553	612	619	668	693	695	-1	-1	-1	-1	-1	-1	-1	-1	-1	-1	-1
23	199	523	548	552	607	651	-1	-1	-1	-1	-1	-1	-1	-1	-1	-1	-1	-1	-1	-1
497	542	575	611	-1	-1	-1	-1	-1	-1	-1	-1	-1	-1	-1	-1	-1	-1	-1	-1	-1
152	430	514	540	551	580	597	670	673	708	874	948	-1	-1	-1	-1	-1	-1	-1	-1	-1
205	212	402	516	522	529	539	546	558	595	625	634	703	718	744	749	-1	-1	-1	-1	-1
504	528	541	587	603	687	703	746	778	983	-1	-1	-1	-1	-1	-1	-1	-1	-1	-1	-1
35	152	501	506	518	551	556	666	673	696	709	782	-1	-1	-1	-1	-1	-1	-1	-1	-1
241	501	502	507	545	613	731	760	821	-1	-1	-1	-1	-1	-1	-1	-1	-1	-1	-1	-1
124	181	342	439	453	498	510	526	528	541	552	557	577	597	678	708	930	-1	-1	-1	-1
55	70	508	577	588	985	-1	-1	-1	-1	-1	-1	-1	-1	-1	-1	-1	-1	-1	-1	-1
207	220	508	511	524	527	544	665	695	699	785	884	896	-1	-1	-1	-1	-1	-1	-1	-1
415	458	503	505	510	518	553	556	562	619	642	657	658	676	719	935	980	-1	-1	-1	-1
500	528	531	534	544	546	548	609	612	664	697	733	-1	-1	-1	-1	-1	-1	-1	-1	-1
396	507	528	550	596	614	-1	-1	-1	-1	-1	-1	-1	-1	-1	-1	-1	-1	-1	-1	-1
88	197	368	497	512	515	522	531	535	558	571	575	578	693	706	745	911	918	-1	-1	-1
70	529	660	663	725	841	870	-1	-1	-1	-1	-1	-1	-1	-1	-1	-1	-1	-1	-1	-1
59	90	118	344	432	524	534	535	623	706	790	948	-1	-1	-1	-1	-1	-1	-1	-1	-1
290	303	444	497	504	508	516	520	525	530	681	818	932	976	-1	-1	-1	-1	-1	-1	-1
159	364	498	527	548	-1	-1	-1	-1	-1	-1	-1	-1	-1	-1	-1	-1	-1	-1	-1	-1
169	516	537	589	602	643	654	706	852	-1	-1	-1	-1	-1	-1	-1	-1	-1	-1	-1	-1
49	504	554	648	683	713	731	922	-1	-1	-1	-1	-1	-1	-1	-1	-1	-1	-1	-1	-1
165	244	481	504	505	536	548	632	-1	-1	-1	-1	-1	-1	-1	-1	-1	-1	-1	-1	-1
454	522	523	540	544	-1	-1	-1	-1	-1	-1	-1	-1	-1	-1	-1	-1	-1	-1	-1	-1
75	282	522	538	636	679	807	-1	-1	-1	-1	-1	-1	-1	-1	-1	-1	-1	-1	-1	-1
61	124	451	502	507	536	624	694	736	922	-1	-1	-1	-1	-1	-1	-1	-1	-1	-1	-1
306	503	532	548	565	586	623	677	720	743	844	-1	-1	-1	-1	-1	-1	-1	-1	-1	-1
28	68	86	160	505	536	539	578	584	609	709	730	754	-1	-1	-1	-1	-1	-1	-1	-1
151	453	542	647	669	682	710	-1	-1	-1	-1	-1	-1	-1	-1	-1	-1	-1	-1	-1	-1
257	292	496	498	521	528	545	574	579	617	719	-1	-1	-1	-1	-1	-1	-1	-1	-1	-1
45	567	570	578	582	606	660	684	721	723	800	-1	-1	-1	-1	-1	-1	-1	-1	-1	-1
516	572	578	581	914	-1	-1	-1	-1	-1	-1	-1	-1	-1	-1	-1	-1	-1	-1	-1	-1
63	510	582	590	592	678	690	695	706	-1	-1	-1	-1	-1	-1	-1	-1	-1	-1	-1	-1
26	29	41	353	565	572	584	688	-1	-1	-1	-1	-1	-1	-1	-1	-1	-1	-1	-1	-1
490	503	540	558	568	575	583	589	602	610	611	644	890	-1	-1	-1	-1	-1	-1	-1	-1
413	561	590	599	653	730	775	-1	-1	-1	-1	-1	-1	-1	-1	-1	-1	-1	-1	-1	-1
143	389	531	585	589	594	600	608	706	862	-1	-1	-1	-1	-1	-1	-1	-1	-1	-1	-1
147	568	571	587	598	599	626	687	701	735	-1	-1	-1	-1	-1	-1	-1	-1	-1	-1	-1
214	276	479	487	561	577	586	599	613	673	756	909	948	-1	-1	-1	-1	-1	-1	-1	-1
529	551	562	578	584	604	665	693	728	-1	-1	-1	-1	-1	-1	-1	-1	-1	-1	-1	-1
87	197	269	552	563	565	570	574	582	630	636	647	659	695	-1	-1	-1	-1	-1	-1	-1
30	160	323	465	556	565	596	707	-1	-1	-1	-1	-1	-1	-1	-1	-1	-1	-1	-1	-1
402	519	561	566	584	590	631	666	-1	-1	-1	-1	-1	-1	-1	-1	-1	-1	-1	-1	-1
502	530	598	604	607	705	715	748	844	-1	-1	-1	-1	-1	-1	-1	-1	-1	-1	-1	-1
329	499	559	560	566	634	784	924	-1	-1	-1	-1	-1	-1	-1	-1	-1	-1	-1	-1	-1
74	544	549	710	717	746	871	947	-1	-1	-1	-1	-1	-1	-1	-1	-1	-1	-1	-1	-1
180	332	439	497	551	566	567	572	613	632	706	781	844	-1	-1	-1	-1	-1	-1	-1	-1
543	560	563	566	568	573	577	584	592	604	616	625	670	687	768	-1	-1	-1	-1	-1	-1
374	461	528	574	609	616	692	-1	-1	-1	-1	-1	-1	-1	-1	-1	-1	-1	-1	-1	-1
436	508	539	564	615	930	970	-1	-1	-1	-1	-1	-1	-1	-1	-1	-1	-1	-1	-1	-1
409	603	613	655	702	738	741	769	826	938	974	-1	-1	-1	-1	-1	-1	-1	-1	-1	-1
14	147	562	567	586	593	-1	-1	-1	-1	-1	-1	-1	-1	-1	-1	-1	-1	-1	-1	-1
73	406	504	551	560	571	587	609	615	642	699	722	-1	-1	-1	-1	-1	-1	-1	-1	-1
157	172	502	559	577	582	596	599	610	671	676	748	783	832	-1	-1	-1	-1	-1	-1	-1
502	573	604	612	615	708	721	992	-1	-1	-1	-1	-1	-1	-1	-1	-1	-1	-1	-1	-1
298	506	509	546	568	604	614	617	638	728	881	889	915	-1	-1	-1	-1	-1	-1	-1	-1
291	462	558	585	587	599	600	609	623	668	683	712	719	831	-1	-1	-1	-1	-1	-1	-1
148	192	262	348	361	506	524	597	600	619	658	659	766	849	961	979	-1	-1	-1	-1	-1
576	583	654	732	878	-1	-1	-1	-1	-1	-1	-1	-1	-1	-1	-1	-1	-1	-1	-1	-1
29	159	250	354	356	421	586	589	598	626	710	-1	-1	-1	-1	-1	-1	-1	-1	-1	-1
39	78	230	270	532	573	577	578	580	599	602	668	914	-1	-1	-1	-1	-1	-1	-1	-1
44	120	170	507	545	606	612	648	661	717	936	-1	-1	-1	-1	-1	-1	-1	-1	-1	-1
137	530	569	573	596	607	675	693	-1	-1	-1	-1	-1	-1	-1	-1	-1	-1	-1	-1	-1
42	270	296	344	558	573	574	614	736	773	-1	-1	-1	-1	-1	-1	-1	-1	-1	-1	-1
373	526	565	567	573	574	590	600	663	674	688	731	732	926	-1	-1	-1	-1	-1	-1	-1
26	86	104	329	408	577	579	585	596	609	629	656	695	748	771	905	-1	-1	-1	-1	-1
468	582	588	592	600	618	633	640	704	732	850	-1	-1	-1	-1	-1	-1	-1	-1	-1	-1
48	377	507	558	583	585	679	707	832	845	880	-1	-1	-1	-1	-1	-1	-1	-1	-1	-1
279	446	523	534	554	556	575	579	580	584	612	617	649	688	725	954	966	-1	-1	-1	-1
71	311	561	579	589	611	614	615	631	-1	-1	-1	-1	-1	-1	-1	-1	-1	-1	-1	-1
545	567	584	608	653	659	689	720	855	856	957	-1	-1	-1	-1	-1	-1	-1	-1	-1	-1
72	511	538	564	571	574	580	589	593	728	858	996	-1	-1	-1	-1	-1	-1	-1	-1	-1
244	277	423	526	530	553	568	583	590	592	606	608	615	674	-1	-1	-1	-1	-1	-1	-1
32	409	505	542	545	557	560	562	567	575	583	590	596	619	717	743	813	824	931	-1	-1
178	384	554	555	560	572	591	613	649	710	719	724	-1	-1	-1	-1	-1	-1	-1	-1	-1
185	523	644	697	-1	-1	-1	-1	-1	-1	-1	-1	-1	-1	-1	-1	-1	-1	-1	-1	-1
214	363	370	509	521	529	559	572	581	587	598	607	635	675	686	-1	-1	-1	-1	-1	-1
13	100	558	565	571	597	600	615	643	886	931	-1	-1	-1	-1	-1	-1	-1	-1	-1	-1
479	507	532	573	580	615	856	-1	-1	-1	-1	-1	-1	-1	-1	-1	-1	-1	-1	-1	-1
28	531	548	562	564	567	580	600	619	629	688	767	-1	-1	-1	-1	-1	-1	-1	-1	-1
460	579	597	653	746	871	-1	-1	-1	-1	-1	-1	-1	-1	-1	-1	-1	-1	-1	-1	-1
82	503	507	560	571	591	594	600	607	637	686	-1	-1	-1	-1	-1	-1	-1	-1	-1	-1
230	510	553	564	589	599	612	617	689	693	710	823	910	-1	-1	-1	-1	-1	-1	-1	-1
3	239	378	463	504	570	582	594	596	612	615	621	730	928	930	-1	-1	-1	-1	-1	-1
425	585	600	609	815	979	-1	-1	-1	-1	-1	-1	-1	-1	-1	-1	-1	-1	-1	-1	-1
193	446	508	525	530	559	590	595	674	717	842	-1	-1	-1	-1	-1	-1	-1	-1	-1	-1
318	326	538	572	573	582	606	805	-1	-1	-1	-1	-1	-1	-1	-1	-1	-1	-1	-1	-1
196	316	458	460	509	563	564	592	602	617	836	-1	-1	-1	-1	-1	-1	-1	-1	-1	-1
302	322	579	588	672	698	822	-1	-1	-1	-1	-1	-1	-1	-1	-1	-1	-1	-1	-1	-1
17	429	595	643	719	720	-1	-1	-1	-1	-1	-1	-1	-1	-1	-1	-1	-1	-1	-1	-1
573	599	611	780	-1	-1	-1	-1	-1	-1	-1	-1	-1	-1	-1	-1	-1	-1	-1	-1	-1
258	571	873	-1	-1	-1	-1	-1	-1	-1	-1	-1	-1	-1	-1	-1	-1	-1	-1	-1	-1
121	435	608	631	643	654	661	924	-1	-1	-1	-1	-1	-1	-1	-1	-1	-1	-1	-1	-1
9	148	184	461	520	557	631	635	664	707	-1	-1	-1	-1	-1	-1	-1	-1	-1	-1	-1
219	474	687	689	708	712	-1	-1	-1	-1	-1	-1	-1	-1	-1	-1	-1	-1	-1	-1	-1
71	186	340	581	622	628	633	924	-1	-1	-1	-1	-1	-1	-1	-1	-1	-1	-1	-1	-1
114	388	558	579	608	623	641	662	675	708	728	-1	-1	-1	-1	-1	-1	-1	-1	-1	-1
264	544	578	620	648	649	652	653	656	664	-1	-1	-1	-1	-1	-1	-1	-1	-1	-1	-1
238	528	529	553	649	660	680	699	737	746	916	-1	-1	-1	-1	-1	-1	-1	-1	-1	-1
117	215	477	591	622	634	681	769	857	-1	-1	-1	-1	-1	-1	-1	-1	-1	-1	-1	-1
5	107	454	541	573	592	623	640	659	661	668	676	677	679	680	725	748	761	-1	-1	-1
448	491	638	749	-1	-1	-1	-1	-1	-1	-1	-1	-1	-1	-1	-1	-1	-1	-1	-1	-1
161	403	530	534	635	642	647	652	653	666	670	699	714	-1	-1	-1	-1	-1	-1	-1	-1
136	152	205	540	623	643	659	718	-1	-1	-1	-1	-1	-1	-1	-1	-1	-1	-1	-1	-1
290	436	540	591	625	652	654	663	677	681	708	-1	-1	-1	-1	-1	-1	-1	-1	-1	-1
423	459	522	576	624	680	681	733	741	-1	-1	-1	-1	-1	-1	-1	-1	-1	-1	-1	-1
43	52	162	164	318	510	526	528	609	651	780	791	888	-1	-1	-1	-1	-1	-1	-1	-1
153	256	383	629	637	663	669	712	740	900	-1	-1	-1	-1	-1	-1	-1	-1	-1	-1	-1
148	167	571	575	600	616	648	652	653	958	-1	-1	-1	-1	-1	-1	-1	-1	-1	-1	-1
151	248	316	544	584	601	625	631	655	661	663	675	739	992	-1	-1	-1	-1	-1	-1	-1
382	532	720	729	732	-1	-1	-1	-1	-1	-1	-1	-1	-1	-1	-1	-1	-1	-1	-1	-1
331	367	631	643	656	686	702	705	930	960	-1	-1	-1	-1	-1	-1	-1	-1	-1	-1	-1
188	474	498	517	571	626	746	885	918	-1	-1	-1	-1	-1	-1	-1	-1	-1	-1	-1	-1
25	507	526	533	613	635	654	681	721	903	979	-1	-1	-1	-1	-1	-1	-1	-1	-1	-1
372	436	500	573	577	632	641	649	654	669	679	-1	-1	-1	-1	-1	-1	-1	-1	-1	-1
242	374	628	647	651	656	661	675	703	736	814	-1	-1	-1	-1	-1	-1	-1	-1	-1	-1
561	563	642	650	743	-1	-1	-1	-1	-1	-1	-1	-1	-1	-1	-1	-1	-1	-1	-1	-1
157	415	608	647	648	649	653	658	716	728	736	820	978	998	-1	-1	-1	-1	-1	-1	-1
171	328	576	606	621	630	636	648	674	706	713	739	915	983	-1	-1	-1	-1	-1	-1	-1
335	429	516	641	662	670	677	680	686	898	-1	-1	-1	-1	-1	-1	-1	-1	-1	-1	-1
66	90	429	545	625	628	664	671	759	-1	-1	-1	-1	-1	-1	-1	-1	-1	-1	-1	-1
87	142	266	561	568	582	620	624	648	664	680	762	944	-1	-1	-1	-1	-1	-1	-1	-1
57	178	618	624	629	635	649	652	672	684	734	-1	-1	-1	-1	-1	-1	-1	-1	-1	-1
375	438	506	509	510	531	573	625	643	646	659	667	671	703	835	-1	-1	-1	-1	-1	-1
213	454	630	639	653	670	671	673	769	867	918	-1	-1	-1	-1	-1	-1	-1	-1	-1	-1
201	575	595	621	630	641	661	668	683	-1	-1	-1	-1	-1	-1	-1	-1	-1	-1	-1	-1
256	474	526	639	663	667	670	724	736	-1	-1	-1	-1	-1	-1	-1	-1	-1	-1	-1	-1
61	111	203	248	374	526	540	548	582	609	629	635	637	641	650	679	681	751	899	-1	-1
85	303	381	428	647	648	667	668	669	727	745	-1	-1	-1	-1	-1	-1	-1	-1	-1	-1
90	391	501	557	610	649	-1	-1	-1	-1	-1	-1	-1	-1	-1	-1	-1	-1	-1	-1	-1
247	399	535	539	647	665	669	700	894	-1	-1	-1	-1	-1	-1	-1	-1	-1	-1	-1	-1
149	446	586	650	699	706	716	-1	-1	-1	-1	-1	-1	-1	-1	-1	-1	-1	-1	-1	-1
518	595	620	631	969	976	-1	-1	-1	-1	-1	-1	-1	-1	-1	-1	-1	-1	-1	-1	-1
60	332	415	510	515	546	601	636	641	658	664	673	741	773	814	892	-1	-1	-1	-1	-1
384	522	596	653	659	737	778	858	862	868	880	-1	-1	-1	-1	-1	-1	-1	-1	-1	-1
219	378	410	553	574	626	668	669	890	941	-1	-1	-1	-1	-1	-1	-1	-1	-1	-1	-1
544	567	583	612	630	656	666	694	725	-1	-1	-1	-1	-1	-1	-1	-1	-1	-1	-1	-1
135	536	540	578	643	670	671	709	993	-1	-1	-1	-1	-1	-1	-1	-1	-1	-1	-1	-1
220	529	598	619	628	641	659	662	672	816	925	-1	-1	-1	-1	-1	-1	-1	-1	-1	-1
343	508	556	561	659	713	723	729	-1	-1	-1	-1	-1	-1	-1	-1	-1	-1	-1	-1	-1
25	305	494	620	625	642	663	667	672	721	768	997	-1	-1	-1	-1	-1	-1	-1	-1	-1
138	521	528	531	577	633	635	646	650	664	741	794	-1	-1	-1	-1	-1	-1	-1	-1	-1
515	620	626	631	639	646	647	658	661	-1	-1	-1	-1	-1	-1	-1	-1	-1	-1	-1	-1
161	260	464	565	583	611	653	665	674	944	-1	-1	-1	-1	-1	-1	-1	-1	-1	-1	-1
154	166	506	541	566	620	628	630	631	639	643	646	649	657	658	670	704	737	740	868	911
109	158	461	625	642	648	663	667	671	757	771	795	-1	-1	-1	-1	-1	-1	-1	-1	-1
83	140	518	528	571	584	616	666	680	725	-1	-1	-1	-1	-1	-1	-1	-1	-1	-1	-1
348	364	521	630	635	642	643	647	648	650	651	656	657	663	687	742	898	937	-1	-1	-1
350	650	666	669	700	730	833	-1	-1	-1	-1	-1	-1	-1	-1	-1	-1	-1	-1	-1	-1
61	113	303	615	626	630	649	675	715	727	918	-1	-1	-1	-1	-1	-1	-1	-1	-1	-1
174	227	628	665	-1	-1	-1	-1	-1	-1	-1	-1	-1	-1	-1	-1	-1	-1	-1	-1	-1
44	169	359	480	497	522	547	572	657	666	676	689	-1	-1	-1	-1	-1	-1	-1	-1	-1
281	566	598	607	646	649	666	993	-1	-1	-1	-1	-1	-1	-1	-1	-1	-1	-1	-1	-1
281	390	505	544	630	640	642	645	647	664	-1	-1	-1	-1	-1	-1	-1	-1	-1	-1	-1
45	245	314	412	479	600	621	625	676	702	710	713	717	722	802	-1	-1	-1	-1	-1	-1
114	557	619	636	692	696	736	749	-1	-1	-1	-1	-1	-1	-1	-1	-1	-1	-1	-1	-1
336	531	656	689	701	708	-1	-1	-1	-1	-1	-1	-1	-1	-1	-1	-1	-1	-1	-1	-1
168	174	570	632	676	696	713	714	719	738	-1	-1	-1	-1	-1	-1	-1	-1	-1	-1	-1
28	303	489	525	636	702	707	733	734	-1	-1	-1	-1	-1	-1	-1	-1	-1	-1	-1	-1
122	157	587	683	700	-1	-1	-1	-1	-1	-1	-1	-1	-1	-1	-1	-1	-1	-1	-1	-1
174	235	313	410	584	694	697	699	700	721	741	765	967	-1	-1	-1	-1	-1	-1	-1	-1
147	240	610	617	663	704	726	735	993	-1	-1	-1	-1	-1	-1	-1	-1	-1	-1	-1	-1
276	512	567	640	691	714	724	734	739	-1	-1	-1	-1	-1	-1	-1	-1	-1	-1	-1	-1
15	423	516	520	545	604	687	707	708	711	720	820	-1	-1	-1	-1	-1	-1	-1	-1	-1
5	25	62	234	351	431	528	739	910	972	-1	-1	-1	-1	-1	-1	-1	-1	-1	-1	-1
235	392	594	642	699	720	-1	-1	-1	-1	-1	-1	-1	-1	-1	-1	-1	-1	-1	-1	-1
13	20	504	512	536	628	636	683	706	885	-1	-1	-1	-1	-1	-1	-1	-1	-1	-1	-1
169	365	373	550	575	589	599	701	703	704	-1	-1	-1	-1	-1	-1	-1	-1	-1	-1	-1
120	144	318	529	604	687	722	723	788	-1	-1	-1	-1	-1	-1	-1	-1	-1	-1	-1	-1
151	294	460	643	660	685	710	737	742	-1	-1	-1	-1	-1	-1	-1	-1	-1	-1	-1	-1
357	420	581	584	586	658	694	701	740	965	976	987	-1	-1	-1	-1	-1	-1	-1	-1	-1
304	454	506	521	532	607	654	688	704	713	715	731	737	738	739	885	-1	-1	-1	-1	-1
42	287	305	692	711	719	845	990	-1	-1	-1	-1	-1	-1	-1	-1	-1	-1	-1	-1	-1
374	404	616	665	694	711	755	893	980	993	-1	-1	-1	-1	-1	-1	-1	-1	-1	-1	-1
486	530	544	618	635	671	685	693	698	699	725	749	-1	-1	-1	-1	-1	-1	-1	-1	-1
18	49	123	545	552	591	603	636	643	686	697	700	701	732	735	773	825	910	-1	-1	-1
220	624	635	688	693	707	720	914	953	961	-1	-1	-1	-1	-1	-1	-1	-1	-1	-1	-1
39	520	590	592	682	687	695	700	701	704	707	730	764	793	-1	-1	-1	-1	-1	-1	-1
264	531	572	591	592	673	687	692	704	705	-1	-1	-1	-1	-1	-1	-1	-1	-1	-1	-1
491	527	587	680	711	721	733	743	764	802	843	-1	-1	-1	-1	-1	-1	-1	-1	-1	-1
12	35	466	513	517	599	710	727	879	-1	-1	-1	-1	-1	-1	-1	-1	-1	-1	-1	-1
100	125	253	-1	-1	-1	-1	-1	-1	-1	-1	-1	-1	-1	-1	-1	-1	-1	-1	-1	-1
28	606	644	650	690	693	701	711	720	736	739	-1	-1	-1	-1	-1	-1	-1	-1	-1	-1
62	100	196	482	522	593	687	693	729	745	751	982	-1	-1	-1	-1	-1	-1	-1	-1	-1
74	116	289	381	505	507	558	591	695	742	843	-1	-1	-1	-1	-1	-1	-1	-1	-1	-1
374	516	579	583	710	731	808	-1	-1	-1	-1	-1	-1	-1	-1	-1	-1	-1	-1	-1	-1
68	94	432	516	556	630	633	671	810	966	-1	-1	-1	-1	-1	-1	-1	-1	-1	-1	-1
268	505	513	570	612	648	716	732	739	746	906	-1	-1	-1	-1	-1	-1	-1	-1	-1	-1
288	698	706	721	741	962	971	-1	-1	-1	-1	-1	-1	-1	-1	-1	-1	-1	-1	-1	-1
24	223	614	682	687	708	935	-1	-1	-1	-1	-1	-1	-1	-1	-1	-1	-1	-1	-1	-1
703	710	711	712	727	731	732	772	-1	-1	-1	-1	-1	-1	-1	-1	-1	-1	-1	-1	-1
68	186	286	554	558	610	689	692	710	737	738	894	-1	-1	-1	-1	-1	-1	-1	-1	-1
58	338	541	595	703	710	711	715	829	-1	-1	-1	-1	-1	-1	-1	-1	-1	-1	-1	-1
8	11	516	573	607	608	611	707	709	710	714	728	734	754	-1	-1	-1	-1	-1	-1	-1
30	198	242	362	384	393	438	579	582	643	711	725	910	-1	-1	-1	-1	-1	-1	-1	-1
38	269	629	635	649	656	681	720	731	785	-1	-1	-1	-1	-1	-1	-1	-1	-1	-1	-1
252	482	672	691	734	739	741	746	816	894	-1	-1	-1	-1	-1	-1	-1	-1	-1	-1	-1
148	429	533	682	694	727	733	886	964	-1	-1	-1	-1	-1	-1	-1	-1	-1	-1	-1	-1
484	609	629	687	696	705	709	713	923	-1	-1	-1	-1	-1	-1	-1	-1	-1	-1	-1	-1
219	337	517	595	607	655	658	683	692	701	720	902	-1	-1	-1	-1	-1	-1	-1	-1	-1
389	555	600	608	632	644	659	681	689	725	739	741	817	-1	-1	-1	-1	-1	-1	-1	-1
275	368	610	616	636	699	705	-1	-1	-1	-1	-1	-1	-1	-1	-1	-1	-1	-1	-1	-1
202	233	562	599	653	655	682	727	-1	-1	-1	-1	-1	-1	-1	-1	-1	-1	-1	-1	-1
74	515	608	661	683	688	700	722	850	-1	-1	-1	-1	-1	-1	-1	-1	-1	-1	-1	-1
78	426	558	641	668	688	695	696	707	911	-1	-1	-1	-1	-1	-1	-1	-1	-1	-1	-1
539	579	608	740	910	-1	-1	-1	-1	-1	-1	-1	-1	-1	-1	-1	-1	-1	-1	-1	-1
55	594	644	738	865	-1	-1	-1	-1	-1	-1	-1	-1	-1	-1	-1	-1	-1	-1	-1	-1
70	80	387	520	587	638	641	688	692	693	710	912	-1	-1	-1	-1	-1	-1	-1	-1	-1
295	534	579	622	624	629	637	664	682	684	686	692	706	742	760	799	-1	-1	-1	-1	-1
296	385	470	503	557	563	656	700	714	728	732	798	-1	-1	-1	-1	-1	-1	-1	-1	-1
543	698	700	727	736	860	939	-1	-1	-1	-1	-1	-1	-1	-1	-1	-1	-1	-1	-1	-1
244	323	580	592	660	674	708	711	823	871	937	-1	-1	-1	-1	-1	-1	-1	-1	-1	-1
47	180	196	295	578	598	669	690	706	708	724	769	-1	-1	-1	-1	-1	-1	-1	-1	-1
6	530	602	635	684	716	724	743	-1	-1	-1	-1	-1	-1	-1	-1	-1	-1	-1	-1	-1
63	144	568	583	596	616	690	698	701	723	734	739	-1	-1	-1	-1	-1	-1	-1	-1	-1
304	685	688	704	705	713	723	745	-1	-1	-1	-1	-1	-1	-1	-1	-1	-1	-1	-1	-1
377	451	539	565	644	694	760	770	779	798	879	898	-1	-1	-1	-1	-1	-1	-1	-1	-1
195	202	505	519	691	694	754	765	772	788	805	-1	-1	-1	-1	-1	-1	-1	-1	-1	-1
75	180	386	616	676	688	747	765	766	779	-1	-1	-1	-1	-1	-1	-1	-1	-1	-1	-1
222	569	610	624	626	651	801	-1	-1	-1	-1	-1	-1	-1	-1	-1	-1	-1	-1	-1	-1
72	345	550	560	661	741	744	772	790	807	980	-1	-1	-1	-1	-1	-1	-1	-1	-1	-1
38	183	543	569	710	775	812	-1	-1	-1	-1	-1	-1	-1	-1	-1	-1	-1	-1	-1	-1
103	363	618	796	870	942	977	-1	-1	-1	-1	-1	-1	-1	-1	-1	-1	-1	-1	-1	-1
108	160	164	424	490	517	541	736	754	784	799	838	881	909	953	969	-1	-1	-1	-1	-1
10	72	216	708	748	751	755	760	805	920	958	-1	-1	-1	-1	-1	-1	-1	-1	-1	-1
568	728	778	795	796	800	801	959	996	-1	-1	-1	-1	-1	-1	-1	-1	-1	-1	-1	-1
685	763	794	849	947	-1	-1	-1	-1	-1	-1	-1	-1	-1	-1	-1	-1	-1	-1	-1	-1
6	137	165	236	297	766	784	801	928	950	958	-1	-1	-1	-1	-1	-1	-1	-1	-1	-1
2	174	252	752	786	825	876	-1	-1	-1	-1	-1	-1	-1	-1	-1	-1	-1	-1	-1	-1
37	504	746	748	751	756	771	778	791	804	805	840	855	856	901	914	-1	-1	-1	-1	-1
31	54	70	94	744	755	764	778	792	810	818	824	870	-1	-1	-1	-1	-1	-1	-1	-1
78	653	751	766	800	835	836	852	866	-1	-1	-1	-1	-1	-1	-1	-1	-1	-1	-1	-1
336	523	747	751	765	819	964	986	-1	-1	-1	-1	-1	-1	-1	-1	-1	-1	-1	-1	-1
9	96	187	197	479	577	639	750	767	793	904	-1	-1	-1	-1	-1	-1	-1	-1	-1	-1
168	338	461	701	758	779	949	958	-1	-1	-1	-1	-1	-1	-1	-1	-1	-1	-1	-1	-1
136	199	341	362	744	762	764	793	801	833	887	-1	-1	-1	-1	-1	-1	-1	-1	-1	-1
333	338	404	755	756	768	786	794	798	805	843	895	-1	-1	-1	-1	-1	-1	-1	-1	-1
126	195	744	759	770	982	994	998	-1	-1	-1	-1	-1	-1	-1	-1	-1	-1	-1	-1	-1
26	754	778	800	807	844	854	856	-1	-1	-1	-1	-1	-1	-1	-1	-1	-1	-1	-1	-1
14	93	109	440	622	631	772	786	-1	-1	-1	-1	-1	-1	-1	-1	-1	-1	-1	-1	-1
39	471	670	759	760	774	836	871	983	993	-1	-1	-1	-1	-1	-1	-1	-1	-1	-1	-1
20	125	143	162	771	797	930	945	-1	-1	-1	-1	-1	-1	-1	-1	-1	-1	-1	-1	-1
275	389	406	759	763	782	993	-1	-1	-1	-1	-1	-1	-1	-1	-1	-1	-1	-1	-1	-1
445	706	776	788	811	836	856	862	904	913	952	-1	-1	-1	-1	-1	-1	-1	-1	-1	-1
0	791	810	825	841	925	-1	-1	-1	-1	-1	-1	-1	-1	-1	-1	-1	-1	-1	-1	-1
91	123	435	441	564	583	758	759	760	764	781	782	797	799	854	860	966	-1	-1	-1	-1
111	175	274	352	550	590	748	772	784	789	799	814	875	-1	-1	-1	-1	-1	-1	-1	-1
758	776	789	879	-1	-1	-1	-1	-1	-1	-1	-1	-1	-1	-1	-1	-1	-1	-1	-1	-1
230	280	371	748	749	779	784	785	788	856	900	948	-1	-1	-1	-1	-1	-1	-1	-1	-1
450	597	739	750	762	778	786	799	800	801	968	972	974	-1	-1	-1	-1	-1	-1	-1	-1
285	744	760	785	868	876	879	-1	-1	-1	-1	-1	-1	-1	-1	-1	-1	-1	-1	-1	-1
353	529	587	744	753	759	780	805	934	-1	-1	-1	-1	-1	-1	-1	-1	-1	-1	-1	-1
78	397	591	758	760	766	786	803	820	822	841	891	939	961	973	-1	-1	-1	-1	-1	-1
750	752	769	780	805	843	879	982	-1	-1	-1	-1	-1	-1	-1	-1	-1	-1	-1	-1	-1
259	348	409	764	928	937	944	-1	-1	-1	-1	-1	-1	-1	-1	-1	-1	-1	-1	-1	-1
277	306	361	514	660	753	791	796	826	-1	-1	-1	-1	-1	-1	-1	-1	-1	-1	-1	-1
248	428	721	745	746	754	763	794	878	913	934	980	-1	-1	-1	-1	-1	-1	-1	-1	-1
764	765	781	817	855	877	918	-1	-1	-1	-1	-1	-1	-1	-1	-1	-1	-1	-1	-1	-1
745	755	782	785	813	852	902	937	-1	-1	-1	-1	-1	-1	-1	-1	-1	-1	-1	-1	-1
100	142	552	720	746	747	798	879	901	965	-1	-1	-1	-1	-1	-1	-1	-1	-1	-1	-1
118	768	796	803	906	-1	-1	-1	-1	-1	-1	-1	-1	-1	-1	-1	-1	-1	-1	-1	-1
201	597	788	873	-1	-1	-1	-1	-1	-1	-1	-1	-1	-1	-1	-1	-1	-1	-1	-1	-1
34	86	196	256	299	437	760	768	793	954	958	967	-1	-1	-1	-1	-1	-1	-1	-1	-1
52	74	745	796	819	890	925	-1	-1	-1	-1	-1	-1	-1	-1	-1	-1	-1	-1	-1	-1
148	210	268	518	721	759	784	829	968	994	-1	-1	-1	-1	-1	-1	-1	-1	-1	-1	-1
23	170	255	350	691	762	772	796	854	886	929	954	964	-1	-1	-1	-1	-1	-1	-1	-1
22	199	628	673	791	799	874	928	932	946	-1	-1	-1	-1	-1	-1	-1	-1	-1	-1	-1
212	518	607	747	749	763	767	774	776	777	783	785	789	855	913	914	918	924	929	-1	-1
163	458	602	677	753	757	781	846	851	966	-1	-1	-1	-1	-1	-1	-1	-1	-1	-1	-1
100	195	269	289	370	816	843	937	-1	-1	-1	-1	-1	-1	-1	-1	-1	-1	-1	-1	-1
306	633	760	765	766	772	809	838	940	968	-1	-1	-1	-1	-1	-1	-1	-1	-1	-1	-1
301	495	760	763	772	778	793	880	889	-1	-1	-1	-1	-1	-1	-1	-1	-1	-1	-1	-1
51	130	288	414	578	607	756	759	784	787	794	801	820	830	832	868	995	-1	-1	-1	-1
762	810	910	970	-1	-1	-1	-1	-1	-1	-1	-1	-1	-1	-1	-1	-1	-1	-1	-1	-1
486	761	764	765	767	865	944	-1	-1	-1	-1	-1	-1	-1	-1	-1	-1	-1	-1	-1	-1
155	730	732	751	758	804	-1	-1	-1	-1	-1	-1	-1	-1	-1	-1	-1	-1	-1	-1	-1
121	318	406	660	671	752	792	854	-1	-1	-1	-1	-1	-1	-1	-1	-1	-1	-1	-1	-1
213	728	746	751	753	764	765	793	883	895	900	921	932	966	-1	-1	-1	-1	-1	-1	-1
269	341	407	799	816	832	837	848	849	853	861	966	967	-1	-1	-1	-1	-1	-1	-1	-1
61	401	634	823	827	832	852	865	966	-1	-1	-1	-1	-1	-1	-1	-1	-1	-1	-1	-1
494	783	809	861	946	-1	-1	-1	-1	-1	-1	-1	-1	-1	-1	-1	-1	-1	-1	-1	-1
89	115	128	146	577	808	819	847	865	870	902	904	-1	-1	-1	-1	-1	-1	-1	-1	-1
74	401	408	723	750	765	808	832	845	855	938	-1	-1	-1	-1	-1	-1	-1	-1	-1	-1
416	626	656	766	779	855	865	938	944	971	986	998	-1	-1	-1	-1	-1	-1	-1	-1	-1
86	208	272	348	691	696	792	808	824	841	843	891	896	980	-1	-1	-1	-1	-1	-1	-1
58	503	759	846	847	854	858	935	-1	-1	-1	-1	-1	-1	-1	-1	-1	-1	-1	-1	-1
531	783	811	820	821	835	849	850	886	935	990	-1	-1	-1	-1	-1	-1	-1	-1	-1	-1
514	785	823	920	977	986	994	-1	-1	-1	-1	-1	-1	-1	-1	-1	-1	-1	-1	-1	-1
766	784	789	827	847	918	-1	-1	-1	-1	-1	-1	-1	-1	-1	-1	-1	-1	-1	-1	-1
48	223	348	808	825	830	849	852	856	921	938	958	974	983	-1	-1	-1	-1	-1	-1	-1
85	151	239	494	571	778	790	813	832	846	847	850	855	866	876	940	953	-1	-1	-1	-1
188	486	767	822	828	853	866	924	959	-1	-1	-1	-1	-1	-1	-1	-1	-1	-1	-1	-1
427	514	707	813	815	819	836	856	862	935	948	-1	-1	-1	-1	-1	-1	-1	-1	-1	-1
403	576	757	807	836	837	-1	-1	-1	-1	-1	-1	-1	-1	-1	-1	-1	-1	-1	-1	-1
129	240	771	817	856	866	984	987	-1	-1	-1	-1	-1	-1	-1	-1	-1	-1	-1	-1	-1
27	457	608	769	811	832	857	909	914	924	992	996	-1	-1	-1	-1	-1	-1	-1	-1	-1
6	152	749	778	837	839	873	894	943	994	-1	-1	-1	-1	-1	-1	-1	-1	-1	-1	-1
123	186	841	854	858	860	892	-1	-1	-1	-1	-1	-1	-1	-1	-1	-1	-1	-1	-1	-1
578	778	780	813	814	840	858	866	940	964	969	-1	-1	-1	-1	-1	-1	-1	-1	-1	-1
101	362	492	640	730	846	852	854	858	860	871	-1	-1	-1	-1	-1	-1	-1	-1	-1	-1
114	127	209	369	445	767	799	814	861	900	901	980	-1	-1	-1	-1	-1	-1	-1	-1	-1
182	328	569	620	807	824	826	859	867	890	-1	-1	-1	-1	-1	-1	-1	-1	-1	-1	-1
64	374	516	540	798	808	826	847	873	934	939	942	962	-1	-1	-1	-1	-1	-1	-1	-1
758	806	822	830	833	837	864	964	975	-1	-1	-1	-1	-1	-1	-1	-1	-1	-1	-1	-1
21	211	368	751	807	819	836	953	-1	-1	-1	-1	-1	-1	-1	-1	-1	-1	-1	-1	-1
109	674	780	812	814	841	862	863	-1	-1	-1	-1	-1	-1	-1	-1	-1	-1	-1	-1	-1
30	428	659	811	846	851	862	872	903	946	-1	-1	-1	-1	-1	-1	-1	-1	-1	-1	-1
54	55	114	445	511	814	825	843	899	938	962	995	998	-1	-1	-1	-1	-1	-1	-1	-1
107	247	798	810	824	928	-1	-1	-1	-1	-1	-1	-1	-1	-1	-1	-1	-1	-1	-1	-1
52	820	877	915	988	-1	-1	-1	-1	-1	-1	-1	-1	-1	-1	-1	-1	-1	-1	-1	-1
773	849	851	857	864	972	-1	-1	-1	-1	-1	-1	-1	-1	-1	-1	-1	-1	-1	-1	-1
138	187	284	737	815	863	895	973	974	-1	-1	-1	-1	-1	-1	-1	-1	-1	-1	-1	-1
71	107	115	652	702	792	822	845	849	867	980	-1	-1	-1	-1	-1	-1	-1	-1	-1	-1
67	335	495	504	604	719	756	809	810	850	-1	-1	-1	-1	-1	-1	-1	-1	-1	-1	-1
187	519	807	840	893	921	960	-1	-1	-1	-1	-1	-1	-1	-1	-1	-1	-1	-1	-1	-1
235	245	622	705	806	819	849	851	871	940	-1	-1	-1	-1	-1	-1	-1	-1	-1	-1	-1
23	109	758	795	809	812	815	826	836	-1	-1	-1	-1	-1	-1	-1	-1	-1	-1	-1	-1
200	751	808	832	927	931	-1	-1	-1	-1	-1	-1	-1	-1	-1	-1	-1	-1	-1	-1	-1
17	767	815	824	833	835	844	845	863	950	-1	-1	-1	-1	-1	-1	-1	-1	-1	-1	-1
250	254	654	820	851	852	873	-1	-1	-1	-1	-1	-1	-1	-1	-1	-1	-1	-1	-1	-1
97	763	772	814	821	886	894	906	927	-1	-1	-1	-1	-1	-1	-1	-1	-1	-1	-1	-1
190	345	445	587	818	820	874	921	-1	-1	-1	-1	-1	-1	-1	-1	-1	-1	-1	-1	-1
76	158	285	291	301	416	468	731	828	833	837	865	887	958	-1	-1	-1	-1	-1	-1	-1
272	282	355	881	948	956	963	-1	-1	-1	-1	-1	-1	-1	-1	-1	-1	-1	-1	-1	-1
90	241	681	805	819	832	838	888	995	-1	-1	-1	-1	-1	-1	-1	-1	-1	-1	-1	-1
44	161	237	377	449	763	813	816	820	860	882	918	958	980	-1	-1	-1	-1	-1	-1	-1
271	481	496	531	729	780	781	830	840	842	843	850	915	-1	-1	-1	-1	-1	-1	-1	-1
503	756	760	805	832	843	850	858	-1	-1	-1	-1	-1	-1	-1	-1	-1	-1	-1	-1	-1
88	556	572	814	826	831	845	862	865	875	889	911	935	946	947	-1	-1	-1	-1	-1	-1
479	836	837	850	864	-1	-1	-1	-1	-1	-1	-1	-1	-1	-1	-1	-1	-1	-1	-1	-1
230	806	833	857	862	866	999	-1	-1	-1	-1	-1	-1	-1	-1	-1	-1	-1	-1	-1	-1
10	110	176	231	354	384	493	801	835	837	909	976	-1	-1	-1	-1	-1	-1	-1	-1	-1
686	721	782	862	879	929	955	969	991	-1	-1	-1	-1	-1	-1	-1	-1	-1	-1	-1	-1
497	786	835	840	897	922	-1	-1	-1	-1	-1	-1	-1	-1	-1	-1	-1	-1	-1	-1	-1
99	306	767	777	812	848	853	971	-1	-1	-1	-1	-1	-1	-1	-1	-1	-1	-1	-1	-1
29	82	491	780	826	846	862	918	953	-1	-1	-1	-1	-1	-1	-1	-1	-1	-1	-1	-1
66	483	807	852	974	-1	-1	-1	-1	-1	-1	-1	-1	-1	-1	-1	-1	-1	-1	-1	-1
142	183	616	663	806	813	856	862	867	880	960	-1	-1	-1	-1	-1	-1	-1	-1	-1	-1
466	714	838	840	853	865	884	893	981	-1	-1	-1	-1	-1	-1	-1	-1	-1	-1	-1	-1
752	835	844	845	854	865	917	931	943	-1	-1	-1	-1	-1	-1	-1	-1	-1	-1	-1	-1
156	636	833	884	894	914	-1	-1	-1	-1	-1	-1	-1	-1	-1	-1	-1	-1	-1	-1	-1
466	484	772	810	863	876	880	937	977	-1	-1	-1	-1	-1	-1	-1	-1	-1	-1	-1	-1
103	443	774	784	879	881	889	911	951	997	-1	-1	-1	-1	-1	-1	-1	-1	-1	-1	-1
328	459	635	726	797	870	875	-1	-1	-1	-1	-1	-1	-1	-1	-1	-1	-1	-1	-1	-1
645	699	716	721	788	831	837	879	890	891	923	924	985	999	-1	-1	-1	-1	-1	-1	-1
236	291	354	762	782	786	838	907	908	909	925	989	-1	-1	-1	-1	-1	-1	-1	-1	-1
134	304	357	376	660	756	873	876	884	885	900	921	927	937	961	973	-1	-1	-1	-1	-1
161	621	804	861	877	891	907	919	923	-1	-1	-1	-1	-1	-1	-1	-1	-1	-1	-1	-1
596	834	880	886	893	914	-1	-1	-1	-1	-1	-1	-1	-1	-1	-1	-1	-1	-1	-1	-1
181	197	645	679	872	885	886	897	943	-1	-1	-1	-1	-1	-1	-1	-1	-1	-1	-1	-1
24	646	867	903	924	929	-1	-1	-1	-1	-1	-1	-1	-1	-1	-1	-1	-1	-1	-1	-1
135	214	741	762	805	869	896	906	909	919	922	999	-1	-1	-1	-1	-1	-1	-1	-1	-1
21	64	187	294	399	854	873	877	879	889	917	925	927	-1	-1	-1	-1	-1	-1	-1	-1
539	851	877	896	937	962	982	-1	-1	-1	-1	-1	-1	-1	-1	-1	-1	-1	-1	-1	-1
77	400	790	847	876	889	895	901	910	923	947	977	-1	-1	-1	-1	-1	-1	-1	-1	-1
350	657	729	782	790	843	876	889	897	900	904	907	917	924	945	-1	-1	-1	-1	-1	-1
267	465	506	632	801	808	819	845	908	923	-1	-1	-1	-1	-1	-1	-1	-1	-1	-1	-1
28	250	346	776	794	880	891	893	988	-1	-1	-1	-1	-1	-1	-1	-1	-1	-1	-1	-1
69	87	116	315	817	836	838	893	917	932	988	-1	-1	-1	-1	-1	-1	-1	-1	-1	-1
22	68	741	752	794	802	888	899	954	-1	-1	-1	-1	-1	-1	-1	-1	-1	-1	-1	-1
5	72	172	319	433	446	533	559	796	805	870	882	885	903	-1	-1	-1	-1	-1	-1	-1
64	133	369	602	751	856	875	894	917	926	-1	-1	-1	-1	-1	-1	-1	-1	-1	-1	-1
290	462	533	591	771	785	845	879	898	942	-1	-1	-1	-1	-1	-1	-1	-1	-1	-1	-1
125	789	820	872	895	918	929	-1	-1	-1	-1	-1	-1	-1	-1	-1	-1	-1	-1	-1	-1
34	399	785	811	812	856	870	881	895	901	911	914	929	964	973	-1	-1	-1	-1	-1	-1
80	561	869	891	905	990	-1	-1	-1	-1	-1	-1	-1	-1	-1	-1	-1	-1	-1	-1	-1
157	484	585	879	921	931	-1	-1	-1	-1	-1	-1	-1	-1	-1	-1	-1	-1	-1	-1	-1
205	209	458	715	782	797	810	822	868	869	904	908	-1	-1	-1	-1	-1	-1	-1	-1	-1
15	160	418	462	622	718	732	842	883	884	889	902	908	-1	-1	-1	-1	-1	-1	-1	-1
94	428	443	525	769	878	888	951	-1	-1	-1	-1	-1	-1	-1	-1	-1	-1	-1	-1	-1
230	493	541	824	835	843	876	885	888	893	896	902	912	923	951	972	-1	-1	-1	-1	-1
80	262	366	621	683	842	871	878	883	888	894	901	949	-1	-1	-1	-1	-1	-1	-1	-1
713	838	910	931	938	-1	-1	-1	-1	-1	-1	-1	-1	-1	-1	-1	-1	-1	-1	-1	-1
271	525	734	773	807	808	822	885	891	900	923	952	955	-1	-1	-1	-1	-1	-1	-1	-1
20	620	675	735	746	751	757	928	941	962	978	989	-1	-1	-1	-1	-1	-1	-1	-1	-1
432	572	781	813	872	890	927	936	-1	-1	-1	-1	-1	-1	-1	-1	-1	-1	-1	-1	-1
134	286	424	452	863	868	876	881	896	902	903	922	926	994	-1	-1	-1	-1	-1	-1	-1
795	908	960	987	-1	-1	-1	-1	-1	-1	-1	-1	-1	-1	-1	-1	-1	-1	-1	-1	-1
354	553	790	801	878	891	925	936	-1	-1	-1	-1	-1	-1	-1	-1	-1	-1	-1	-1	-1
59	575	577	874	879	885	900	905	914	924	-1	-1	-1	-1	-1	-1	-1	-1	-1	-1	-1
131	238	255	479	711	751	752	783	859	860	862	873	878	888	907	951	-1	-1	-1	-1	-1
194	418	425	597	752	878	913	-1	-1	-1	-1	-1	-1	-1	-1	-1	-1	-1	-1	-1	-1
531	593	831	856	879	890	-1	-1	-1	-1	-1	-1	-1	-1	-1	-1	-1	-1	-1	-1	-1
405	645	835	877	897	899	906	909	928	937	988	999	-1	-1	-1	-1	-1	-1	-1	-1	-1
253	747	753	788	816	873	886	890	896	900	953	-1	-1	-1	-1	-1	-1	-1	-1	-1	-1
8	49	309	313	608	822	828	831	861	880	912	914	920	923	-1	-1	-1	-1	-1	-1	-1
146	286	529	718	827	880	888	892	897	905	909	-1	-1	-1	-1	-1	-1	-1	-1	-1	-1
3	84	158	163	216	306	663	876	877	891	893	911	977	-1	-1	-1	-1	-1	-1	-1	-1
62	227	253	777	793	885	886	926	929	-1	-1	-1	-1	-1	-1	-1	-1	-1	-1	-1	-1
160	743	879	913	-1	-1	-1	-1	-1	-1	-1	-1	-1	-1	-1	-1	-1	-1	-1	-1	-1
390	858	869	884	900	906	917	984	990	-1	-1	-1	-1	-1	-1	-1	-1	-1	-1	-1	-1
205	387	726	757	802	862	866	896	914	927	967	-1	-1	-1	-1	-1	-1	-1	-1	-1	-1
55	118	190	258	305	782	790	898	909	926	980	-1	-1	-1	-1	-1	-1	-1	-1	-1	-1
143	204	240	471	537	765	874	878	887	913	928	947	989	-1	-1	-1	-1	-1	-1	-1	-1
378	467	902	920	927	934	-1	-1	-1	-1	-1	-1	-1	-1	-1	-1	-1	-1	-1	-1	-1
80	298	411	442	592	599	762	816	886	898	899	909	925	-1	-1	-1	-1	-1	-1	-1	-1
403	593	779	883	886	894	896	916	968	984	-1	-1	-1	-1	-1	-1	-1	-1	-1	-1	-1
363	384	742	776	873	915	-1	-1	-1	-1	-1	-1	-1	-1	-1	-1	-1	-1	-1	-1	-1
289	640	681	854	877	882	962	-1	-1	-1	-1	-1	-1	-1	-1	-1	-1	-1	-1	-1	-1
174	213	512	627	668	763	771	836	871	876	877	907	910	911	912	987	-1	-1	-1	-1	-1
2	512	532	557	883	885	905	914	915	917	-1	-1	-1	-1	-1	-1	-1	-1	-1	-1	-1
214	737	771	832	872	897	902	904	923	931	-1	-1	-1	-1	-1	-1	-1	-1	-1	-1	-1
201	328	808	920	928	965	967	969	972	979	985	-1	-1	-1	-1	-1	-1	-1	-1	-1	-1
81	178	580	801	879	909	942	949	951	963	967	983	986	-1	-1	-1	-1	-1	-1	-1	-1
545	781	786	914	937	-1	-1	-1	-1	-1	-1	-1	-1	-1	-1	-1	-1	-1	-1	-1	-1
178	719	829	940	965	991	997	-1	-1	-1	-1	-1	-1	-1	-1	-1	-1	-1	-1	-1	-1
122	282	738	762	810	869	936	939	967	972	973	977	981	-1	-1	-1	-1	-1	-1	-1	-1
113	379	513	637	779	862	950	965	-1	-1	-1	-1	-1	-1	-1	-1	-1	-1	-1	-1	-1
230	302	847	856	859	873	893	939	944	945	955	971	973	989	-1	-1	-1	-1	-1	-1	-1
2	282	431	780	797	817	928	934	950	970	989	-1	-1	-1	-1	-1	-1	-1	-1	-1	-1
686	773	806	816	898	947	982	-1	-1	-1	-1	-1	-1	-1	-1	-1	-1	-1	-1	-1	-1
247	272	371	433	708	763	799	878	894	925	931	962	968	974	991	-1	-1	-1	-1	-1	-1
421	507	782	948	956	959	971	982	986	-1	-1	-1	-1	-1	-1	-1	-1	-1	-1	-1	-1
14	177	641	775	782	826	859	867	893	934	950	954	972	986	-1	-1	-1	-1	-1	-1	-1
13	334	342	414	819	902	946	958	964	-1	-1	-1	-1	-1	-1	-1	-1	-1	-1	-1	-1
293	665	864	882	931	932	947	963	-1	-1	-1	-1	-1	-1	-1	-1	-1	-1	-1	-1	-1
22	68	178	284	312	820	835	959	964	975	982	983	-1	-1	-1	-1	-1	-1	-1	-1	-1
107	194	237	648	802	804	840	961	977	980	991	992	-1	-1	-1	-1	-1	-1	-1	-1	-1
188	641	793	845	886	890	903	930	941	967	-1	-1	-1	-1	-1	-1	-1	-1	-1	-1	-1
300	383	459	523	938	939	940	946	965	-1	-1	-1	-1	-1	-1	-1	-1	-1	-1	-1	-1
189	773	784	894	957	967	-1	-1	-1	-1	-1	-1	-1	-1	-1	-1	-1	-1	-1	-1	-1
83	283	387	521	785	822	909	916	946	960	982	-1	-1	-1	-1	-1	-1	-1	-1	-1	-1
196	373	720	823	841	881	923	926	960	963	969	978	980	986	-1	-1	-1	-1	-1	-1	-1
143	589	640	688	710	943	944	949	958	963	983	-1	-1	-1	-1	-1	-1	-1	-1	-1	-1
139	301	816	898	946	-1	-1	-1	-1	-1	-1	-1	-1	-1	-1	-1	-1	-1	-1	-1	-1
58	227	476	523	530	785	796	802	828	837	936	980	985	-1	-1	-1	-1	-1	-1	-1	-1
12	24	137	704	740	770	861	940	961	990	-1	-1	-1	-1	-1	-1	-1	-1	-1	-1	-1
117	157	829	849	852	899	990	-1	-1	-1	-1	-1	-1	-1	-1	-1	-1	-1	-1	-1	-1
145	865	884	894	947	974	-1	-1	-1	-1	-1	-1	-1	-1	-1	-1	-1	-1	-1	-1	-1
81	402	605	655	811	815	872	888	938	951	958	967	970	972	982	-1	-1	-1	-1	-1	-1
112	124	237	286	593	848	901	909	943	-1	-1	-1	-1	-1	-1	-1	-1	-1	-1	-1	-1
123	491	710	746	810	824	839	891	902	930	938	970	976	-1	-1	-1	-1	-1	-1	-1	-1
18	253	268	559	816	990	999	-1	-1	-1	-1	-1	-1	-1	-1	-1	-1	-1	-1	-1	-1
250	378	776	852	939	989	-1	-1	-1	-1	-1	-1	-1	-1	-1	-1	-1	-1	-1	-1	-1
397	769	828	887	979	991	-1	-1	-1	-1	-1	-1	-1	-1	-1	-1	-1	-1	-1	-1	-1
277	318	515	634	810	890	949	959	-1	-1	-1	-1	-1	-1	-1	-1	-1	-1	-1	-1	-1
195	241	253	371	639	776	794	802	861	917	932	957	-1	-1	-1	-1	-1	-1	-1	-1	-1
374	546	705	786	989	-1	-1	-1	-1	-1	-1	-1	-1	-1	-1	-1	-1	-1	-1	-1	-1
534	789	880	987	-1	-1	-1	-1	-1	-1	-1	-1	-1	-1	-1	-1	-1	-1	-1	-1	-1
455	852	871	946	947	961	965	-1	-1	-1	-1	-1	-1	-1	-1	-1	-1	-1	-1	-1	-1
534	565	752	940	945	947	957	-1	-1	-1	-1	-1	-1	-1	-1	-1	-1	-1	-1	-1	-1
43	399	806	852	876	929	954	989	-1	-1	-1	-1	-1	-1	-1	-1	-1	-1	-1	-1	-1
116	195	597	690	895	900	904	933	942	948	977	-1	-1	-1	-1	-1	-1	-1	-1	-1	-1
148	182	645	652	784	822	883	940	970	-1	-1	-1	-1	-1	-1	-1	-1	-1	-1	-1	-1
313	669	906	936	948	951	957	985	-1	-1	-1	-1	-1	-1	-1	-1	-1	-1	-1	-1	-1
429	549	612	817	850	930	935	962	-1	-1	-1	-1	-1	-1	-1	-1	-1	-1	-1	-1	-1
386	649	762	798	801	816	829	881	887	928	936	938	949	951	953	955	972	985	992	-1	-1
126	273	446	511	883	922	932	941	986	-1	-1	-1	-1	-1	-1	-1	-1	-1	-1	-1	-1
261	274	652	705	750	769	793	836	845	866	930	957	968	975	980	990	-1	-1	-1	-1	-1
617	723	752	760	764	913	941	944	963	975	-1	-1	-1	-1	-1	-1	-1	-1	-1	-1	-1
42	486	722	803	824	837	843	939	941	947	949	954	968	-1	-1	-1	-1	-1	-1	-1	-1
83	185	405	431	578	838	899	922	934	959	983	-1	-1	-1	-1	-1	-1	-1	-1	-1	-1
355	543	802	844	939	954	960	968	979	-1	-1	-1	-1	-1	-1	-1	-1	-1	-1	-1	-1
92	663	758	767	816	845	950	965	966	979	-1	-1	-1	-1	-1	-1	-1	-1	-1	-1	-1
183	311	702	847	881	973	984	988	-1	-1	-1	-1	-1	-1	-1	-1	-1	-1	-1	-1	-1
106	364	374	465	777	826	890	905	908	945	965	981	982	988	997	-1	-1	-1	-1	-1	-1
263	771	829	879	921	938	943	944	955	987	-1	-1	-1	-1	-1	-1	-1	-1	-1	-1	-1
906	972	-1	-1	-1	-1	-1	-1	-1	-1	-1	-1	-1	-1	-1	-1	-1	-1	-1	-1	-1
291	381	581	620	777	838	843	904	932	947	950	960	-1	-1	-1	-1	-1	-1	-1	-1	-1
136	185	294	611	718	790	818	952	965	986	997	-1	-1	-1	-1	-1	-1	-1	-1	-1	-1
790	828	919	938	959	971	-1	-1	-1	-1	-1	-1	-1	-1	-1	-1	-1	-1	-1	-1	-1
228	768	797	935	939	945	946	954	959	979	-1	-1	-1	-1	-1	-1	-1	-1	-1	-1	-1
283	288	564	649	809	846	889	905	938	939	955	972	-1	-1	-1	-1	-1	-1	-1	-1	-1
91	124	222	430	489	816	878	924	930	932	942	943	949	951	963	969	-1	-1	-1	-1	-1
300	397	650	763	869	874	-1	-1	-1	-1	-1	-1	-1	-1	-1	-1	-1	-1	-1	-1	-1
176	800	807	839	884	933	-1	-1	-1	-1	-1	-1	-1	-1	-1	-1	-1	-1	-1	-1	-1
76	126	486	555	565	588	788	818	931	-1	-1	-1	-1	-1	-1	-1	-1	-1	-1	-1	-1
86	474	490	918	979	-1	-1	-1	-1	-1	-1	-1	-1	-1	-1	-1	-1	-1	-1	-1	-1
810	846	891	930	942	-1	-1	-1	-1	-1	-1	-1	-1	-1	-1	-1	-1	-1	-1	-1	-1
70	186	512	826	852	943	984	-1	-1	-1	-1	-1	-1	-1	-1	-1	-1	-1	-1	-1	-1
15	287	383	553	816	891	921	947	-1	-1	-1	-1	-1	-1	-1	-1	-1	-1	-1	-1	-1
88	103	319	446	753	790	881	964	-1	-1	-1	-1	-1	-1	-1	-1	-1	-1	-1	-1	-1
#0.1005693971928