rs_generated = 50
1e-05
	5.154854910714287e-05	0.0	0.0	0.0	0.0	5.594308035714287e-05	6.026785714285716e-05	5.4687499999999994e-05	5.91517857142857e-05	4.9665178571428565e-05	4.6595982142857145e-05	4.520089285714284e-05	3.906249999999999e-05	4.352678571428572e-05	5.859375000000001e-05	4.3945312500000005e-05	4.241071428571427e-05	3.683035714285714e-05	5.1897321428571417e-05	4.464285714285714e-05	5.970982142857143e-05	6.0825892857142856e-05	7.366071428571427e-05	5.301339285714285e-05	5.1339285714285683e-05	
	4.253300981959676e-05	0.0	0.0	0.0	0.0	6.348484051203541e-05	6.117048931269966e-05	7.699275192413923e-05	8.285280112931905e-05	7.804324485056247e-05	3.913318699948838e-05	5.831139451316657e-05	5.1569263625660365e-05	4.349815908460954e-05	5.4604871068027144e-05	3.971841492313482e-05	5.109608545651605e-05	4.132479594101254e-05	5.9348875663909196e-05	5.305743001787818e-05	5.6154033428992354e-05	6.092308748322365e-05	9.616365727025902e-05	6.690613174264397e-05	5.673332601401264e-05	
1.3894954943731388e-05
	9.762137276785718e-05	0.0	0.0	0.0	0.0	9.877232142857147e-05	0.00010546875	0.00010546874999999997	0.00010100446428571428	8.31473214285714e-05	9.514508928571429e-05	9.54241071428571e-05	9.095982142857142e-05	0.00010602678571428573	8.816964285714285e-05	9.612165178571433e-05	8.649553571428572e-05	9.87723214285714e-05	0.00011439732142857142	8.482142857142854e-05	0.00010044642857142861	0.00011718749999999997	8.87276785714286e-05	9.933035714285716e-05	9.65401785714286e-05	
	7.460042657512624e-05	0.0	0.0	0.0	0.0	8.314732142857147e-05	0.00010240981665676487	0.00010693193291652422	0.00010069259270792276	8.499563583765759e-05	7.846257980697886e-05	8.984028387280209e-05	8.402283543301074e-05	9.790306819562573e-05	0.00010006748958228651	8.356095710704071e-05	8.035520520977373e-05	0.0001027619396606801	0.0001250983649166329	7.767728857725589e-05	8.893625809435957e-05	0.00010274527142590383	9.018623718744085e-05	0.00011468414608897848	9.69618166574293e-05	
1.9306977288832496e-05
	0.00010686383928571434	0.0	0.0	0.0	0.0	9.430803571428574e-05	8.761160714285712e-05	0.00010156250000000001	9.821428571428573e-05	8.984375000000001e-05	0.00011300223214285714	0.00010770089285714284	0.00010546874999999999	0.000125	0.00011383928571428573	0.00011090959821428573	0.00010602678571428571	0.00012555803571428573	0.00011718749999999998	9.486607142857143e-05	0.00010923549107142859	0.00010044642857142857	0.00011104910714285713	0.00011216517857142857	0.00011328124999999998	
	5.885871611038746e-05	0.0	0.0	0.0	0.0	7.140676983131469e-05	7.012402105045345e-05	0.00012296554700143552	7.77734437061801e-05	6.816035624718828e-05	7.183016552375003e-05	8.409692639175075e-05	7.552885066228712e-05	0.00010841414682661511	0.00011258500190105796	7.591324219890201e-05	0.00010347011477921278	0.0001095442727126881	8.105936967820284e-05	7.141985158828641e-05	6.48725518370742e-05	6.411342239439764e-05	8.60877484111341e-05	0.00011506772204267607	7.882143350196598e-05	
2.6826957952797274e-05
	0.00017550223214285717	0.0	0.0	0.0	0.0	0.0001708984375000001	0.00018638392857142863	0.00018024553571428578	0.00014899553571428572	0.00016796875	0.00016587611607142861	0.00015513392857142858	0.00016796875	0.00016238839285714283	0.00017801339285714295	0.00018680245535714293	0.0001925223214285715	0.00017578125000000002	0.00022098214285714288	0.00015792410714285716	0.00017843191964285725	0.0001724330357142857	0.00017578125000000005	0.00017522321428571432	0.00019029017857142858	
	9.634260755984012e-05	0.0	0.0	0.0	0.0	0.00011143742327062189	0.0001277938337749238	0.00013246855787594813	0.00011494858466527435	0.00014789420411715837	9.584567992664407e-05	0.00012164154609592543	0.00010611339272942762	0.0001028951883343729	0.00011931920634595814	0.00012355159924876423	0.00015316530179498134	0.00011675488813006515	0.00016702336139759325	0.00013754306890125087	0.00011352624246203622	0.00013233684896350894	0.00011707450972899454	0.00015036344547996751	0.00013858960488935122	
3.727593720314938e-05
	0.00020336914062500007	0.0	0.0	0.0	0.0	0.00020200892857142865	0.00022991071428571437	0.0001986607142857143	0.0001657366071428571	0.00021372767857142855	0.00021665736607142877	0.00022712053571428574	0.0002377232142857143	0.0001947544642857143	0.00020703125	0.00020312500000000013	0.00019531249999999996	0.00020703124999999994	0.00020870535714285717	0.0002014508928571429	0.00019168526785714294	0.00018917410714285716	0.00019475446428571434	0.00017075892857142862	0.00021205357142857145	
	9.06515489276108e-05	0.0	0.0	0.0	0.0	0.00011600702196594904	0.000149919594733991	0.00013730854017169383	0.00011956948834818049	0.00013668002366979705	0.0001100751968719036	0.00013242153401692904	0.0001571680618483876	0.0001310124775437897	0.00010623071319172819	0.0001035062237018892	0.0001262444037328073	0.00012919340311086348	0.00012413504150712032	0.00012621850099262493	0.0001068791368200379	0.00013392740884912076	0.0001315816975274404	9.424692916761537e-05	0.0001522936616376401	
5.1794746792312125e-05
	0.00028128487723214286	0.0	0.0	0.0	0.0	0.00030161830357142876	0.0003297991071428572	0.0003180803571428572	0.0002823660714285714	0.00027622767857142863	0.00027218191964285734	0.00028515625000000004	0.0002756696428571428	0.00026060267857142856	0.00026729910714285717	0.00028696986607142875	0.00028348214285714283	0.00026674107142857147	0.0002979910714285714	0.0002996651785714286	0.00026436941964285733	0.0002684151785714285	0.00024776785714285715	0.0002611607142857143	0.00028013392857142863	
	9.369127549274649e-05	0.0	0.0	0.0	0.0	0.00011471638595159637	0.00017243122976400572	0.00013766640412003886	0.00014505064732767858	0.00013491891099414369	0.00011627037688442506	0.0001574006974949822	0.00013499851632546388	0.0001359948034129439	0.0001475147118846697	0.00010524476271658834	0.00014782786330177193	0.00011863477055685036	0.00013191850978483665	0.00014186734216667875	0.00010896486843457203	0.00012532716870161887	0.00012898232333208634	0.00014101420064363472	0.0001669599586433184	
7.196856730011514e-05
	0.00041852678571428596	0.0	0.0	0.0	0.0	0.00043066406250000033	0.0004352678571428572	0.0004419642857142859	0.0003956473214285715	0.00044977678571428594	0.00041210937500000026	0.00040792410714285713	0.00042912946428571425	0.0004090401785714287	0.0004023437500000001	0.0003929966517857146	0.00038895089285714287	0.000375	0.0004190848214285715	0.000388950892857143	0.0004383370535714289	0.00044977678571428566	0.0004196428571428573	0.0004190848214285715	0.00046484375000000025	
	0.00014074646424852574	0.0	0.0	0.0	0.0	0.00015041048882782077	0.00017326087830647362	0.00018716754114063877	0.00014388126043302047	0.00023280458142950372	0.00016054829093421985	0.0001990232634315847	0.00019359818438037158	0.00017838910195309415	0.0002010470328526281	0.00017145817591854745	0.00021640780409078772	0.0001803206734698279	0.0001690756126676693	0.0002049982002297024	0.00016977474277477038	0.0001941162344680532	0.00020189482274573237	0.0002089461881595277	0.0001988917885151212	
0.0001
	0.000548304966517858	0.0	0.0	0.0	0.0	0.0005498046875000002	0.000570870535714286	0.0005452008928571432	0.0005541294642857146	0.0005290178571428573	0.0005287388392857146	0.0005507812500000003	0.0005000000000000001	0.0005078125000000001	0.0005563616071428575	0.0005558035714285717	0.0005803571428571432	0.0005083705357142859	0.0005892857142857145	0.0005452008928571432	0.0005588727678571432	0.0005496651785714285	0.0005758928571428573	0.0005100446428571429	0.0005998883928571431	
	0.00011881644134721781	0.0	0.0	0.0	0.0	0.00014715639589114713	0.0002467445637967199	0.00016424745860634085	0.0002148480982862383	0.00018967961457738304	0.0001488279785338609	0.00022573286149086934	0.00017743780798220733	0.00015494914483163877	0.00018497095266090975	0.00014013142369933933	0.00018250412788873752	0.0001599130183864277	0.00021634519993684727	0.00016881018478671035	0.00014236775086293247	0.00020327748274913616	0.00017146867555454157	0.00016655660095997964	0.00023623768218988234	
0.00013894954943731373
	0.0007428501674107154	0.0	0.0	0.0	0.0	0.0007463727678571428	0.0007120535714285719	0.0008297991071428577	0.0007120535714285717	0.0007315848214285719	0.0007409319196428571	0.0007293526785714294	0.0007695312500000005	0.0007075892857142862	0.0007572544642857145	0.000735072544642857	0.0006897321428571433	0.000737165178571429	0.0007717633928571435	0.0007416294642857151	0.0007490234375000001	0.0007433035714285722	0.000737165178571429	0.0007656250000000007	0.0007500000000000004	
	0.00018944700918633515	0.0	0.0	0.0	0.0	0.0002533406856083216	0.0002703934975085351	0.0003164170759044904	0.00028357000888003784	0.0003224456680510166	0.00022271668692550733	0.00028311225780979925	0.00029988851746501794	0.00021218276139850292	0.00026806109701688703	0.00018070790284406722	0.00021245263202556932	0.00023767277612977384	0.0002065116699226801	0.0002500342520780167	0.0002385022952612739	0.0002697200841395864	0.0003139510118835795	0.0002660935243701638	0.0002485508862355345	
0.00019306977288832496
	0.0009753069196428589	0.0	0.0	0.0	0.0	0.0009660993303571422	0.0009843750000000007	0.0010033482142857153	0.0009570312500000009	0.0009196428571428582	0.0009832589285714277	0.0010083705357142867	0.0009642857142857154	0.0009966517857142867	0.0009637276785714297	0.0009746093749999991	0.0009391741071428578	0.0009871651785714295	0.0009910714285714293	0.0009810267857142865	0.0009772600446428567	0.0009799107142857153	0.0009793526785714295	0.0009743303571428583	0.0009754464285714295	
	0.00013777409060072206	0.0	0.0	0.0	0.0	0.00020275668252912922	0.00026428986181591173	0.00031578905301556066	0.0002297149120720826	0.00024073016519793425	0.00020600589610279032	0.00028260583676282646	0.0002424830528740569	0.0002557995784717036	0.00026827011969827633	0.00015299009889314808	0.00017536089194193866	0.00023162112452118462	0.00021385512914764344	0.000244363578044832	0.00018253052005979292	0.00021766540523290387	0.00028621031074411676	0.0002608146936971575	0.00022394968144971483	
0.00026826957952797245
	0.0014601004464285703	0.0	0.0	0.0	0.0	0.0015062779017857148	0.0015323660714285725	0.001540736607142859	0.001472656250000002	0.00147935267857143	0.0014580078125000003	0.0014414062500000021	0.0014492187500000017	0.0013989955357142875	0.0015424107142857162	0.001453125000000001	0.0014564732142857157	0.0014174107142857159	0.0014988839285714306	0.0014397321428571445	0.001422991071428572	0.0013956473214285733	0.0014330357142857161	0.0013750000000000017	0.001488281250000002	
	0.0002439174681647627	0.0	0.0	0.0	0.0	0.00026666105339085073	0.00034088811862960535	0.00034979492941706095	0.0003586216420169419	0.0002669248796988851	0.0002468606056268225	0.00029506900240291263	0.0003436118221528221	0.0002976538646859275	0.00032434502781193784	0.0003132186411622986	0.0003407857904293343	0.00036978867249913664	0.0004120873665718689	0.00037022631230293295	0.00028651751282644225	0.0003344114863926568	0.00037706700738890543	0.0003068201949274303	0.0003186335063423164	
0.0003727593720314938
	0.00200163922991071	0.0	0.0	0.0	0.0	0.0020449218750000033	0.002066406250000001	0.0020491071428571446	0.0020345982142857158	0.002029575892857144	0.0019635881696428597	0.001986049107142859	0.0019481026785714308	0.0019257812500000024	0.0019944196428571446	0.001965680803571431	0.001985491071428573	0.0019391741071428591	0.0020385044642857162	0.0018995535714285733	0.0020323660714285747	0.0020195312500000022	0.0020301339285714293	0.0019425223214285738	0.002137276785714287	
	0.0002682005157295689	0.0	0.0	0.0	0.0	0.00038400794948082904	0.00044812422115090997	0.0004329206400857368	0.0004392999485026863	0.0004629581460968875	0.0002662689719184716	0.0003492247066103864	0.00031850056438648404	0.00028685369815397343	0.0003755559627675746	0.00031491154868802657	0.00036381018452856496	0.0003544185821729843	0.00040892672856630017	0.000402120396321493	0.0003037226965228852	0.0004513674212077932	0.00038693892219847397	0.00030300825436316547	0.00034934105414931885	
0.0005179474679231213
	0.002633789062499992	0.0	0.0	0.0	0.0	0.002621233258928579	0.002679129464285714	0.002597656249999999	0.0026333705357142858	0.0025747767857142857	0.002633370535714293	0.002585937499999999	0.0026523437499999998	0.002560825892857142	0.002734375	0.002598493303571435	0.0025373883928571424	0.002510044642857143	0.0026835937499999998	0.002662946428571428	0.0026820591517857225	0.0026964285714285705	0.0026662946428571413	0.0026367187499999997	0.0027287946428571417	
	0.0002872052798441349	0.0	0.0	0.0	0.0	0.0003504468450986374	0.0004335901590217158	0.00042120977822931294	0.0003748899544900047	0.00045869177943060833	0.0003514646086785143	0.0004194869937560435	0.0004806858228736322	0.00046717922137484344	0.00039503253224337255	0.00034432781963738765	0.00042432406048063397	0.0004622193349138893	0.0003909911389927978	0.0004063848873397754	0.0002900865010507516	0.00034007046229271186	0.00035630307237598344	0.0004593332267684179	0.0003903299268180308	
0.0007196856730011514
	0.003590262276785704	0.0	0.0	0.0	0.0	0.003675781250000014	0.003801897321428567	0.0036579241071428526	0.0037310267857142824	0.003512276785714282	0.0035082310267857274	0.0035597098214285674	0.0033856026785714258	0.003421874999999996	0.0036657366071428535	0.0035983537946428714	0.00354520089285714	0.003530691964285712	0.003607700892857139	0.003709821428571424	0.0035786830357143	0.0035837053571428526	0.0035379464285714246	0.0035502232142857106	0.0036428571428571387	
	0.00033519121367581547	0.0	0.0	0.0	0.0	0.0003756977259577966	0.0004405129121572538	0.00048152209490516187	0.0005033110930245901	0.0005294826826935141	0.0004140786456814953	0.0005218869219698662	0.0004846728917545866	0.0005490617722254818	0.0005674537288229503	0.0004110263326168557	0.0005203308255605647	0.0004584836506921578	0.0004725791596771826	0.0005706651219772645	0.0004122165666342354	0.0004524413716211905	0.0004934247588698965	0.0004904864108660502	0.0005360211174877878	
0.001
	0.004833775111607133	0.0	0.0	0.0	0.0	0.004901088169642861	0.005055803571428574	0.004911830357142857	0.004794084821428571	0.004842633928571426	0.004744559151785719	0.0047310267857142855	0.004700334821428571	0.004703683035714283	0.004843191964285713	0.004802176339285717	0.004714843749999999	0.0048113839285714305	0.004969308035714286	0.0047131696428571405	0.004887276785714287	0.004840959821428571	0.004936941964285716	0.004820870535714285	0.004950334821428571	
	0.0003108017455409921	0.0	0.0	0.0	0.0	0.0003954953623008866	0.0005624379926140458	0.0005505287473929021	0.0005464987658979959	0.0005027514676115719	0.0004313429950230035	0.0005976966293715584	0.0005466901906206925	0.0006288938710912564	0.0005628251500542996	0.00041355294126747897	0.00043315902549800124	0.0006275845397331911	0.0005798136083708385	0.0005238775564162987	0.000443654536992862	0.0004648591576935451	0.0005635638567574566	0.0005847508711356053	0.0006288443530194593	
0.0013894954943731374
	0.006681326729910703	0.0	0.0	0.0	0.0	0.006797293526785702	0.006808035714285723	0.0068565848214285794	0.006813616071428582	0.006710937500000006	0.0067195870535714155	0.006740513392857152	0.0065848214285714355	0.006600446428571436	0.006952566964285724	0.006592354910714273	0.006556919642857152	0.006532366071428579	0.006659598214285723	0.006620535714285721	0.0066160714285714165	0.006656250000000006	0.006697544642857152	0.006449776785714291	0.006660714285714292	
	0.00044111168905443466	0.0	0.0	0.0	0.0	0.0005719299671161673	0.0007797658095821932	0.0008194106056993822	0.0006402933981872066	0.0006110845248215716	0.0004298859373365176	0.0005459514682825463	0.0006638514445519243	0.0005527697968791699	0.000670924879563326	0.0005976788497586104	0.0008133205420555121	0.0007999756789889667	0.0006784860657656446	0.0007034756778572648	0.00047667291816338113	0.0005886300803495776	0.0006677045981607269	0.0006035036927730371	0.0006724976350861257	
0.0019306977288832496
	0.008784807477678562	0.0	0.0	0.0	0.0	0.008858258928571405	0.008990513392857167	0.008949218750000024	0.008733258928571451	0.008760044642857167	0.008751674107142832	0.008836495535714306	0.008691964285714308	0.008498883928571448	0.008979352678571452	0.008691824776785689	0.008617187500000022	0.00871093750000002	0.008779575892857164	0.008659598214285738	0.00883747209821426	0.008904017857142881	0.008941406250000021	0.008543526785714304	0.008960937500000028	
	0.00046155343060769557	0.0	0.0	0.0	0.0	0.0005340664178506833	0.0007066149129364311	0.0006916471677579393	0.0007807196860824104	0.0007548958969885768	0.0004648326963400205	0.0006745576246539662	0.000733994962455958	0.0006429917936239448	0.0006638699732165155	0.0006041376284538683	0.0007569721039662193	0.0007876926632540578	0.0007559583997683569	0.0007537399775008913	0.000561366160316605	0.0007486468714113413	0.000636765210524781	0.0006603852266371468	0.0008152510272818228	
0.0026826957952797246
	0.011422816685267857	0.0	0.0	0.0	0.0	0.011496233258928542	0.011541852678571473	0.011645089285714333	0.011545200892857191	0.011252790178571472	0.011409458705357114	0.011454241071428617	0.011258928571428616	0.011265625000000046	0.011659040178571474	0.011368024553571396	0.011187500000000048	0.011406808035714333	0.011847656250000052	0.01103013392857147	0.011417550223214255	0.011335379464285759	0.011486049107142909	0.011227120535714327	0.011621651785714338	
	0.0004224576134846858	0.0	0.0	0.0	0.0	0.0006085150942962686	0.0008054972505300438	0.0007759899454298183	0.0008161144019901211	0.0008108731305677636	0.0005208956083059472	0.0006910194802711181	0.0007255803447825083	0.0006154848074083695	0.0008927927920448713	0.0005625591636216892	0.0008276134345998219	0.0006707484827300549	0.0007147126148259187	0.0006775123534508075	0.0005437047772681139	0.000804406304581198	0.0008666909071218745	0.0006729362373272372	0.0007017693493071085	
0.003727593720314938
	0.014707449776785715	0.0	0.0	0.0	0.0	0.014808733258928553	0.014963169642857219	0.014913504464285788	0.014695312500000071	0.014662946428571503	0.014676618303571398	0.014707589285714355	0.014557477678571504	0.014432477678571502	0.015008928571428642	0.014570591517857116	0.014477678571428643	0.014558035714285785	0.014869419642857214	0.014377232142857214	0.014773856026785694	0.014730468750000069	0.014995535714285786	0.014569754464285784	0.014799665178571508	
	0.00039192006202730146	0.0	0.0	0.0	0.0	0.0005589807671429013	0.0007265024936818159	0.0008590152815672345	0.0008387267503677998	0.0006669738477035009	0.0006116119161823288	0.0007669091947618089	0.000914482633637717	0.0007809611631247494	0.0009269549374133036	0.0005666356716708543	0.0008290660565648383	0.0008000636484167123	0.0008544552766262663	0.0008953480878082245	0.000583831765085988	0.0008258082048194747	0.0008602616020233701	0.0007182331545519731	0.0008464721226999371	
0.005179474679231208
	0.019169328962053565	0.0	0.0	0.0	0.0	0.019326311383928534	0.019339285714285722	0.01952455357142859	0.01919810267857144	0.01924330357142858	0.019083844866071394	0.01937723214285716	0.0190239955357143	0.018663504464285746	0.019270647321428587	0.019175502232142823	0.01912834821428573	0.019012834821428595	0.01947265625000001	0.01908816964285716	0.0190916573660714	0.01909263392857144	0.019387834821428595	0.018644531250000027	0.019241629464285728	
	0.0005142097265157125	0.0	0.0	0.0	0.0	0.0006603981793661029	0.0009829896917344064	0.0008996006501328101	0.0008437291472172671	0.0009007712867499372	0.0006981982289573559	0.0009285794771285682	0.0011464393876655678	0.0009575240817689899	0.0009728326411649721	0.0007227260010980817	0.0008822888775817365	0.0007052385944541097	0.0010590063865556928	0.0009301308752392439	0.0005930865521837811	0.0008398398567185379	0.00078404931362242	0.0008584176529223211	0.0008228934358737049	
0.007196856730011514
	0.024075857979910704	0.0	0.0	0.0	0.0	0.024106026785714243	0.02449274553571424	0.024500558035714243	0.023838727678571398	0.02359207589285711	0.023951869419642807	0.024055245535714243	0.023594866071428543	0.023782924107142826	0.02437444196428567	0.023949497767857097	0.024018973214285668	0.023806919642857107	0.02434430803571424	0.0236277901785714	0.024296037946428522	0.02438337053571425	0.02450334821428567	0.02385323660714283	0.024444196428571395	
	0.0004362195562192296	0.0	0.0	0.0	0.0	0.0006963295219885152	0.001081668278838581	0.0009665421822965793	0.001069828691813313	0.0008203297723521581	0.0006971794663539068	0.0008247969850005668	0.0008756567267173071	0.000981013294997024	0.001037964279560393	0.0005882762503132994	0.0007043807875896269	0.0010097819311067316	0.0009707856879975458	0.0008557726489378541	0.0005742626075461044	0.0008278013587719324	0.0008504105436279801	0.000767167196453451	0.0007756302983341146	
0.01
	0.030114467075892843	0.0	0.0	0.0	0.0	0.030159319196428523	0.030246651785714222	0.030642299107142792	0.029928571428571357	0.02981975446428565	0.029920061383928515	0.030110491071428512	0.029426897321428516	0.029663504464285652	0.030479352678571367	0.030126116071428514	0.029931919642857085	0.029926339285714216	0.030809709821428517	0.029836495535714234	0.03025237165178565	0.03019587053571422	0.030569754464285642	0.02978627232142851	0.030457589285714223	
	0.0004389787545184019	0.0	0.0	0.0	0.0	0.0006163629509499145	0.0009216337835144618	0.001002695460190024	0.0008866160219307884	0.000942963294456938	0.0007729674833639272	0.0010905445695373061	0.0009889474543284238	0.0010408033299178455	0.0010605026467010318	0.0006110539485294165	0.0008780574486963246	0.0008689058689638931	0.0009337054838781851	0.0008892559560851256	0.000619188954564299	0.0009059102698788154	0.0008576046744059754	0.0009729030606456848	0.0010948996326951605	
0.013894954943731374
	0.037017194475446366	0.0	0.0	0.0	0.0	0.03735407366071425	0.03756696428571419	0.03766127232142848	0.03735156249999991	0.03683649553571421	0.03701032366071424	0.03729241071428562	0.03674999999999991	0.03663225446428561	0.03736662946428561	0.03668470982142852	0.03666685267857134	0.03642633928571419	0.0373515624999999	0.03629408482142848	0.03701967075892852	0.03695870535714276	0.03735714285714277	0.036574218749999915	0.037188616071428496	
	0.00041852148288818364	0.0	0.0	0.0	0.0	0.000619807318656242	0.0012084533646106418	0.0008913280363297297	0.0009995359005568083	0.0008924941714776867	0.0006116014784629115	0.0010151858351920076	0.0011256154424856824	0.0011227721561175173	0.0009804099909216301	0.0006973144709531468	0.0011313726499975355	0.001117797771985671	0.0010584164992523749	0.0011008050467438346	0.000663965642672858	0.0008966958495876518	0.001057147664534196	0.000995220205198787	0.0011431639123366051	
0.019306977288832496
	0.04498496791294644	0.0	0.0	0.0	0.0	0.04534556361607142	0.04572265624999992	0.04551395089285705	0.04547154017857134	0.04467410714285708	0.04461272321428569	0.04478236607142849	0.044022321428571355	0.04438169642857134	0.045264508928571354	0.04490624999999998	0.04492633928571421	0.04480189732142848	0.04551060267857136	0.04438616071428561	0.04507533482142854	0.0450591517857142	0.04526506696428563	0.0445284598214285	0.04544866071428564	
	0.0003541031618721086	0.0	0.0	0.0	0.0	0.0005777440359765358	0.001118186472474516	0.0009634545998250042	0.001279527949073778	0.0008791186322194003	0.0005645018786100151	0.001027655760071709	0.0009754515364364519	0.001192643349238222	0.0009901579153374965	0.0006096731082537456	0.0007898001515172918	0.0010277943839791049	0.0009952602555229903	0.0009535718465756174	0.0007702752751592683	0.0011681227129172096	0.0010779908262320839	0.0011162297599745232	0.001043879452439067	
0.026826957952797246
	0.05414383370535722	0.0	0.0	0.0	0.0	0.05434542410714286	0.054616629464285645	0.05485825892857135	0.05407310267857137	0.0538337053571428	0.0539878627232143	0.05430970982142851	0.05339285714285709	0.053571986607142796	0.054676897321428525	0.05405482700892858	0.05387332589285709	0.05384486607142852	0.05476618303571423	0.05373493303571422	0.054187220982142854	0.05403794642857136	0.05468080357142851	0.05350446428571423	0.0545256696428571	
	0.00035297732952280003	0.0	0.0	0.0	0.0	0.0005706255583847103	0.0011004247804213066	0.0008973318396250984	0.0009454513398948093	0.0011149073169973596	0.000503023136255792	0.0008562150202220103	0.0009242661828293544	0.001073907654396508	0.0010370578413659006	0.0005881716117298566	0.0009651144997296885	0.0011126034288584249	0.0009619860804031926	0.0009701143944284427	0.0006984587202831171	0.0011158347963428961	0.0011609954158171615	0.0010599741134449774	0.0011404671883770644	
0.03727593720314938
	0.0642473493303571	0.0	0.0	0.0	0.0	0.06447056361607142	0.0647516741071428	0.06478515624999992	0.06426506696428567	0.06408035714285709	0.06397544642857143	0.06418526785714279	0.06351785714285707	0.06346930803571424	0.06472935267857137	0.06412290736607143	0.0638214285714285	0.0636802455357142	0.06527957589285707	0.06371037946428566	0.0644204799107143	0.06451450892857137	0.06459654017857137	0.06381082589285707	0.06476004464285708	
	0.0003947992992466047	0.0	0.0	0.0	0.0	0.0007495451994958619	0.0010535996551057766	0.0009606475823128622	0.0011340558524511864	0.0012768091281569408	0.0005923593134761628	0.000927763535054611	0.0010516899248461694	0.0009455158943251048	0.0011330866740253277	0.0005890091251081216	0.0008608984641044826	0.0011267810658209408	0.0010157474845195857	0.0009750720450124486	0.0005354214549137481	0.0012809344862574135	0.0008598153368048368	0.0009206742047059352	0.001149724220170126	
0.05179474679231207
	0.075330357142857	0.0	0.0	0.0	0.0	0.07558286830357139	0.07588169642857134	0.07603180803571416	0.07558091517857131	0.07483705357142845	0.07513630022321427	0.07518247767857132	0.07490178571428556	0.07450613839285701	0.07595479910714273	0.07518247767857139	0.07538281249999988	0.07508649553571417	0.07571763392857134	0.07454296874999986	0.07541978236607137	0.07545089285714275	0.07569308035714273	0.07490680803571417	0.07562834821428559	
	0.00029617111397431693	0.0	0.0	0.0	0.0	0.0004511572077746648	0.0010485727172225765	0.0008091862292545792	0.0011295446521291386	0.0009202846451641887	0.0005946038618357107	0.00121388237930354	0.0008809869432972208	0.0010221677439751057	0.000951145478840551	0.00045871112754885255	0.0010375209141225503	0.001038308638557099	0.0009174018888609164	0.0008023146716905535	0.0006311634170064015	0.0010912667692507243	0.0010016820346383482	0.0009414760432253878	0.000940915732198596	
0.07196856730011514
	0.08736575753348216	0.0	0.0	0.0	0.0	0.08759514508928573	0.08781529017857127	0.08811774553571411	0.08738169642857124	0.08706584821428551	0.08718415178571426	0.08737499999999983	0.08675055803571412	0.08690401785714268	0.08770703124999983	0.0872603236607143	0.08713727678571412	0.08711104910714268	0.08799944196428554	0.08679352678571413	0.08742340959821428	0.08755468749999985	0.08765234374999983	0.08670870535714267	0.08777790178571411	
	0.0003130964678630068	0.0	0.0	0.0	0.0	0.0004717002152082995	0.0006754802768493401	0.000952112777736862	0.0009445050787317043	0.0011090285595522003	0.0004942174237781177	0.0007740870610346233	0.001085047461157699	0.0008859835870116833	0.0008928709192575615	0.0004577286883422161	0.0008948185765823416	0.0008585032611876886	0.0008825816010463644	0.0008750818509001586	0.000574761869578258	0.0007949837187778054	0.0008222028980297648	0.0008523300931045654	0.0009327573224032206	
0.1
	0.10011471121651812	0.0	0.0	0.0	0.0	0.10025990513392866	0.1005239955357141	0.10063616071428552	0.10010658482142835	0.09977287946428554	0.09984988839285723	0.10013058035714266	0.09943247767857123	0.09953292410714266	0.10030357142857124	0.10005454799107148	0.09972656249999978	0.09981417410714266	0.10090792410714262	0.09976953124999978	0.10029450334821437	0.10039397321428549	0.10053236607142832	0.09979073660714265	0.10046093749999982	
	0.00030312717010791987	0.0	0.0	0.0	0.0	0.0004930773501763162	0.0008401132695203601	0.0007299141273402173	0.0008747819901400774	0.0008870891746283833	0.0005454393053255531	0.000907724296709155	0.000977768865846287	0.0008700116826489191	0.001023867650879676	0.0004760055886969127	0.0007999476512986701	0.0007224248112572829	0.0008732841728966886	0.0010461511773418642	0.0005449647867711198	0.0007740186695095522	0.0008906578661586989	0.0011645892510686328	0.0009253241802569911	
0.1389495494373136
	0.11346909877232171	0.0	0.0	0.0	0.0	0.11366573660714288	0.11379352678571407	0.1138973214285712	0.11373437499999975	0.1132377232142855	0.11326925223214293	0.1134670758928569	0.11299888392857117	0.11282142857142835	0.11378962053571401	0.11342703683035717	0.11323549107142833	0.11333035714285689	0.11399162946428543	0.11315066964285686	0.11351436941964285	0.11367745535714262	0.11371651785714264	0.11295647321428544	0.11370703124999977	
	0.00026778947792972487	0.0	0.0	0.0	0.0	0.00045779646061354276	0.0008964346575543999	0.0008255277909372102	0.0007211963414677151	0.000807467458778756	0.0005295558261242228	0.0009071043471925539	0.0007626214970428501	0.001064182154297603	0.0007839317413573474	0.00042086250675274457	0.000773896354302974	0.0008403980802896816	0.0008451673348868014	0.0007062810052228833	0.00044844599874923664	0.0008043422332395777	0.0010303219386162093	0.0007294352905039249	0.0008263510357344443	
0.19306977288832497
	0.12692769949776786	0.0	0.0	0.0	0.0	0.12702022879464273	0.12699386160714257	0.12718415178571404	0.1270758928571426	0.12682700892857116	0.12697405133928555	0.12699720982142831	0.1266305803571426	0.12694921874999976	0.12731919642857112	0.12672530691964268	0.12678962053571402	0.12647600446428553	0.12708649553571402	0.12654910714285694	0.12699121093749988	0.12703404017857114	0.12697098214285693	0.12649888392857117	0.1274609374999997	
	0.00017596453325940392	0.0	0.0	0.0	0.0	0.0003364554794607111	0.0005628671982982629	0.0005692303473787497	0.0008188344616817979	0.0007643997575858594	0.00038877061034381437	0.000522077827332833	0.0008087006131322661	0.0007566665920029273	0.0007250651470554161	0.0003819730771132442	0.000819729772068076	0.0008592617547717845	0.0007720437720217504	0.0008139336840872581	0.0003748963660461162	0.0005677324375753121	0.0007310259337508664	0.000758182242011398	0.000622738854611391	
0.2682695795279722
	0.14019234793526741	0.0	0.0	0.0	0.0	0.1402977120535711	0.14055468749999975	0.1405909598214283	0.14016964285714267	0.13987555803571408	0.1400563616071426	0.14023604910714263	0.13986886160714262	0.1397845982142855	0.14033593749999973	0.14020786830357113	0.1403448660714283	0.1401010044642855	0.14052176339285688	0.13986383928571403	0.1402074497767854	0.14027678571428548	0.14056417410714267	0.1396808035714283	0.14030803571428546	
	0.0001848059425947879	0.0	0.0	0.0	0.0	0.00034428938125980987	0.0006664460524306672	0.0005981557203308353	0.0006328981187355298	0.00067935456710764	0.00040292303997657003	0.0006101122139117173	0.0006120344306263909	0.0007370559712148209	0.0006962881540561846	0.00033662495567770683	0.0007028051639348102	0.0006845619965004822	0.0006921746422050655	0.0006475292154192387	0.0003540974885652072	0.0007802097666489934	0.0007440269481875508	0.0006335354666473138	0.0006573689137095998	
0.3727593720314938
	0.152829694475446	0.0	0.0	0.0	0.0	0.15287723214285687	0.15299999999999978	0.15294642857142832	0.1528124999999998	0.1527499999999998	0.15272181919642824	0.15278459821428547	0.1523348214285712	0.15271986607142835	0.1530479910714283	0.15275767299107115	0.15277566964285694	0.15248604910714267	0.15306305803571407	0.15270591517857124	0.15296205357142828	0.1530379464285712	0.15304185267857123	0.15266406249999978	0.15310435267857123	
	0.00015869850035039537	0.0	0.0	0.0	0.0	0.0003086391564372621	0.00056192395390702	0.0005463280792864466	0.000564030302164885	0.0006601673351472433	0.00024835018816745996	0.000608105321364515	0.0005459814128017455	0.0006535558384533016	0.0004390844010080005	0.00027011720767482477	0.0006002877097049346	0.0005245461506883811	0.000530961231823449	0.0005870045025493676	0.0003440872830758437	0.0005588565391740295	0.0006656874907039994	0.0005681351713661568	0.0005812876190474702	
0.5179474679231213
	0.16440977260044629	0.0	0.0	0.0	0.0	0.1644087611607142	0.1644374999999998	0.16463337053571409	0.16429185267857124	0.1642723214285712	0.16438839285714274	0.16446819196428555	0.16423493303571415	0.16439062499999976	0.16445982142857127	0.16443498883928565	0.1642879464285713	0.16442689732142837	0.16473716517857123	0.16428794642857125	0.16440694754464277	0.16447098214285702	0.16453683035714267	0.16420535714285697	0.16441462053571415	
	0.00013425093863606618	0.0	0.0	0.0	0.0	0.0002551601141398231	0.00047780893581577495	0.0005145292038730321	0.00046157312786993877	0.00043927868207202964	0.00027139073158318595	0.0005099820584258944	0.00047495330679386025	0.0005389411742349439	0.0005036735268839033	0.0003268244914648709	0.0004943528756111091	0.0005021921487052173	0.0005408627119651936	0.0004917507476676038	0.0002296504691895861	0.0004547549414357323	0.00043471662668890295	0.00046086588210480703	0.0004999822496650052	
0.7196856730011514
	0.17459141322544652	0.0	0.0	0.0	0.0	0.17459626116071428	0.1747343749999999	0.17454687499999985	0.1745345982142856	0.17456919642857133	0.17457505580357147	0.17456640624999994	0.17453738839285698	0.17456194196428562	0.1746344866071427	0.1745255301339286	0.17453348214285697	0.17446428571428552	0.17459988839285703	0.1745044642857141	0.17466880580357155	0.17468582589285694	0.17477845982142842	0.17450055803571415	0.17471037946428558	
	0.00010060431167279516	0.0	0.0	0.0	0.0	0.0002292520131773314	0.00032842855249567163	0.00044996368192444644	0.00044116737994432954	0.0004526134075385487	0.00023269336527521848	0.00043483516439785894	0.00031198089458069983	0.0004089663254318601	0.0004102435524191748	0.00020385300324878098	0.0003335093338503902	0.00030344009764225776	0.0004070031865840055	0.0004020708313765853	0.00017675093051284496	0.0003989042103275796	0.0003715826532388005	0.000415463117137971	0.0003440501754950076	
1.0
	0.1831026436941967	0.0	0.0	0.0	0.0	0.18311481584821437	0.18313169642857136	0.18309821428571427	0.18310379464285706	0.18312555803571418	0.18307631138392874	0.18307812499999998	0.18309598214285705	0.18303013392857134	0.18310100446428568	0.1831363002232145	0.1830943080357142	0.1832494419642857	0.1831646205357142	0.1830368303571428	0.18308314732142877	0.18312109374999996	0.18309319196428558	0.18307087053571425	0.18304743303571425	
	7.74755066143629e-05	0.0	0.0	0.0	0.0	0.00018235855580649466	0.0003089804998676462	0.0003738156254241306	0.00026016436545073165	0.00028311665749830356	0.0001407643706639947	0.00033306084738560747	0.0002945752086843322	0.0003207904597287016	0.00030484842934093957	0.00017563719783068396	0.0003219895085286365	0.0003489535243570569	0.0002547718760869377	0.0002909052542467056	0.00015250310543064575	0.0003428678783371148	0.00031692842399617396	0.0003117372507424804	0.00033719351325591765	
1.389495494373136
	0.18974717494419688	0.0	0.0	0.0	0.0	0.18977315848214313	0.18977287946428575	0.18980580357142846	0.18979017857142855	0.18972377232142854	0.18975474330357164	0.18979017857142855	0.18973660714285712	0.18970870535714285	0.1897834821428571	0.18973563058035742	0.18974441964285715	0.18970703125000002	0.18980803571428567	0.18968303571428569	0.18972516741071452	0.18972991071428574	0.18976953124999993	0.18964620535714283	0.1897550223214286	
	6.316187780530318e-05	0.0	0.0	0.0	0.0	0.00014109340172383428	0.0002857181003861248	0.00020994012600051039	0.00024266791143936011	0.00024678494607687954	0.00012456170918357038	0.00028238151072979245	0.000289456519240163	0.0002358029417622888	0.00025475781942093	0.00011697929726951095	0.0002132222261248587	0.0002516580213421475	0.00021954574653458765	0.0002388079919418412	0.00012461669697313502	0.00022531378700559214	0.0002356146796023418	0.00029463228809507874	0.00021816199099933877	
1.9306977288832496
	0.19451785714285763	0.0	0.0	0.0	0.0	0.19452790178571464	0.19454017857142852	0.194578125	0.19447209821428565	0.19452120535714282	0.1945006975446432	0.19449832589285718	0.1945066964285714	0.19448716517857145	0.19451060267857137	0.19451283482142892	0.19448270089285713	0.19447433035714273	0.19452790178571422	0.19456640625000002	0.1945299944196433	0.19453627232142856	0.1945251116071428	0.19451618303571425	0.19454241071428574	
	4.3635083408596536e-05	0.0	0.0	0.0	0.0	7.719068225488117e-05	0.000174464491336314	0.00015687057884655395	0.00017105774508169189	0.00017440379375135764	9.998800633969074e-05	0.00019130047056262566	0.00017107594871752267	0.00019224229116725954	0.00020774448763338375	8.773059765363149e-05	0.00016455052990900547	0.00018574795260598113	0.0002060686190310138	0.00019090286785314559	9.068284252517877e-05	0.00016774427335326835	0.0001587010795962961	0.00019073967647786934	0.00018668776026883917	
2.682695795279722
	0.1975243443080363	0.0	0.0	0.0	0.0	0.1975192522321432	0.1975022321428571	0.19751953125	0.19751395089285712	0.1975412946428572	0.19753404017857173	0.1975290178571428	0.19752120535714293	0.19751171874999998	0.19757421874999995	0.1975163225446432	0.197484375	0.19750781249999996	0.19754129464285716	0.1975318080357142	0.19752776227678606	0.1975206473214285	0.1975491071428571	0.19751841517857133	0.1975228794642858	
	3.9919974696493515e-05	0.0	0.0	0.0	0.0	7.906550832558849e-05	0.00011735213775086743	0.00013103149138237854	0.00011224011356155257	0.00013106594693427964	6.216277406222532e-05	0.00011876594280734743	0.00015286104775341053	0.00011598420271666494	0.00013535213479894386	7.46328436600801e-05	0.0001368906080933858	0.0001450506473276784	0.0001633091303337851	0.00017744395038583966	6.953634983840959e-05	0.0001012354304796913	0.0001463033000729863	0.000156161286997159	0.00014818869286085959	
3.727593720314938
	0.19918551199776793	0.0	0.0	0.0	0.0	0.19918554687499995	0.19918191964285722	0.19917410714285702	0.1992075892857143	0.19917857142857154	0.19918429129464293	0.1991657366071429	0.19918247767857147	0.19917745535714287	0.1992114955357142	0.19917647879464281	0.19916238839285721	0.1992020089285715	0.19916796875000004	0.19917354910714294	0.19919573102678584	0.1992020089285714	0.19918805803571424	0.19918750000000007	0.19920535714285717	
	2.337948111991177e-05	0.0	0.0	0.0	0.0	4.7350078454472335e-05	9.251282962253439e-05	8.336986337940426e-05	9.780759955456614e-05	7.201904377183306e-05	4.6619993212033473e-05	0.00010358291336799499	9.941026831724589e-05	9.620898236463511e-05	8.534663234288932e-05	4.3510461897266503e-05	9.574663538730863e-05	0.00010748526944342232	8.616006372355458e-05	0.00010640645134673559	5.125410702443463e-05	9.213505945336546e-05	9.3602070258051e-05	9.24117926093129e-05	9.401535575286483e-05	
5.179474679231202
	0.19998221261160737	0.0	0.0	0.0	0.0	0.1999827008928572	0.1999827008928572	0.19997991071428575	0.1999821428571431	0.199986049107143	0.19998005022321455	0.1999771205357146	0.1999832589285718	0.19998214285714308	0.1999776785714286	0.1999827008928573	0.19998437500000027	0.1999843750000001	0.19998046875000022	0.19998158482142878	0.19998339843750024	0.19998325892857166	0.1999827008928573	0.1999838169642859	0.19998381696428588	
	5.300880354877946e-06	0.0	0.0	0.0	0.0	8.627022786685376e-06	2.5198263180524152e-05	2.1641427934735094e-05	2.070004128449134e-05	1.8465839405914192e-05	1.2900616248226266e-05	2.844887744771713e-05	2.1612630280152667e-05	2.1293285745993525e-05	2.2872657959742273e-05	8.536304989172033e-06	1.670382761939654e-05	2.1293285745776617e-05	1.880008987476829e-05	1.72088660101774e-05	9.70464859902904e-06	1.8507950839050573e-05	1.616378164952347e-05	1.932286796126766e-05	2.0571772981135344e-05	
7.196856730011514
	0.19999999999999976	0.0	0.0	0.0	0.0	0.19999999999999968	0.19999999999999996	0.19999999999999984	0.2	0.2000000000000001	0.2	0.20000000000000007	0.2000000000000001	0.2000000000000002	0.1999999999999999	0.1999999999999997	0.20000000000000007	0.19999999999999998	0.20000000000000007	0.2000000000000001	0.19999999999999982	0.19999999999999998	0.19999999999999996	0.19999999999999987	0.2000000000000002	
	4.997738033226437e-16	0.0	0.0	0.0	0.0	5.405750183479397e-16	5.86802364307604e-16	6.550257040838844e-16	6.188777650233441e-16	5.904668473609855e-16	5.77322644779897e-16	6.615062680460584e-16	7.605356929150784e-16	6.407571658159361e-16	5.595347815458741e-16	5.251234611378208e-16	6.146152449232873e-16	7.206301063684297e-16	7.746242530887393e-16	6.93306278292766e-16	5.054068544490459e-16	6.792181231964577e-16	5.877533956726567e-16	6.319195476239436e-16	5.650492599592676e-16	
10.0
	0.19999999999999984	0.0	0.0	0.0	0.0	0.20000000000000026	0.20000000000000034	0.2	0.20000000000000023	0.20000000000000007	0.19999999999999996	0.20000000000000012	0.2	0.20000000000000018	0.20000000000000015	0.20000000000000012	0.19999999999999987	0.19999999999999987	0.20000000000000007	0.2000000000000002	0.20000000000000012	0.20000000000000015	0.20000000000000037	0.20000000000000004	0.20000000000000004	
	5.463161753798709e-16	0.0	0.0	0.0	0.0	7.106186258594221e-16	7.101848589178239e-16	6.786791624174499e-16	7.182341788052981e-16	6.52610257275959e-16	5.951128107118589e-16	6.709447556998062e-16	6.817088055619056e-16	7.385539105910637e-16	7.156553291291121e-16	6.933757221141981e-16	6.60923725316673e-16	7.05109080315638e-16	6.603844157814793e-16	7.191051314432216e-16	6.116783552620677e-16	7.6247046697739785e-16	7.253052904187129e-16	6.877560572917587e-16	6.920829265117767e-16	
13.89495494373136
	0.20000000000000026	0.0	0.0	0.0	0.0	0.20000000000000015	0.19999999999999984	0.2	0.20000000000000032	0.20000000000000026	0.2000000000000001	0.20000000000000015	0.20000000000000012	0.20000000000000007	0.2	0.19999999999999996	0.20000000000000034	0.2000000000000001	0.20000000000000034	0.20000000000000034	0.20000000000000015	0.2000000000000002	0.1999999999999999	0.20000000000000018	0.20000000000000012	
	8.152890295510952e-16	0.0	0.0	0.0	0.0	7.570966054926735e-16	7.019335137123648e-16	7.623567926618981e-16	7.445533393870595e-16	7.230047755759181e-16	8.371884049372654e-16	7.420919136455311e-16	7.5044065390827e-16	7.82613723949452e-16	7.575035099791506e-16	7.423773386128185e-16	7.152650071316403e-16	7.820967653285532e-16	6.948462979382105e-16	7.419102224028675e-16	7.947502655307753e-16	7.51030693655519e-16	7.099136199899617e-16	7.673927280703699e-16	7.385539105910638e-16	
19.306977288832496
	0.19999999999999993	0.0	0.0	0.0	0.0	0.2000000000000002	0.2000000000000001	0.20000000000000015	0.2000000000000001	0.20000000000000015	0.20000000000000012	0.2000000000000003	0.2000000000000001	0.1999999999999999	0.20000000000000026	0.20000000000000007	0.20000000000000026	0.20000000000000004	0.19999999999999996	0.20000000000000012	0.2000000000000002	0.20000000000000015	0.20000000000000018	0.20000000000000046	0.2000000000000001	
	7.097372590997895e-16	0.0	0.0	0.0	0.0	8.155016058208326e-16	7.1897120740230895e-16	7.108354100700353e-16	7.324001693819661e-16	7.581769651613391e-16	8.095521606268076e-16	8.411702575985593e-16	6.871817540245857e-16	7.08922717218068e-16	7.362032361715451e-16	7.660991393106811e-16	7.042071438009341e-16	7.199750304919083e-16	7.160588866107406e-16	7.202959584215905e-16	7.660362881452465e-16	7.712105324913983e-16	7.392446291451009e-16	6.867051382385417e-16	8.177774231959596e-16	
26.82695795279722
	0.20000000000000012	0.0	0.0	0.0	0.0	0.2000000000000002	0.2000000000000001	0.2	0.20000000000000023	0.20000000000000023	0.20000000000000007	0.2000000000000002	0.2	0.20000000000000023	0.20000000000000012	0.2	0.20000000000000018	0.20000000000000026	0.19999999999999987	0.19999999999999984	0.20000000000000007	0.20000000000000012	0.20000000000000026	0.2000000000000003	0.19999999999999998	
	8.085523604703948e-16	0.0	0.0	0.0	0.0	7.78913635187411e-16	7.485262449781801e-16	8.576427953177087e-16	7.355882121646552e-16	7.118371782706222e-16	7.702609808811115e-16	8.271790201295326e-16	7.436733441708388e-16	7.496703389301454e-16	6.750227889061053e-16	7.526317261736805e-16	6.983575300783829e-16	7.408451360112143e-16	7.532839700370714e-16	7.116612940686822e-16	7.875079056061177e-16	7.220451758343274e-16	7.284054093561082e-16	7.550077780657191e-16	7.164756572117254e-16	
37.27593720314938
	0.2000000000000001	0.0	0.0	0.0	0.0	0.19999999999999998	0.19999999999999996	0.19999999999999996	0.20000000000000004	0.2	0.20000000000000004	0.20000000000000018	0.20000000000000046	0.2	0.20000000000000018	0.19999999999999984	0.20000000000000023	0.20000000000000007	0.20000000000000015	0.19999999999999987	0.20000000000000004	0.20000000000000023	0.2000000000000001	0.19999999999999984	0.20000000000000018	
	7.608141985962036e-16	0.0	0.0	0.0	0.0	8.253842736738428e-16	7.511717214502768e-16	7.598770009855128e-16	7.639719037023231e-16	7.333330882833857e-16	8.351269429020655e-16	7.827859676222119e-16	7.150091633941426e-16	7.090449581534617e-16	7.334512608662165e-16	7.630133438471556e-16	7.088819655552801e-16	7.420529835528963e-16	7.586340654632098e-16	7.123240155633258e-16	8.324475078285545e-16	7.444886692859754e-16	7.7659832737707e-16	7.188774457287049e-16	7.869696895158054e-16	
51.79474679231202
	0.2000000000000001	0.0	0.0	0.0	0.0	0.20000000000000018	0.20000000000000018	0.20000000000000007	0.20000000000000007	0.2	0.19999999999999984	0.20000000000000012	0.20000000000000012	0.2000000000000001	0.2	0.20000000000000018	0.2000000000000001	0.20000000000000026	0.20000000000000007	0.20000000000000046	0.20000000000000032	0.20000000000000012	0.2	0.1999999999999998	0.2	
	7.36464792735086e-16	0.0	0.0	0.0	0.0	7.762510558449724e-16	7.676436576199677e-16	7.781220058040123e-16	7.04261839501506e-16	7.099950025485499e-16	7.149148820954035e-16	7.183816450174683e-16	6.807334308809968e-16	6.967285285409251e-16	7.102390942731222e-16	7.633287924445889e-16	7.110250420355455e-16	7.273073068005011e-16	6.465172664595756e-16	6.696805558249482e-16	8.058204142670999e-16	7.963722312378281e-16	7.552500722470457e-16	7.310710080880666e-16	7.29198188660581e-16	
71.96856730011514
	0.1999999999999999	0.0	0.0	0.0	0.0	0.20000000000000018	0.20000000000000007	0.20000000000000007	0.20000000000000023	0.20000000000000012	0.20000000000000018	0.2000000000000003	0.20000000000000018	0.20000000000000026	0.20000000000000023	0.2	0.20000000000000026	0.20000000000000034	0.19999999999999996	0.20000000000000026	0.19999999999999984	0.20000000000000007	0.20000000000000026	0.20000000000000007	0.20000000000000012	
	7.308997523423654e-16	0.0	0.0	0.0	0.0	7.742512218201344e-16	8.246372560487971e-16	7.077535723934399e-16	7.946654449925017e-16	7.467487904897338e-16	8.478067672204322e-16	7.523245922183595e-16	7.411830120402214e-16	6.967699910165007e-16	7.538206882883048e-16	8.464654258801026e-16	7.388276687683497e-16	7.582912660688196e-16	8.023954015375792e-16	6.980127200353036e-16	6.954004240264677e-16	7.169996374164251e-16	6.990604151922904e-16	7.747112678730021e-16	7.394530211656317e-16	
100.0
	0.19999999999999998	0.0	0.0	0.0	0.0	0.20000000000000018	0.20000000000000032	0.20000000000000023	0.20000000000000026	0.2	0.19999999999999973	0.20000000000000032	0.19999999999999993	0.20000000000000007	0.20000000000000012	0.2000000000000002	0.20000000000000012	0.20000000000000018	0.20000000000000026	0.20000000000000007	0.20000000000000032	0.20000000000000004	0.2000000000000003	0.20000000000000007	0.19999999999999987	
	8.028033361849866e-16	0.0	0.0	0.0	0.0	7.980029674829784e-16	7.388537356855968e-16	8.006774010724789e-16	7.574907975225106e-16	7.371705319044588e-16	7.946533270336738e-16	6.387552416367601e-16	7.130266381555058e-16	7.679195854201974e-16	8.15737736705391e-16	7.603457441888924e-16	7.805191605646657e-16	7.604597191180839e-16	7.538462367687071e-16	6.781681728890497e-16	8.093142249995702e-16	7.649040840559018e-16	7.484490521234371e-16	7.116748251659288e-16	7.455098009759956e-16	
