rs_generated = 50
1e-05
	9.790039062500003e-05	0.0	0.0	0.0	0.0	0.00010365513392857144	0.00010658482142857141	9.430803571428571e-05	0.00011216517857142857	0.00010156249999999995	9.61216517857143e-05	0.00010658482142857141	8.482142857142857e-05	0.00010044642857142856	9.263392857142854e-05	9.095982142857144e-05	8.482142857142857e-05	8.984375e-05	9.151785714285712e-05	9.765624999999999e-05	0.0001008649553571429	0.00010100446428571426	0.00011160714285714284	9.821428571428569e-05	9.263392857142858e-05	
	7.705825110731222e-05	0.0	0.0	0.0	0.0	8.80290284626084e-05	0.00010050686425928042	0.00010757070221472069	9.277333260600947e-05	0.00010409422970331023	9.293001689898818e-05	0.00013453059446615515	9.192526911595536e-05	9.982446328124061e-05	0.00010113233076466131	6.95107349063394e-05	7.654655446197432e-05	8.97709332245629e-05	8.939725176116423e-05	9.518558326071444e-05	9.804917365460401e-05	0.00010785980134717377	0.00011630728098315201	0.00011379550979045433	0.00010100908878521473	
1.3894954943731388e-05
	0.00014069475446428577	0.0	0.0	0.0	0.0	0.0001339285714285715	0.00014174107142857144	0.00013113839285714286	0.00013671875	0.0001261160714285714	0.00014899553571428575	0.00015736607142857146	0.00015066964285714285	0.00013727678571428569	0.0001506696428571428	0.00013950892857142864	0.0001395089285714286	0.00014508928571428572	0.0001372767857142857	0.0001361607142857143	0.00014034598214285717	0.00013727678571428569	0.00014620535714285712	0.00014955357142857142	0.00012834821428571425	
	0.00013265184666902516	0.0	0.0	0.0	0.0	0.00014541087299994851	0.00016789735816701912	0.0001536119375948751	0.00015157117026273517	0.00015444993094942004	0.000135392390959225	0.00017483179667015174	0.00013212607730093889	0.0001261259477801609	0.00015292622328174908	0.0001445193993348987	0.0001959174305380917	0.00014585990404200483	0.00015501344242031047	0.0001415959957781581	0.0001382113202165196	0.00014928263704748804	0.00016866716008064042	0.00015482449226660575	0.00012654005847901464	
1.9306977288832496e-05
	0.00021916852678571436	0.0	0.0	0.0	0.0	0.0002151227678571429	0.0002126116071428572	0.00019921875000000007	0.00024386160714285718	0.00020479910714285717	0.0002276785714285714	0.00022767857142857144	0.0002444196428571429	0.00020033482142857144	0.00023828125000000005	0.00019601004464285724	0.0001902901785714286	0.00020089285714285717	0.00019754464285714286	0.00019531249999999998	0.00023786272321428577	0.0002544642857142858	0.00025837053571428577	0.00024107142857142863	0.00019754464285714284	
	0.00014540745987331061	0.0	0.0	0.0	0.0	0.0001625453244991741	0.00016455809953995829	0.00014926907741958013	0.0002081039307512013	0.00018064418542405164	0.00015593678747638945	0.00016971626701134255	0.00016203804407114727	0.0001550887572339668	0.00018962625064960633	0.00013061604926105957	0.00015512891018347615	0.00014620109726618587	0.00012129288473409044	0.00018371159510325604	0.00018453055397283052	0.00021003503564638834	0.00022376536326908987	0.0002015861054442079	0.00016685547805821572	
2.6826957952797274e-05
	0.00022147042410714286	0.0	0.0	0.0	0.0	0.0002155412946428573	0.0002159598214285714	0.00021093750000000008	0.00019921875000000004	0.00023604910714285717	0.0002527901785714287	0.0002672991071428573	0.00027120535714285723	0.00023939732142857147	0.0002332589285714286	0.00019642857142857152	0.00019754464285714292	0.00018694196428571433	0.00020256696428571432	0.00019866071428571426	0.00022112165178571442	0.00022098214285714283	0.00021875000000000006	0.00021540178571428575	0.00022935267857142864	
	0.00013562311178884297	0.0	0.0	0.0	0.0	0.00013901523975778742	0.0001311455165238402	0.00017716733139362285	0.00014606364963296232	0.00019656090180355116	0.00016954186667359131	0.0001837615928398243	0.0002183938199006348	0.0001995233265970315	0.00016681068063176182	0.0001496701304842876	0.0001689328126827138	0.00014987700733270912	0.00017191757212788253	0.00015954747570096826	0.00013046397331301546	0.00015511385404546154	0.00014875184894237625	0.00014827797550469326	0.00014551684084184406	
3.727593720314938e-05
	0.0003073032924107144	0.0	0.0	0.0	0.0	0.0003055245535714288	0.0003175223214285715	0.0003147321428571429	0.00029296875000000004	0.00029687500000000005	0.0003235212053571431	0.0003147321428571428	0.0003270089285714285	0.0003292410714285715	0.00032310267857142867	0.0003099888392857145	0.00027790178571428573	0.00031305803571428576	0.0003621651785714285	0.0002868303571428573	0.00029017857142857166	0.0002684151785714286	0.0002963169642857144	0.0002767857142857143	0.00031919642857142856	
	0.00016791537921090203	0.0	0.0	0.0	0.0	0.0001816393391988724	0.00019609139969320837	0.0002370594564779315	0.00018849303230157783	0.00019715015595313883	0.00020622982570519095	0.00020316179023183495	0.00021331567548477434	0.0002528215892263834	0.00023495821887422838	0.00017893704723061674	0.00017954186644912585	0.00022672943687101091	0.00019634532402971935	0.00018911072078599625	0.00016007456540611124	0.0001754390092374357	0.00020138750486698467	0.00015702930658001397	0.0001995990080902515	
5.1794746792312125e-05
	0.0004830147879464289	0.0	0.0	0.0	0.0	0.00048395647321428597	0.0004899553571428574	0.0004977678571428574	0.00048381696428571435	0.00046428571428571444	0.0004905133928571431	0.000513950892857143	0.0004642857142857145	0.0005106026785714286	0.00047321428571428585	0.00045340401785714314	0.0004665178571428573	0.00043582589285714297	0.0004815848214285716	0.0004296875000000002	0.000504185267857143	0.00047879464285714317	0.0004899553571428573	0.0005083705357142857	0.0005396205357142859	
	0.00022123483354488473	0.0	0.0	0.0	0.0	0.0002185797738014585	0.0002406137147830715	0.000250815792689067	0.0002189541856356397	0.00027128572075058326	0.00024893897533469667	0.0002729011457936343	0.00027858001360397695	0.0002712851468092291	0.0002634590564509418	0.00022018646066988902	0.0002576070803459949	0.00022276671087416243	0.00023858294717802423	0.0002659319767286577	0.0002548963659627552	0.00026799429152535824	0.0002927832108061776	0.00023274772567438947	0.00031057632966623194	
7.196856730011514e-05
	0.000687151227678572	0.0	0.0	0.0	0.0	0.0007073102678571428	0.0007047991071428574	0.0007287946428571436	0.0006947544642857148	0.0007008928571428577	0.0006697823660714288	0.0006835937500000005	0.000648995535714286	0.0006595982142857148	0.0006869419642857147	0.0006858258928571432	0.0006902901785714289	0.0006897321428571432	0.000715401785714286	0.0006478794642857149	0.0006856863839285715	0.0006819196428571432	0.0006796875000000007	0.0006495535714285716	0.0007315848214285718	
	0.0002588287217367075	0.0	0.0	0.0	0.0	0.0003173716209270923	0.00035052061814225076	0.00039172517265254823	0.0003085362255865639	0.0003463707495007253	0.00025956006394749274	0.0003232250570114738	0.00025584035726369515	0.00027713426714297295	0.00031239983646675967	0.0002792181200956773	0.00031832061336742123	0.000364147273238649	0.0002883246927128058	0.00028596213353660144	0.0002853281613628823	0.000308809119014655	0.00028476010801499105	0.0003347767827376989	0.00035234951237425697	
0.0001
	0.0009098074776785722	0.0	0.0	0.0	0.0	0.0008969029017857141	0.0008705357142857151	0.0009520089285714293	0.0008649553571428576	0.0009001116071428578	0.0009038783482142854	0.0008844866071428579	0.000935267857142858	0.0008856026785714295	0.0009101562500000009	0.0009204799107142856	0.0008850446428571435	0.0009012276785714293	0.0009732142857142865	0.0009224330357142864	0.0009179687499999998	0.0008922991071428578	0.0009302455357142864	0.0009335937500000009	0.0009157366071428579	
	0.0002690994066165505	0.0	0.0	0.0	0.0	0.0002877619459702393	0.0003309297643436924	0.00037259238545405397	0.00027905133727702716	0.00035997023617283366	0.0003054869348069099	0.00032418705279037166	0.0003854181030493556	0.0003271588781935098	0.0003356569745616904	0.0002979303239896986	0.0002925959575452325	0.00033839931719121223	0.00039691366515816286	0.0003412473945093314	0.00028950170026222544	0.00032143971257353406	0.00033945409282317855	0.0003574875394474227	0.0003212071216011803	
0.00013894954943731373
	0.0012366768973214285	0.0	0.0	0.0	0.0	0.0012643694196428571	0.0012628348214285725	0.001286272321428573	0.0012271205357142871	0.0012812500000000014	0.0011921037946428566	0.0011891741071428585	0.0011830357142857155	0.0011835937500000015	0.0012126116071428585	0.0012529296875000004	0.001215401785714287	0.0012823660714285723	0.0012633928571428585	0.0012505580357142871	0.0012373046875	0.0012578125000000013	0.0012220982142857157	0.0011886160714285727	0.0012806919642857155	
	0.0003073860013982662	0.0	0.0	0.0	0.0	0.00033183866596576863	0.0004099458887176444	0.00038014275939222606	0.00038997035386467005	0.0003559130612141923	0.00033489742324885487	0.0003540599184333634	0.00039531621811996783	0.0003985011922631759	0.00038189829600837605	0.0003382105894716869	0.0003524012104431704	0.00038571370442664574	0.000358910247400065	0.0003686918779589914	0.0003396530743953594	0.00043364940636085017	0.0003555961905720625	0.00036239683118007894	0.00040954461198019603	
0.00019306977288832496
	0.0017831682477678543	0.0	0.0	0.0	0.0	0.0017303292410714298	0.0017963169642857158	0.001720982142857145	0.0017304687500000015	0.001673549107142859	0.0017449776785714302	0.001700334821428573	0.0017667410714285732	0.001752232142857144	0.0017606026785714302	0.0017640904017857157	0.0017198660714285734	0.0017661830357142872	0.001773995535714288	0.0017963169642857156	0.0018932756696428594	0.0019257812500000017	0.0018632812500000017	0.0018727678571428584	0.001911272321428572	
	0.000337761443305443	0.0	0.0	0.0	0.0	0.0003484694834787211	0.0004100400710093907	0.0004247469328335761	0.00045169845763723355	0.0003660812110790038	0.00035543020227187037	0.0004013479603136499	0.0004241232962149323	0.0004724555912615336	0.0003879110921920527	0.0003773641734141511	0.00041351764305681084	0.00043985640863358966	0.0004188462322556009	0.00046294738374247097	0.0004139819972146234	0.00045288268448331567	0.000440529877718263	0.000436148376781202	0.000503982255777158	
0.00026826957952797245
	0.0023656180245535657	0.0	0.0	0.0	0.0	0.0023989955357142903	0.0024263392857142864	0.00240234375	0.002391183035714286	0.002376116071428572	0.002369698660714291	0.002391741071428572	0.002315848214285715	0.002346540178571429	0.002424665178571429	0.0023497488839285753	0.0023599330357142864	0.002324776785714286	0.0023973214285714283	0.0023169642857142868	0.0023440290178571464	0.0023716517857142873	0.002356026785714286	0.0022566964285714295	0.0023917410714285716	
	0.0004580622644359417	0.0	0.0	0.0	0.0	0.0005220912477395132	0.0006252430968557867	0.0005966899785187966	0.0005546142319208921	0.000563233604317537	0.0004619486750916899	0.0005517853079488779	0.0004864010355609546	0.0005195714078387962	0.0005526230242503462	0.0005139693536012424	0.0005748577764540644	0.0005189084060916973	0.000578805446224446	0.0006027033725055718	0.0004900556884286549	0.0005747659499672081	0.000559127280615006	0.0005115894178555037	0.0005265811402865494	
0.0003727593720314938
	0.003190708705357134	0.0	0.0	0.0	0.0	0.0032776227678571524	0.003317522321428569	0.0032756696428571396	0.0031378348214285688	0.003379464285714283	0.0031580636160714374	0.003308035714285712	0.0031400669642857116	0.0030312499999999984	0.0031529017857142836	0.0031124441964285807	0.003149553571428569	0.0030345982142857128	0.0032427455357142837	0.0030228794642857128	0.003214704241071438	0.003170200892857141	0.0032310267857142833	0.00316629464285714	0.00329129464285714	
	0.0005025280084007448	0.0	0.0	0.0	0.0	0.0006074361012836328	0.0007150297377096633	0.0006848851231670792	0.0006459323052987343	0.0006457184586227346	0.0005871856225979946	0.0006514875174027751	0.0007039639888888221	0.0005598452803075606	0.0006988380865104043	0.0005578302495630818	0.0005519489471917859	0.0005979883218621776	0.0006451431078480126	0.0006874834670872699	0.00044125487625754507	0.0005526635948632867	0.0005621666298834026	0.00047906772931368335	0.000526874377753402	
0.0005179474679231213
	0.004126708984374992	0.0	0.0	0.0	0.0	0.004174804687500009	0.004234933035714283	0.0042103794642857125	0.004141741071428568	0.004112165178571427	0.0040680803571428665	0.004070312499999996	0.0038677455357142812	0.0040312499999999975	0.0043030133928571405	0.004118722098214294	0.003995535714285711	0.004135044642857142	0.0043359374999999995	0.004008370535714283	0.004145228794642865	0.004166852678571426	0.004168526785714284	0.004049107142857139	0.00419642857142857	
	0.0004481576934307569	0.0	0.0	0.0	0.0	0.0005874239588700005	0.0007391222534172919	0.0007112219361903411	0.0006212007853638059	0.0006981914411995154	0.0003938008652762748	0.0005108279777143088	0.0004435169420460246	0.0005799449085376799	0.0005297399264246932	0.0005207812619292001	0.0005736867698362978	0.0006770562486406465	0.0006722929333152255	0.0005935336168380076	0.0004973392730900529	0.0006794004037544078	0.0006135094487212743	0.000550706331295622	0.0005634337134268966	
0.0007196856730011514
	0.005650774274553563	0.0	0.0	0.0	0.0	0.0056661551339285635	0.005630580357142859	0.005747209821428575	0.0057142857142857195	0.0055725446428571464	0.005583984374999993	0.005632254464285718	0.005472098214285716	0.0054397321428571455	0.0057918526785714335	0.005620675223214279	0.0056746651785714326	0.005532366071428574	0.005853794642857147	0.005421875000000004	0.00573228236607142	0.005813616071428575	0.005840401785714291	0.005585379464285717	0.005689732142857144	
	0.0005486243370613698	0.0	0.0	0.0	0.0	0.0006210973693248607	0.0007184197818961934	0.0007134304921320644	0.0007150526017114329	0.000779359159526359	0.0006217060716030261	0.000807073030212351	0.0006807038495466527	0.0005877618283256728	0.0008202933291613157	0.000668460041101403	0.0007460916631021169	0.0007677168100066026	0.0008722189256105633	0.000756195841584101	0.0005509843097231453	0.0006246202210301658	0.000742544892468462	0.0006901345245456648	0.0006983397254417837	
0.001
	0.007508475167410704	0.0	0.0	0.0	0.0	0.00752692522321427	0.007716517857142872	0.0075139508928571555	0.007493303571428584	0.007383928571428581	0.0074154575892857	0.007452566964285725	0.007409598214285725	0.007241629464285723	0.007558035714285728	0.007542829241071414	0.007469308035714295	0.007647879464285727	0.007728236607142869	0.007325892857142865	0.007548688616071412	0.007761718750000014	0.007700334821428584	0.0072154017857142955	0.007517299107142869	
	0.0006591981694059075	0.0	0.0	0.0	0.0	0.0007297155970224365	0.0008690062113015193	0.0008806600981797674	0.0008355969468907062	0.000868260534188673	0.0007830560975156638	0.0008563284865409151	0.0008716074846982564	0.0009317677578858849	0.0008574421677930833	0.0007171262527263073	0.0007809420231609704	0.0009629399026101023	0.0008660669340710931	0.0007559388327198038	0.0007573841825999261	0.0008698341309227226	0.0009807021634514988	0.0007910065211903722	0.0009169936201556145	
0.0013894954943731374
	0.009663678850446422	0.0	0.0	0.0	0.0	0.009847935267857117	0.00990011160714289	0.010083705357142893	0.009833147321428605	0.009574776785714315	0.009533761160714258	0.009417410714285743	0.009368861607142882	0.00939508928571431	0.009953683035714318	0.009489397321428545	0.009464285714285741	0.009393973214285738	0.009698102678571458	0.009401227678571456	0.009783621651785687	0.009719308035714315	0.009989397321428601	0.009553571428571455	0.009872209821428599	
	0.0006271517080951129	0.0	0.0	0.0	0.0	0.000705803507453885	0.0007794460598502314	0.0007979052151615669	0.0007805319962729562	0.0009798185514339236	0.000788166875194266	0.0007987953302266158	0.0009140889024073751	0.0009595332831602895	0.0010049897868930932	0.00070907106178947	0.0008983785750419492	0.0009124052873599745	0.0009369416319237136	0.0007859375871683193	0.0007010419997561211	0.0008445186098470778	0.000823808716559134	0.00091222028404323	0.0009061096211539131	
0.0019306977288832496
	0.012251046316964288	0.0	0.0	0.0	0.0	0.01244084821428568	0.012760044642857201	0.012612165178571482	0.012223214285714337	0.012167968750000053	0.012212193080357113	0.012383370535714335	0.012040178571428625	0.01194531250000005	0.012479910714285763	0.012168387276785682	0.012111607142857193	0.012157366071428623	0.012528459821428624	0.011876116071428619	0.012182756696428538	0.012094866071428624	0.012249441964285766	0.012046875000000052	0.012339843750000046	
	0.0006593833058707898	0.0	0.0	0.0	0.0	0.0007589191340011925	0.0010178124745446303	0.0008797798945909775	0.0009186264537576639	0.0009277660524264359	0.0007171191963152825	0.0009185137331458546	0.0009160873101519538	0.0008208483429674662	0.0008970992973103407	0.0007068848853596316	0.0008729904721570871	0.0008043855932555794	0.000828828450445008	0.000872435969733646	0.0008366708109248162	0.0008280400117633252	0.0011115812297521194	0.001081140875701342	0.0010259712353401502	
0.0026826957952797246
	0.015361467633928571	0.0	0.0	0.0	0.0	0.015505580357142825	0.015786272321428634	0.01566741071428579	0.01547991071428579	0.015088727678571494	0.01534835379464283	0.015609375000000066	0.015099888392857216	0.015181361607142927	0.0155027901785715	0.015177594866071403	0.01500502232142864	0.015047991071428641	0.015650111607142927	0.015007254464285781	0.01541434151785711	0.015626674107142923	0.015325892857142928	0.015171316964285786	0.015533482142857213	
	0.0005516591068361907	0.0	0.0	0.0	0.0	0.0006528180749907283	0.0011895089861656471	0.0005997531512834926	0.0008011496243918852	0.001020048836481174	0.000675236920034122	0.0010712099851431518	0.0008315591623243839	0.000804983684284026	0.00087990023158891	0.0007246367041601836	0.0009354714381120558	0.0009474460448448864	0.000984767033764842	0.0008254310288754148	0.0006556168626252956	0.0008511958215769771	0.0008366487116140199	0.0009478513813942201	0.0009040977698365698	
0.003727593720314938
	0.019394984654017844	0.0	0.0	0.0	0.0	0.019546874999999967	0.019647879464285718	0.01951953125000001	0.01957979910714286	0.019440290178571438	0.019281529017857114	0.01940625000000001	0.01871037946428573	0.019039062500000016	0.019970424107142865	0.019205357142857114	0.0191411830357143	0.018863281250000016	0.019588169642857145	0.019228794642857157	0.01954617745535711	0.01945647321428572	0.019780691964285724	0.01925502232142858	0.019692522321428575	
	0.0006052867332034356	0.0	0.0	0.0	0.0	0.0008872067652627358	0.0010367034548184888	0.001064500333920824	0.0010962058741580908	0.0012081377845218923	0.0007925725575889952	0.0010968296657588867	0.0010480438130935701	0.0008698765533295522	0.0011455307069589617	0.0007175271735192434	0.0007426528733655179	0.0010961547396009716	0.00107808051797469	0.0008260730679354087	0.0007163387629903281	0.0009300639136801031	0.0008972948798377883	0.0010088407572305114	0.001060238339579704	
0.005179474679231208
	0.02386812918526785	0.0	0.0	0.0	0.0	0.02398521205357138	0.024201450892857107	0.024241071428571393	0.02390624999999996	0.02359207589285712	0.023659040178571383	0.023760044642857102	0.02344698660714282	0.023301897321428542	0.024127232142857096	0.02388518415178567	0.023809151785714248	0.02378683035714282	0.024439732142857096	0.02350502232142854	0.02394308035714282	0.024091517857142825	0.024247209821428535	0.023246651785714258	0.02418694196428568	
	0.0005471752343545765	0.0	0.0	0.0	0.0	0.0008621620633178752	0.0011390873177200978	0.0010797089813347758	0.0013808108603336215	0.0009178340652389015	0.0006938195175686443	0.0009462410054619935	0.000887033006436697	0.0008378327846366138	0.001224140600121067	0.0006979870109574183	0.0008610482030015532	0.000991012983918611	0.0010721235655147814	0.0009843659840755646	0.0008256418914662873	0.0011133023684445134	0.0012564207257122042	0.0010116428752278835	0.0008029028639310169	
0.007196856730011514
	0.02920636858258927	0.0	0.0	0.0	0.0	0.029429268973214226	0.02954687499999994	0.02979687499999993	0.029325892857142797	0.029047433035714228	0.028932059151785663	0.029207589285714226	0.028422991071428514	0.028632254464285654	0.029465401785714218	0.02916936383928565	0.029063058035714226	0.02902734374999994	0.029941406249999938	0.028645647321428512	0.02929478236607137	0.029457031249999946	0.029508370535714225	0.028814732142857083	0.029398995535714227	
	0.0005900139365287013	0.0	0.0	0.0	0.0	0.0007591644561654893	0.0009520710758897785	0.0010257273271902668	0.0011698132373178485	0.0009702556228503256	0.0007621516540117757	0.0012261557113368042	0.0010029943361321246	0.000981254512767062	0.0009701344565365957	0.0007075306961399911	0.001094472787554305	0.0010269299139330653	0.0008348287024009913	0.00097688307875893	0.0009056918675835845	0.0012721294057399077	0.0010929808645446083	0.0011568638917756823	0.0012352181986297996	
0.01
	0.035140241350446376	0.0	0.0	0.0	0.0	0.035318080357142824	0.03555747767857133	0.035668526785714194	0.03537332589285704	0.03467299107142848	0.03488671874999995	0.03516908482142849	0.034487723214285636	0.03436941964285706	0.035520647321428477	0.03506640624999995	0.034833147321428476	0.034897879464285624	0.03591741071428561	0.034617187499999896	0.035289760044642814	0.03522488839285705	0.035611049107142766	0.03467075892857134	0.0356523437499999	
	0.0004799454876034067	0.0	0.0	0.0	0.0	0.0007206497067096927	0.0009991985924471794	0.0011685214558481277	0.0010717074076807469	0.0010638514392552465	0.0007348381169044297	0.0010770625622748373	0.0010458006166412437	0.0009714021823408144	0.0010306046447658634	0.000915556018364728	0.0009036731527009464	0.0013194011910143079	0.0012943330140314496	0.0012663899765176345	0.0006223854496435813	0.0010500492955564903	0.0008256317079277423	0.0010059729493661863	0.0011157531633261982	
0.013894954943731374
	0.0423395298549107	0.0	0.0	0.0	0.0	0.04251897321428568	0.04301562499999991	0.04258203124999991	0.04234430803571419	0.042133928571428454	0.04219489397321424	0.04241350446428563	0.041679687499999916	0.041791294642857045	0.04289508928571418	0.042171037946428555	0.04201450892857133	0.04192075892857133	0.04288002232142848	0.04186886160714276	0.04247321428571427	0.04243917410714276	0.04291908482142849	0.04168303571428564	0.042851562499999905	
	0.0005232876038107874	0.0	0.0	0.0	0.0	0.0007558364579035283	0.0011575205030250957	0.0011951492725269335	0.0011254459803276536	0.0010508012537451888	0.0007073258282972464	0.0011108156101058357	0.0010714605417477291	0.0010581952251293746	0.001033040923248991	0.0008946845400334542	0.0012561308317107609	0.001114853688343282	0.001320039232339821	0.001251015884823541	0.0007711007688280361	0.0011740518419129616	0.0012132213640160942	0.0009557742747561974	0.0011649107476472446	
0.019306977288832496
	0.05031386021205365	0.0	0.0	0.0	0.0	0.050492466517857146	0.050624441964285644	0.05083370535714278	0.05057868303571422	0.04993303571428564	0.050250837053571425	0.050667968749999924	0.04939006696428564	0.050208705357142794	0.05073660714285705	0.05010337611607144	0.04984654017857136	0.04988002232142849	0.05104296874999994	0.04964397321428566	0.050408761160714285	0.050376116071428514	0.05077678571428564	0.04970703124999992	0.0507751116071428	
	0.0005821119742848446	0.0	0.0	0.0	0.0	0.0007506656417652625	0.0011415996445276624	0.0010284772315110374	0.0013215472193883956	0.0009882243734641877	0.0006553926344690528	0.001103121155170137	0.0010838356630041783	0.0009799151633075123	0.0008472445114117552	0.0009468716614981004	0.0013502175453542244	0.0012199399719070656	0.0014266343198595986	0.0011584794548207325	0.0010391561136166216	0.0011737713185875072	0.001543532838150515	0.0013475580413787054	0.0012350427215506944	
0.026826957952797246
	0.05901708984375006	0.0	0.0	0.0	0.0	0.05916169084821431	0.05943973214285709	0.059487165178571375	0.05912165178571423	0.058598214285714226	0.05898005022321429	0.05920145089285709	0.058145647321428504	0.058885602678571375	0.05968749999999996	0.05874135044642859	0.0583839285714285	0.05822656249999995	0.05997879464285707	0.05837611607142852	0.05918526785714287	0.05930468749999996	0.05962053571428567	0.05824665178571424	0.059569196428571364	
	0.00044846174739722716	0.0	0.0	0.0	0.0	0.000719890390452137	0.001105404381058478	0.0011139766893401833	0.0010022613492006033	0.0010160566194313673	0.0007024298659343018	0.001170689105528893	0.001232502570866724	0.0009216261811285356	0.001191690461458472	0.0007152256367264643	0.0010521872528154155	0.0010466697321984595	0.001104312495885224	0.0011122339159193514	0.0007346927487111665	0.0012658193625953514	0.0010786239972111124	0.001299683747682164	0.0011601904724647322	
0.03727593720314938
	0.06877856445312487	0.0	0.0	0.0	0.0	0.06897907366071425	0.0692628348214285	0.06942131696428565	0.0688627232142856	0.06836941964285709	0.06854701450892854	0.06858872767857133	0.06821930803571419	0.06810379464285707	0.06927622767857135	0.06859863281249999	0.0683091517857142	0.06830970982142848	0.06958147321428561	0.06819419642857134	0.0689895368303571	0.0688872767857142	0.06931863839285707	0.06825892857142851	0.06949330357142848	
	0.0004121157255235876	0.0	0.0	0.0	0.0	0.0006178251149501936	0.0012109090835622208	0.0011251792159459142	0.0009149600947843629	0.0008620082280281049	0.0006787417635416278	0.0010143792337635868	0.0010153856603291268	0.0010140655954168176	0.001191386123951774	0.000684903523268337	0.0009962430172773258	0.0010551330962986559	0.0011419407031170788	0.0009697087298395521	0.0006426458919927577	0.001076885170535721	0.0009131208833382802	0.0010953659709574807	0.0011015935957761778	
0.05179474679231207
	0.07960487583705347	0.0	0.0	0.0	0.0	0.07971289062499995	0.08013616071428555	0.07998493303571419	0.0795574776785713	0.07917299107142843	0.07947530691964284	0.07959933035714271	0.0790027901785713	0.07883258928571414	0.08046651785714272	0.07950265066964282	0.07950111607142842	0.07914397321428555	0.08029129464285702	0.07907421874999988	0.07972865513392854	0.0796356026785713	0.0800965401785713	0.07899107142857131	0.08019140624999986	
	0.00034370106187717864	0.0	0.0	0.0	0.0	0.0006323482226023388	0.0009914559461599855	0.0010892009478782553	0.0008694173147204227	0.0010851744492842948	0.0006000434386170676	0.0011606815543118464	0.0010337784438621735	0.000968505667838441	0.0007558992851385365	0.0005775092539048919	0.0010069976732915813	0.0009439028535072025	0.0011063634704502813	0.0009549422744797044	0.0006207801674517059	0.0011631090883554292	0.0010854663938746894	0.001048028510855656	0.0012270076037815202	
0.07196856730011514
	0.09125530133928583	0.0	0.0	0.0	0.0	0.09134765625000002	0.09188448660714266	0.09168080357142838	0.09103292410714266	0.09079241071428554	0.0912163783482143	0.09128850446428555	0.09095256696428555	0.0907036830357141	0.0919207589285713	0.0911616908482143	0.09125502232142842	0.09087388392857124	0.09183314732142839	0.09068470982142839	0.0912954799107143	0.09135602678571408	0.0916188616071427	0.09045424107142838	0.09175279017857126	
	0.0002893248691333144	0.0	0.0	0.0	0.0	0.000574675192564577	0.0010331697824685318	0.0009915991596884746	0.0009167830488297947	0.0011265468213760884	0.0005428234685047483	0.001050542657458275	0.0012161019470469678	0.0010370458302456117	0.0008101779207761333	0.0004530684498257829	0.0007657175258413527	0.000856682790174677	0.0008025195791283672	0.0008504638212390045	0.0005708756496550378	0.0011127153782500977	0.0008661604148757199	0.0010735255474391236	0.0008105166675124954	
0.1
	0.10350495256696463	0.0	0.0	0.0	0.0	0.10375474330357151	0.10400167410714266	0.10391852678571409	0.10381194196428553	0.10328683035714264	0.10340318080357151	0.10379241071428554	0.10293470982142833	0.10292410714285691	0.10396149553571406	0.10333593750000006	0.10309207589285693	0.10303292410714265	0.10422991071428551	0.10298883928571409	0.10352594866071434	0.10343917410714266	0.10404687499999977	0.10281361607142837	0.10380412946428552	
	0.00026639732196572424	0.0	0.0	0.0	0.0	0.0005329526655352785	0.0009205524322019145	0.0010574675190333823	0.0008592516072707711	0.0011474142498236345	0.0005294102644189945	0.0009478436607529559	0.0010041292534018844	0.0007878389242729011	0.0009367554906753372	0.00044676884353496844	0.0009382568625864398	0.000708282310110523	0.0008535867218818152	0.0007414747181482704	0.0004456755472473193	0.000884283437684136	0.000813878589090917	0.0008647638036740401	0.000874972773981958	
0.1389495494373136
	0.11624232700892889	0.0	0.0	0.0	0.0	0.11629617745535713	0.11637611607142828	0.11655915178571405	0.11628459821428547	0.11596484374999975	0.11611453683035713	0.11639174107142834	0.11558482142857118	0.11579241071428548	0.11668917410714263	0.11618526785714291	0.11602957589285688	0.11581417410714263	0.11684319196428546	0.11605412946428546	0.1163733258928571	0.11644977678571404	0.11667968749999975	0.11582924107142832	0.11653459821428548	
	0.0002766573208225572	0.0	0.0	0.0	0.0	0.00044509774345016887	0.0008876178589732407	0.0008494110155055308	0.0007037438815457788	0.0007118836476463067	0.0005866545191688463	0.00077658925445638	0.0007337471534555398	0.0009173944211274697	0.0010552912753553027	0.00040409222936723267	0.0008056797042583527	0.000914388644010354	0.0009135013962772217	0.0009932595232508684	0.00048740322843312915	0.0008232182500582251	0.001086468450438318	0.0008246181946889763	0.0007651847898876372	
0.19306977288832497
	0.12908342633928563	0.0	0.0	0.0	0.0	0.12917829241071407	0.12941015624999977	0.129379464285714	0.1289676339285712	0.12895591517857113	0.12896805245535695	0.12905915178571406	0.12867912946428547	0.1287371651785712	0.12939676339285694	0.129095005580357	0.12899218749999974	0.12902343749999975	0.12966796874999975	0.12869642857142835	0.1290923549107141	0.12932198660714259	0.12915234374999973	0.12861160714285685	0.1292834821428569	
	0.00023526972012235172	0.0	0.0	0.0	0.0	0.00035809580506236167	0.0006969486292981424	0.0006808255265780735	0.0006444817254473708	0.0006196857837996142	0.00040045699561124323	0.0007128289763146865	0.0008644027252436378	0.000712957182121598	0.0007812418287200264	0.0003911167335022713	0.0008114468682603621	0.0006692288526763045	0.0006518695575813312	0.000767250201363521	0.0003875126126555219	0.0007661436104725157	0.0007911755889055626	0.000648555627609993	0.000771960072358861	
0.2682695795279722
	0.14189644949776745	0.0	0.0	0.0	0.0	0.14206236049107113	0.14220758928571403	0.142295200892857	0.14184151785714263	0.14190513392857118	0.14188253348214253	0.14196093749999975	0.14166183035714264	0.14154910714285693	0.14235825892857118	0.1417494419642854	0.14158314732142838	0.14165624999999973	0.1421082589285712	0.14165011160714258	0.14189146205357112	0.1419960937499998	0.14197265624999977	0.1413069196428569	0.14229017857142834	
	0.00015018176254088134	0.0	0.0	0.0	0.0	0.0002544908629188412	0.0007012233354183548	0.0005508440042408746	0.0006964679189891933	0.0005250413290796412	0.0003753584621168397	0.0006513986053840562	0.0007545823224972915	0.0005363835105669908	0.0007105712220847339	0.0003263292470241217	0.0006388451253695177	0.0006672613903666173	0.0007250849030489392	0.0006490583896599411	0.0003755687112086517	0.0005874160236165864	0.0007843638122093182	0.0006018502492288313	0.0006474330260946167	
0.3727593720314938
	0.15406724330357102	0.0	0.0	0.0	0.0	0.15408844866071403	0.1542181919642855	0.15420535714285688	0.1540691964285712	0.15386104910714266	0.15407840401785688	0.15424162946428552	0.15376116071428547	0.1540061383928569	0.15430468749999982	0.15399651227678546	0.15388560267857115	0.15388783482142834	0.1543733258928569	0.15383928571428543	0.15410560825892833	0.15417410714285693	0.1541780133928569	0.1538476562499998	0.15422265624999976	
	0.00018079942701860192	0.0	0.0	0.0	0.0	0.0003218263858841758	0.0005994973808733002	0.0005624114159272457	0.0005985556728449771	0.0006898456820413384	0.00032223011167959587	0.000603989305084227	0.0005422315621248012	0.0005392828386387065	0.0005042259531028769	0.0002692858784376488	0.000580901776982804	0.0005118349688869163	0.0006325159432827658	0.00046450565703863724	0.0003138696356247085	0.0005552160908380356	0.0005357581711005191	0.0006372697002827143	0.0005138266679403416	
0.5179474679231213
	0.16529401506696415	0.0	0.0	0.0	0.0	0.16532868303571413	0.1653710937499998	0.1654782366071427	0.16522879464285692	0.16523660714285696	0.16524944196428554	0.1654369419642855	0.16507142857142842	0.16506696428571416	0.16542243303571408	0.16526185825892845	0.16535658482142843	0.1651964285714284	0.16539676339285692	0.1650976562499998	0.1653360770089285	0.1653242187499998	0.1654246651785713	0.16510156249999985	0.16549386160714266	
	0.0001193542505151629	0.0	0.0	0.0	0.0	0.00022368741709536487	0.0004316091509267849	0.0004029585900548012	0.00047907292944969086	0.0004304275283283639	0.00021456164804816322	0.0004394229191716291	0.0004810824565896018	0.000386038120507156	0.0004785692292185411	0.00021402101971471782	0.0005324371372715234	0.0005477898688673153	0.0004857793043199694	0.0004151631951597621	0.00024725921934456877	0.0005102286881721728	0.0004757787104922248	0.0004088524741071579	0.0005231075123980403	
0.7196856730011514
	0.17517313058035724	0.0	0.0	0.0	0.0	0.1752172154017858	0.17530245535714273	0.17519810267857133	0.17522321428571414	0.17514508928571415	0.1751397879464287	0.17517522321428566	0.1750385044642856	0.17511774553571416	0.17522767857142846	0.17515318080357142	0.17516015624999992	0.17502566964285698	0.175349888392857	0.1750770089285713	0.17518233816964296	0.17525279017857132	0.17525055803571415	0.17501897321428556	0.17520703124999992	
	9.665653389518282e-05	0.0	0.0	0.0	0.0	0.0002093689744810255	0.00038642351451917417	0.00038746127951606326	0.00044216716122907825	0.00040045041007735115	0.0001883895429501561	0.0004064262642532625	0.00034540517487930794	0.0003930722923191406	0.00034443779752631973	0.00016997180682043673	0.0003762630031727844	0.00039822173029159313	0.00031600345992231993	0.0003374137001105808	0.00017981997381782706	0.0003150560129162981	0.0003929296649528596	0.0003929633455271674	0.00039578818266207513	
1.0
	0.18345434570312535	0.0	0.0	0.0	0.0	0.18343624441964307	0.18348604910714275	0.18344475446428563	0.18342522321428567	0.1833889508928571	0.18343512834821457	0.18349553571428565	0.1834280133928571	0.18328906249999993	0.1835279017857142	0.18344447544642883	0.18339341517857127	0.1833543526785713	0.18363392857142852	0.1833962053571428	0.18350153459821444	0.1834782366071428	0.1835943080357142	0.18338113839285705	0.18355245535714276	
	9.629572214333943e-05	0.0	0.0	0.0	0.0	0.00019529849878069903	0.00042542345948247737	0.000324751375877628	0.0002837083426841196	0.0003281283216243879	0.00019306296814436958	0.00032553337560872514	0.0003383330544299216	0.0003607017849451939	0.00035112643023500094	0.0001831885573600255	0.00035203120329356654	0.0002798642296999561	0.00035406739430035724	0.00030259946487855733	0.0001390225197944579	0.00035426742506507305	0.0003293635327639729	0.00028676683826285056	0.00022706225669449602	
1.389495494373136
	0.18992260742187547	0.0	0.0	0.0	0.0	0.1899446149553574	0.18999665178571426	0.18997209821428568	0.1898995535714285	0.18991015624999993	0.1899111328125002	0.18991852678571433	0.18988616071428568	0.18988113839285714	0.18995870535714282	0.18992396763392888	0.18986718749999995	0.18994754464285712	0.18998716517857142	0.18989397321428567	0.18991071428571454	0.18989453124999994	0.18998381696428562	0.18980468749999993	0.18995982142857135	
	5.690526914358541e-05	0.0	0.0	0.0	0.0	9.850071346948179e-05	0.000209009518621465	0.00018660433930737838	0.00023062475803316065	0.000234135054684518	9.918594271575776e-05	0.00017572720966374926	0.0002694243586106039	0.0002446405913851579	0.00026214852486936826	0.0001150331273806092	0.00020801787074761554	0.00022984298152769	0.0002863712931114524	0.0002485984910286004	0.0001404710129837069	0.00025625872523568876	0.00027515122143069085	0.00026282238084753717	0.0002222187621524063	
1.9306977288832496
	0.19462022181919697	0.0	0.0	0.0	0.0	0.1946375558035718	0.19466517857142857	0.19466573660714287	0.19460658482142856	0.19461272321428572	0.1946404854910717	0.19470647321428575	0.19459933035714283	0.19463839285714288	0.19461774553571423	0.1945926339285717	0.19458816964285716	0.19457142857142853	0.19461272321428572	0.1945982142857142	0.19461021205357174	0.19460937500000003	0.19460212053571418	0.1945770089285715	0.19465234375	
	4.876579198564346e-05	0.0	0.0	0.0	0.0	0.00010095627981990489	0.00019739009794138371	0.000194304638109303	0.00021203521419600394	0.00018565404564722804	9.570668383510986e-05	0.00017777094579183415	0.00021104966783372996	0.0001748496073889974	0.00016517762879795825	8.999785751597062e-05	0.00018959751000573348	0.0001471522296772312	0.00013971413479352428	0.00016830120309053052	0.00010342157356177166	0.00020730106719876227	0.00017912077192976802	0.00012447574213259084	0.0001611081096749468	
2.682695795279722
	0.19756441824776833	0.0	0.0	0.0	0.0	0.1975804966517861	0.1975714285714286	0.19755133928571428	0.1975770089285714	0.19762220982142858	0.1975562220982146	0.19755022321428573	0.19755412946428577	0.19754185267857147	0.1975786830357143	0.19757212611607175	0.19755970982142856	0.1975775669642857	0.1975736607142857	0.19757756696428572	0.19754882812500033	0.19754352678571435	0.19753906249999997	0.19754687499999996	0.19756584821428572	
	3.1159074032040234e-05	0.0	0.0	0.0	0.0	6.356327476072139e-05	0.00012125693621019085	0.0001044824083791632	0.0001365033379530222	0.00012417893406297284	6.728193239712757e-05	0.00014070912308104735	0.00012285787081575927	0.00014012697917453165	0.00015335223501433765	7.138046279409119e-05	0.00014374267776099905	0.00013741622382612516	0.00012863419226980522	0.00015278259659784485	5.5013237034368394e-05	0.00011544193139793387	0.00014273065689512264	0.00013639835819149632	0.00012437563294633212	
3.727593720314938
	0.19920033482142865	0.0	0.0	0.0	0.0	0.1991989397321428	0.19919363839285714	0.19919977678571418	0.19919810267857144	0.19920424107142856	0.1991879185267857	0.19918694196428582	0.1991785714285715	0.19920982142857138	0.19917633928571427	0.19921205357142857	0.19922377232142863	0.19920870535714277	0.19921484375000006	0.1992008928571429	0.19920242745535713	0.1992008928571428	0.1991908482142857	0.1991925223214286	0.19922544642857143	
	2.5756688352209006e-05	0.0	0.0	0.0	0.0	5.641338123227173e-05	8.776431186981355e-05	9.659661077719364e-05	0.00010951015474163349	0.00010499972477794636	4.467750294851104e-05	8.968764166149081e-05	7.27075780128965e-05	9.624134436298371e-05	8.243832728841909e-05	4.403181148339024e-05	8.26929097748131e-05	7.568741889813995e-05	8.757961199214934e-05	9.192526911599086e-05	4.036391364195177e-05	8.249874380605392e-05	0.00010806315140085344	9.133904297116573e-05	7.490161489080469e-05	
5.179474679231202
	0.1999833984375002	0.0	0.0	0.0	0.0	0.19998353794642876	0.19998325892857163	0.1999843750000001	0.19997935267857156	0.1999871651785715	0.1999821428571431	0.19998158482142872	0.19998214285714322	0.19998102678571444	0.19998381696428597	0.1999866071428573	0.19998716517857146	0.19998549107142882	0.19998660714285715	0.19998716517857157	0.19998130580357162	0.1999849330357145	0.1999815848214288	0.199976004464286	0.1999827008928575	
	4.780089759788073e-06	0.0	0.0	0.0	0.0	1.0056261881134303e-05	1.9169156291473902e-05	1.880837002942757e-05	2.3616187465799807e-05	1.720886601019511e-05	9.270785561175062e-06	2.281130963817406e-05	1.8134014295951893e-05	1.768189678322677e-05	1.4963267497470372e-05	7.466009017971789e-06	1.4017697195266678e-05	2.030513995382171e-05	1.562499999994891e-05	1.4017697195274411e-05	7.945887759983824e-06	1.684306726875069e-05	1.720886601012693e-05	2.3616187465881037e-05	1.7637813202367445e-05	
7.196856730011514
	0.1999999651227676	0.0	0.0	0.0	0.0	0.19999999999999973	0.20000000000000007	0.20000000000000018	0.20000000000000004	0.20000000000000007	0.19999986049107124	0.19999944196428573	0.20000000000000007	0.2000000000000001	0.2	0.1999999999999998	0.2	0.19999999999999996	0.19999999999999984	0.20000000000000004	0.19999999999999984	0.20000000000000004	0.20000000000000015	0.19999999999999993	0.2	
	2.178082449612719e-07	0.0	0.0	0.0	0.0	5.493220400517278e-16	6.692346438785516e-16	6.984264716592571e-16	6.055551679337975e-16	6.275154471639835e-16	8.712329796794206e-07	3.4849319187496824e-06	6.173042190010194e-16	7.026054108426267e-16	6.240222555771991e-16	5.888010269090454e-16	6.243770810518787e-16	6.503043112178707e-16	5.389336646685185e-16	5.842861815429845e-16	5.416250078505088e-16	6.965903024650603e-16	6.709016971976899e-16	6.67404732930386e-16	6.063179922982951e-16	
10.0
	0.2	0.0	0.0	0.0	0.0	0.20000000000000007	0.20000000000000012	0.20000000000000004	0.19999999999999998	0.20000000000000023	0.20000000000000007	0.20000000000000007	0.20000000000000015	0.20000000000000012	0.20000000000000012	0.20000000000000007	0.2000000000000002	0.2000000000000003	0.20000000000000032	0.19999999999999993	0.2	0.20000000000000012	0.20000000000000004	0.20000000000000007	0.20000000000000018	
	6.442941410669702e-16	0.0	0.0	0.0	0.0	6.248704161064661e-16	6.818218022153523e-16	6.817088055619055e-16	6.925002210486447e-16	6.826263619612794e-16	6.821042119537663e-16	7.189846009289615e-16	6.960232885551785e-16	6.561420423721701e-16	7.075902823261139e-16	6.201368327193954e-16	7.113229329843195e-16	6.587638380852244e-16	7.031808116850025e-16	7.305175756203674e-16	6.494300566815188e-16	6.729653976414083e-16	7.03002761750769e-16	6.462342061055948e-16	6.827674150389211e-16	
13.89495494373136
	0.19999999999999976	0.0	0.0	0.0	0.0	0.2000000000000001	0.2000000000000002	0.20000000000000012	0.2	0.2000000000000001	0.1999999999999999	0.20000000000000012	0.20000000000000007	0.2	0.20000000000000007	0.20000000000000007	0.20000000000000032	0.2000000000000002	0.20000000000000004	0.20000000000000012	0.20000000000000007	0.20000000000000032	0.2000000000000002	0.2000000000000003	0.20000000000000007	
	6.388306154338998e-16	0.0	0.0	0.0	0.0	8.369123025590853e-16	7.83646618104943e-16	7.628745051415305e-16	7.810988075028874e-16	6.852311438059481e-16	7.503123229987849e-16	7.757546839837189e-16	7.424292222721483e-16	7.497474060430637e-16	7.411830120402217e-16	8.007134808947024e-16	7.532200495324004e-16	7.676938336875829e-16	6.742377207433316e-16	7.944230506954423e-16	7.573255161675981e-16	7.346712645221145e-16	7.597882873081358e-16	7.195602867370215e-16	6.865789198542438e-16	
19.306977288832496
	0.2	0.0	0.0	0.0	0.0	0.2000000000000002	0.20000000000000015	0.2	0.20000000000000018	0.20000000000000032	0.20000000000000015	0.20000000000000004	0.20000000000000015	0.2000000000000001	0.20000000000000007	0.20000000000000026	0.20000000000000048	0.20000000000000026	0.20000000000000015	0.2	0.2	0.20000000000000012	0.19999999999999998	0.19999999999999993	0.20000000000000026	
	8.284702249210427e-16	0.0	0.0	0.0	0.0	7.353918196335447e-16	7.370660205929667e-16	6.875179897653294e-16	7.137015844815927e-16	7.043165309545278e-16	8.180952970002996e-16	7.821090778381425e-16	7.312817293341903e-16	7.992810656162761e-16	7.344352929459024e-16	8.408038443574236e-16	6.7429484743021645e-16	7.545995278010251e-16	7.363340260669032e-16	6.821747961206775e-16	7.794697682115974e-16	8.133259850752857e-16	7.247341681149626e-16	7.009175911002235e-16	7.490406607113459e-16	
26.82695795279722
	0.19999999999999998	0.0	0.0	0.0	0.0	0.20000000000000004	0.20000000000000018	0.2000000000000002	0.2000000000000002	0.20000000000000012	0.19999999999999968	0.2000000000000002	0.2	0.2000000000000003	0.20000000000000012	0.19999999999999993	0.20000000000000007	0.20000000000000015	0.20000000000000034	0.20000000000000018	0.19999999999999987	0.20000000000000018	0.2000000000000001	0.2	0.20000000000000023	
	7.790496154769282e-16	0.0	0.0	0.0	0.0	7.973269187370902e-16	6.939032680397554e-16	7.205766531097153e-16	7.687091943881587e-16	7.164890973883816e-16	7.593191999753509e-16	7.5564522754526e-16	7.774658275743918e-16	7.313475672723764e-16	7.699983982967825e-16	7.607509108035064e-16	6.939448993216858e-16	6.933618339063249e-16	7.17482971808575e-16	7.473288597216451e-16	8.353805811417422e-16	7.482302957872832e-16	7.28008695961747e-16	7.969886793163089e-16	7.02290110608235e-16	
37.27593720314938
	0.19999999999999996	0.0	0.0	0.0	0.0	0.2000000000000002	0.20000000000000007	0.19999999999999982	0.20000000000000007	0.20000000000000015	0.2000000000000002	0.2000000000000003	0.20000000000000015	0.19999999999999993	0.20000000000000018	0.19999999999999998	0.20000000000000018	0.20000000000000012	0.2	0.2000000000000002	0.20000000000000037	0.2000000000000001	0.19999999999999998	0.20000000000000032	0.1999999999999999	
	8.235856161406297e-16	0.0	0.0	0.0	0.0	6.915400671622684e-16	7.938410024072501e-16	7.304516628723899e-16	7.558618379058925e-16	7.136476122665589e-16	8.412732825684064e-16	7.052592909260024e-16	7.345795068053667e-16	6.960924613213282e-16	8.03414849788938e-16	8.177185441163753e-16	7.489506634637439e-16	7.28021923224409e-16	6.879800455918813e-16	7.574272320388739e-16	8.285748290140836e-16	8.331181744852983e-16	7.702359768727011e-16	7.284054093561081e-16	7.052183275689278e-16	
51.79474679231202
	0.20000000000000007	0.0	0.0	0.0	0.0	0.2000000000000002	0.2000000000000002	0.19999999999999993	0.19999999999999996	0.2000000000000001	0.20000000000000023	0.20000000000000026	0.19999999999999998	0.2000000000000002	0.2000000000000004	0.20000000000000004	0.19999999999999998	0.20000000000000026	0.20000000000000012	0.20000000000000012	0.2000000000000002	0.20000000000000032	0.20000000000000004	0.2000000000000001	0.20000000000000004	
	8.576203389387904e-16	0.0	0.0	0.0	0.0	8.156432925548295e-16	6.87195767131718e-16	7.492591804505538e-16	7.410790665924008e-16	7.290793267202663e-16	7.74114398649249e-16	6.892525947589893e-16	7.777754145844614e-16	6.876580394683088e-16	6.809031616260416e-16	7.920801340038683e-16	6.810445716006979e-16	7.216983401394825e-16	7.638962716559682e-16	7.576687525056735e-16	8.299566879720526e-16	7.165159769853743e-16	7.616364613445415e-16	8.247656978545918e-16	7.877157542430387e-16	
71.96856730011514
	0.20000000000000004	0.0	0.0	0.0	0.0	0.19999999999999996	0.20000000000000007	0.19999999999999996	0.20000000000000004	0.19999999999999998	0.2	0.20000000000000023	0.20000000000000015	0.2	0.20000000000000004	0.20000000000000007	0.20000000000000026	0.2000000000000002	0.20000000000000007	0.20000000000000012	0.20000000000000015	0.20000000000000023	0.20000000000000012	0.20000000000000026	0.19999999999999993	
	7.843712901008694e-16	0.0	0.0	0.0	0.0	8.073843621700557e-16	7.71971827654185e-16	7.198278907057864e-16	7.544591407516031e-16	7.527596616700529e-16	7.742885330342319e-16	7.491306471470757e-16	7.867004433892474e-16	6.85498101478802e-16	6.986470390014551e-16	8.0751554819125965e-16	7.689972622994836e-16	7.417155038248925e-16	7.18944419600463e-16	7.62912372748841e-16	8.002563496203224e-16	7.35614393873911e-16	7.550587938283414e-16	7.965777669363254e-16	7.369745610376552e-16	
100.0
	0.1999999999999998	0.0	0.0	0.0	0.0	0.2	0.20000000000000012	0.2	0.19999999999999998	0.20000000000000026	0.20000000000000007	0.20000000000000007	0.20000000000000015	0.20000000000000023	0.20000000000000037	0.19999999999999993	0.20000000000000018	0.20000000000000007	0.20000000000000012	0.19999999999999998	0.20000000000000032	0.2000000000000002	0.19999999999999996	0.19999999999999998	0.20000000000000007	
	7.797785596192925e-16	0.0	0.0	0.0	0.0	8.08326043705641e-16	7.653697484777026e-16	7.443334381188825e-16	7.777877955017516e-16	7.525677502696713e-16	8.089333824267925e-16	7.357976397534149e-16	7.537568132987155e-16	7.463489249775335e-16	7.634675485368037e-16	7.901447399508589e-16	7.583928524134466e-16	7.42195717242856e-16	7.653571666780013e-16	7.568676255849099e-16	7.797415111071146e-16	7.290132839349759e-16	7.397004104368293e-16	7.550843004171107e-16	6.86985540511656e-16	
