rs_generated = 50
1e-05 
	0.0001552857142857143 	0.0 	0.0 	0.0 	0.0 	0.0 	0.00016642857142857147 	0.00020714285714285718 	0.00019285714285714292 	0.00016428571428571433 	0.00012142857142857146 	0.00014642857142857144 	0.00017642857142857147 	0.00017142857142857148 	0.0001571428571428572 	0.00017142857142857145 	0.00016071428571428573 	0.00022142857142857148 	0.0001371428571428572 	0.0001642857142857143 	0.00011071428571428572 	0.00014642857142857147 	0.00017142857142857145 	9.285714285714287e-05 	0.00012785714285714288 	0.00016071428571428576 	0.00010714285714285716 	0.00011785714285714287 	0.00015000000000000001 	0.00010357142857142859 	0.00016857142857142863 	0.00019285714285714292 	0.00013571428571428575 	0.00012500000000000003 	0.0001928571428571429 	0.00019642857142857146 	
	0.00016772067400829248 	0.0 	0.0 	0.0 	0.0 	0.0 	0.00014055465927850975 	0.0001993612248136124 	0.00017583619464415958 	0.00017871422861709721 	0.00010251928638862375 	0.00012106036611913068 	0.000191770749615689 	0.000194831167099798 	0.00019509286119639524 	0.00022519832529192075 	0.00016229382525002523 	0.00021887933494349381 	0.0001656711766587967 	0.00018502619781412315 	0.00013594904507624488 	0.000164789599929419 	0.0002982944716831586 	0.0001 	0.00014775358692424223 	0.00018847535431369664 	0.00011845088536983575 	0.00010955615464412836 	0.00019936122481361234 	0.0001527386055738793 	0.00023885782638316424 	0.0002928571428571429 	0.00017554579610635015 	0.00021204182298282005 	0.00032071349029490936 	0.00023159275481247828 	
1.3894954943731388e-05 
	0.00028742857142857156 	0.0 	0.0 	0.0 	0.0 	0.0 	0.0003078571428571428 	0.0003392857142857143 	0.0003678571428571429 	0.00033214285714285713 	0.0002607142857142858 	0.00023928571428571434 	0.0002971428571428572 	0.00022857142857142862 	0.00022500000000000008 	0.0003464285714285715 	0.00033214285714285724 	0.0003535714285714287 	0.00026857142857142845 	0.0003392857142857143 	0.0002392857142857143 	0.00025714285714285704 	0.00030357142857142855 	0.00020357142857142864 	0.0002485714285714287 	0.00017500000000000003 	0.00020714285714285718 	0.0003214285714285715 	0.0002821428571428572 	0.0002571428571428572 	0.00031499999999999996 	0.0003857142857142858 	0.0002714285714285715 	0.00026785714285714287 	0.0003000000000000001 	0.0003500000000000001 	
	0.0002557173184177707 	0.0 	0.0 	0.0 	0.0 	0.0 	0.0002796763800377507 	0.00042144370432878374 	0.00031422483176534474 	0.0004689463874322033 	0.00020457147845170988 	0.00017789156293446107 	0.00023666906197887218 	0.0002906712849910829 	0.00016447969913813512 	0.00023907239958827952 	0.00027666472009806167 	0.0002818714788910807 	0.0003372033843972793 	0.00039841842941555676 	0.00032617526902334115 	0.00044829609384323407 	0.0003518355657208667 	0.00021010808685832476 	0.00015023111447067832 	0.00012210943569484833 	0.000148804761828569 	0.00023957871187497753 	0.0002278168347688152 	0.00016812288994199747 	0.0002935957584634951 	0.00031493439550069426 	0.00024180444114015376 	0.0003726114406647837 	0.00028580355748203655 	0.0003379862332663138 	
1.9306977288832496e-05 
	0.0004012857142857144 	0.0 	0.0 	0.0 	0.0 	0.0 	0.0003857142857142858 	0.0005285714285714285 	0.00033928571428571433 	0.00033571428571428576 	0.00030714285714285723 	0.000417857142857143 	0.00043357142857142867 	0.00034642857142857153 	0.00039642857142857155 	0.0004785714285714287 	0.0005071428571428573 	0.0004392857142857143 	0.00044642857142857147 	0.0005285714285714287 	0.00038571428571428584 	0.00047500000000000005 	0.0004214285714285715 	0.00042142857142857157 	0.0003757142857142858 	0.00042857142857142866 	0.00035714285714285725 	0.0003678571428571429 	0.0003642857142857144 	0.0003607142857142858 	0.00036500000000000014 	0.0002678571428571429 	0.0003785714285714287 	0.00034642857142857153 	0.00035714285714285725 	0.000475 	
	0.0003517823132540454 	0.0 	0.0 	0.0 	0.0 	0.0 	0.00037681533397457067 	0.0005587431230458414 	0.00044557060413059804 	0.0003308924234828705 	0.0002605919478136386 	0.00039059413143338975 	0.0004086195026662135 	0.0003346678219076465 	0.0003449526734767765 	0.00045181041716767055 	0.0005580578567035602 	0.0004634745661515719 	0.0003829031155767309 	0.00048228833783985135 	0.00029268287497925545 	0.0004397500449582879 	0.00045591352563522703 	0.00034434202266268437 	0.0003480294381168329 	0.000402479559628023 	0.0003013574729961284 	0.0003863255738099561 	0.00037518702819054 	0.0003962354742074569 	0.00030852595564412815 	0.00021621158382379024 	0.00038072165632104096 	0.000275278152464902 	0.0003170334431596022 	0.0004333218862956925 	
2.6826957952797274e-05 
	0.0008057142857142859 	0.0 	0.0 	0.0 	0.0 	0.0 	0.0008328571428571422 	0.000914285714285714 	0.0007428571428571425 	0.0007964285714285713 	0.000832142857142857 	0.0008785714285714283 	0.0008192857142857139 	0.0008392857142857142 	0.0007678571428571428 	0.0007785714285714285 	0.0008535714285714284 	0.0008571428571428571 	0.000816428571428571 	0.0008535714285714285 	0.0007285714285714285 	0.0008392857142857141 	0.0008535714285714284 	0.0008071428571428571 	0.0007392857142857139 	0.00085 	0.0007035714285714285 	0.000692857142857143 	0.0007142857142857142 	0.0007357142857142857 	0.0008207142857142855 	0.0007821428571428571 	0.0008428571428571429 	0.0007892857142857143 	0.0008178571428571428 	0.0008714285714285714 	
	0.00047948995009791163 	0.0 	0.0 	0.0 	0.0 	0.0 	0.0005936500721496327 	0.000605501984357792 	0.0006475621473602956 	0.0005319031099432929 	0.0006010301530688446 	0.0007166389806390859 	0.00049875405987811 	0.0005203143672976235 	0.0004894942204324117 	0.0005152768227677551 	0.0005415044236350485 	0.0005571886428073253 	0.0005314885718816687 	0.0006441356334544099 	0.000540502411782646 	0.0005414573117136409 	0.0005563753871520297 	0.000508398847122121 	0.00040709586194940124 	0.0004454417665048246 	0.0004823544509243491 	0.0004478406239833494 	0.00036665893622030274 	0.0004360069274866242 	0.00045177032723655973 	0.000370620687330795 	0.0005081478974809258 	0.00040230521969758027 	0.000560941719116075 	0.0005656403270558389 	
3.727593720314938e-05 
	0.0009389999999999997 	0.0 	0.0 	0.0 	0.0 	0.0 	0.000940714285714285 	0.0009749999999999997 	0.000989285714285714 	0.0009214285714285711 	0.0009357142857142854 	0.000882142857142857 	0.0009171428571428563 	0.0010821428571428568 	0.0008785714285714284 	0.0009714285714285709 	0.0007785714285714284 	0.0008749999999999997 	0.0009228571428571423 	0.0008464285714285714 	0.0008678571428571425 	0.0010999999999999992 	0.0008428571428571427 	0.0009571428571428568 	0.0009442857142857137 	0.0009035714285714283 	0.001046428571428571 	0.0009821428571428568 	0.0008535714285714285 	0.0009357142857142855 	0.0009699999999999989 	0.0008535714285714283 	0.0010785714285714279 	0.000996428571428571 	0.0010642857142857138 	0.0008571428571428568 	
	0.0006736365064759649 	0.0 	0.0 	0.0 	0.0 	0.0 	0.0006246799180380287 	0.0006332717925703825 	0.0007703116914865146 	0.0006378375456915945 	0.0007664522030706388 	0.0005911874076977686 	0.0007072092320941387 	0.0008337660441194094 	0.0006440861268304959 	0.0007154989696080653 	0.0007331091184754394 	0.0007228504375747723 	0.0006584521119059974 	0.00045092026083627353 	0.0007423160804302338 	0.0008706964137390011 	0.0005714732125419885 	0.0008028647686470573 	0.0006918239719489803 	0.000697855680653534 	0.0008901458834806513 	0.0007743084472150425 	0.0005733116294737056 	0.000656948729090072 	0.0007882737533395864 	0.0006771507684890458 	0.0009562895983531167 	0.0007996252310952179 	0.0009588204913819248 	0.0006736664832186949 	
5.1794746792312125e-05 
	0.0013597142857142861 	0.0 	0.0 	0.0 	0.0 	0.0 	0.0013285714285714268 	0.001314285714285714 	0.001460714285714285 	0.0012678571428571424 	0.0012607142857142851 	0.0013392857142857139 	0.0013671428571428556 	0.0013357142857142853 	0.0013214285714285713 	0.0014499999999999997 	0.0014071428571428566 	0.001321428571428571 	0.001402857142857141 	0.0014357142857142852 	0.0013499999999999994 	0.0014499999999999995 	0.001392857142857142 	0.0013857142857142848 	0.0012599999999999988 	0.0013178571428571425 	0.001282142857142857 	0.0012285714285714285 	0.0011678571428571426 	0.0013035714285714282 	0.0014399999999999984 	0.0013392857142857136 	0.0014928571428571421 	0.001403571428571428 	0.0014714285714285706 	0.0014928571428571426 	
	0.0005602720913328905 	0.0 	0.0 	0.0 	0.0 	0.0 	0.0005081378569174426 	0.0005698191621479744 	0.0006484774160937854 	0.0005290658884162859 	0.0005685305979596222 	0.0005038752882633247 	0.0005210096164258028 	0.00045350111940999885 	0.0005913923384346323 	0.0004700738109649395 	0.0007535968174463748 	0.0005378528742004766 	0.0006922103018886772 	0.0006267424690006081 	0.0006792853387410701 	0.0006057126010758237 	0.0008705792113675261 	0.0007838939953325103 	0.0004338978531161158 	0.00047980916699735273 	0.0006076573450387897 	0.0004461284705607764 	0.0004596055318400322 	0.0004624276005109181 	0.0007038683202452682 	0.000652751241801552 	0.000739346098293095 	0.0006980384323668885 	0.0008396731628485937 	0.0007243575619478404 	
7.196856730011514e-05 
	0.0013680000000000005 	0.0 	0.0 	0.0 	0.0 	0.0 	0.0014057142857142831 	0.0013642857142857135 	0.001457142857142856 	0.0012892857142857137 	0.001492857142857142 	0.0014249999999999992 	0.0013707142857142837 	0.0014678571428571418 	0.0012678571428571424 	0.0013357142857142851 	0.001353571428571428 	0.0014285714285714281 	0.0014757142857142831 	0.0016178571428571422 	0.0014249999999999988 	0.0013892857142857138 	0.0014249999999999992 	0.0015214285714285705 	0.0013114285714285689 	0.0014321428571428562 	0.0013999999999999993 	0.0012749999999999994 	0.0012428571428571423 	0.0012071428571428567 	0.0012764285714285694 	0.0012821428571428567 	0.0012321428571428568 	0.0014071428571428566 	0.0011892857142857137 	0.001271428571428571 	
	0.000700323890082589 	0.0 	0.0 	0.0 	0.0 	0.0 	0.0007801151144778123 	0.0008425544250573204 	0.0009003684053242427 	0.0008222744092343084 	0.0007572439285639318 	0.0007221795949394704 	0.0007260140691277435 	0.0008119719634246941 	0.0006682008282984795 	0.0007478199608712976 	0.0008015371074965124 	0.0007034898429854347 	0.000769191199924187 	0.0008947194863104702 	0.0009284958760472404 	0.0007478626006077274 	0.0006347605204857542 	0.0007414822441349118 	0.0007263916973363463 	0.001025622011368749 	0.0006631326397932636 	0.0008562569826916229 	0.0006131634266287424 	0.0006320116893778176 	0.0006835833705480201 	0.0006726148335308353 	0.0007515714828794063 	0.0006804860207894022 	0.0006480051807553031 	0.000828417473381676 	
0.0001 
	0.002354142857142859 	0.0 	0.0 	0.0 	0.0 	0.0 	0.0022042857142857085 	0.0021357142857142838 	0.002192857142857141 	0.002403571428571426 	0.002214285714285712 	0.0020749999999999987 	0.002303571428571422 	0.0022857142857142837 	0.0022892857142857125 	0.0025249999999999977 	0.0021964285714285697 	0.002221428571428569 	0.002369285714285707 	0.0023928571428571406 	0.002317857142857141 	0.0025178571428571407 	0.0023249999999999976 	0.0022928571428571403 	0.002407857142857136 	0.0024357142857142837 	0.0022392857142857123 	0.002457142857142855 	0.002303571428571426 	0.002603571428571426 	0.002485714285714279 	0.002385714285714284 	0.002799999999999997 	0.0023857142857142835 	0.0024357142857142837 	0.0024214285714285687 	
	0.0005804623245345754 	0.0 	0.0 	0.0 	0.0 	0.0 	0.0005816426422343051 	0.0007530211260824821 	0.0005362378394035264 	0.000772956489521807 	0.0007402426518875196 	0.0006810949317991197 	0.0005440424090612237 	0.0004839252767415511 	0.0005485253886930079 	0.0006689258065689168 	0.0005757094115355517 	0.0007099511337020994 	0.0005775126997455071 	0.0006125806902284914 	0.0006748866117915723 	0.0006725769055487626 	0.0007344389084219868 	0.0004994384601832372 	0.0007372622411631376 	0.0009893308396103286 	0.0007950821418224003 	0.0007419293656902033 	0.0008030950969180893 	0.0007553297023046762 	0.0007422112576756057 	0.0009061580706364587 	0.0010622463682869298 	0.0006567545436555757 	0.0006873121264634225 	0.0007855194563640851 	
0.00013894954943731373 
	0.003354142857142862 	0.0 	0.0 	0.0 	0.0 	0.0 	0.00330857142857142 	0.0033142857142857106 	0.0033571428571428532 	0.003274999999999996 	0.0032785714285714245 	0.0033178571428571385 	0.003499285714285705 	0.0035749999999999957 	0.003614285714285709 	0.0034285714285714236 	0.0034749999999999955 	0.003403571428571424 	0.003407142857142847 	0.0034749999999999955 	0.0034107142857142804 	0.003557142857142852 	0.003467857142857138 	0.003124999999999996 	0.0034214285714285623 	0.0034035714285714246 	0.0034142857142857104 	0.003464285714285709 	0.003524999999999995 	0.0032999999999999956 	0.0031342857142857053 	0.002907142857142854 	0.003124999999999996 	0.003160714285714282 	0.0033392857142857104 	0.0031392857142857108 	
	0.0011389840532111928 	0.0 	0.0 	0.0 	0.0 	0.0 	0.001125474049782887 	0.0012183545276733022 	0.000996934075563878 	0.0011939526620363418 	0.0011757325115754457 	0.0012665687618804676 	0.0012128876405386592 	0.0012149630463852085 	0.0012308533625091148 	0.0013476169443025798 	0.0013714518227195618 	0.0011873106723402495 	0.0012451251883621485 	0.0010288008176751095 	0.0015371463422690144 	0.0013541508371654578 	0.0013976520033430965 	0.0011377396585389111 	0.0011812696386446567 	0.0013203711985804631 	0.0012444980957012654 	0.001224119842072293 	0.0011884917985001135 	0.0012373028599930302 	0.0010674344600632919 	0.0012023785950000439 	0.0009511338561132676 	0.0012151520019137918 	0.0009809733296422408 	0.0011890711947240345 	
0.00019306977288832496 
	0.0034634285714285795 	0.0 	0.0 	0.0 	0.0 	0.0 	0.0034599999999999883 	0.0035142857142857094 	0.0034928571428571383 	0.0033285714285714242 	0.003467857142857138 	0.0034964285714285674 	0.003596428571428561 	0.0039035714285714234 	0.003542857142857139 	0.0035107142857142815 	0.0035571428571428525 	0.003467857142857138 	0.0034199999999999873 	0.003546428571428567 	0.0034499999999999956 	0.0035892857142857094 	0.003282142857142853 	0.0032321428571428527 	0.003398571428571418 	0.0033107142857142823 	0.0033178571428571393 	0.0033857142857142814 	0.00341428571428571 	0.00356428571428571 	0.003442142857142845 	0.003507142857142852 	0.0033214285714285676 	0.0034249999999999958 	0.0033107142857142814 	0.003646428571428567 	
	0.0007246961925031574 	0.0 	0.0 	0.0 	0.0 	0.0 	0.0008155766709037519 	0.0008357753335456019 	0.0011390337831617056 	0.0009154011053486149 	0.0007410090335178781 	0.0007487148853815012 	0.0009133547157236877 	0.001092886320805635 	0.0007729152341516317 	0.0009535179225223957 	0.0011220425980490805 	0.0009855395807912121 	0.0006320907968877584 	0.0010305350799562352 	0.0007496938150515371 	0.0005796836751757849 	0.0006741302030114386 	0.0006558702740073899 	0.0007995649327181949 	0.0006340769444070411 	0.0007375583684961981 	0.000977006047231299 	0.0007705020891521014 	0.0012394246525657575 	0.0006649186692631618 	0.0005971445659579093 	0.0008996881545903561 	0.0008545272592110161 	0.0006157064136056247 	0.000799784728689474 	
0.00026826957952797245 
	0.004504142857142865 	0.0 	0.0 	0.0 	0.0 	0.0 	0.0044585714285714185 	0.004274999999999994 	0.00453214285714285 	0.004467857142857136 	0.004496428571428564 	0.004521428571428564 	0.004522857142857132 	0.0044428571428571356 	0.004528571428571422 	0.004624999999999992 	0.004589285714285707 	0.004428571428571422 	0.004528571428571418 	0.004710714285714278 	0.004774999999999993 	0.004639285714285707 	0.004214285714285709 	0.004303571428571421 	0.004449999999999988 	0.004596428571428565 	0.004360714285714279 	0.004503571428571421 	0.004357142857142851 	0.00443214285714285 	0.004560714285714276 	0.004742857142857135 	0.004592857142857137 	0.004367857142857137 	0.0046071428571428505 	0.004492857142857136 	
	0.0006166351913276423 	0.0 	0.0 	0.0 	0.0 	0.0 	0.0005836094584566 	0.0007445464994182139 	0.0006911337181230047 	0.0009437563352943173 	0.0006045005528263359 	0.0006849698339849616 	0.0007604429428877368 	0.0007586575146202623 	0.0008384570377077347 	0.0008600026696683743 	0.0010507832355739503 	0.0008994045649364738 	0.0006838665581732717 	0.0008097697455550708 	0.0010097799820975326 	0.0009479368036285254 	0.0005277986629117467 	0.0008444370785273666 	0.0006907552802135205 	0.0008922926787157857 	0.0008831544229034208 	0.0008176075726515381 	0.0007995534467974678 	0.0007830229881682892 	0.0007249859252680291 	0.0010536380124238516 	0.0009161532266459983 	0.0008159835057356552 	0.0007284313590846819 	0.0007996810588718259 	
0.0003727593720314938 
	0.007061285714285727 	0.0 	0.0 	0.0 	0.0 	0.0 	0.007041428571428567 	0.007032142857142847 	0.007132142857142848 	0.006889285714285706 	0.007203571428571419 	0.00694999999999999 	0.007258571428571429 	0.007214285714285704 	0.007157142857142849 	0.0077178571428571366 	0.0071107142857142775 	0.007092857142857134 	0.007204285714285712 	0.007617857142857132 	0.007253571428571418 	0.007157142857142846 	0.007114285714285703 	0.006878571428571416 	0.006899285714285712 	0.006878571428571417 	0.007232142857142848 	0.006703571428571418 	0.006764285714285702 	0.0069178571428571345 	0.00690285714285714 	0.006910714285714275 	0.007124999999999989 	0.007117857142857134 	0.006378571428571419 	0.0069821428571428465 	
	0.0008603187472900779 	0.0 	0.0 	0.0 	0.0 	0.0 	0.000979440698374667 	0.0011785119032587026 	0.0011457608202163582 	0.0012964285714285723 	0.001056811000035448 	0.0009519314415375495 	0.001168580160637999 	0.001051480976954868 	0.0012485910426703987 	0.0014183968026599408 	0.001352666489809326 	0.0012342063466545849 	0.0007823773294991918 	0.0010450380815246612 	0.0009426744952960362 	0.0008433715137494783 	0.0009092495223411184 	0.0006428968241721303 	0.0009826009321371215 	0.0009988769203664771 	0.001161812667115227 	0.0010006439253331442 	0.0006759724665326271 	0.0014027169336392794 	0.000878996412892316 	0.0009660367699090593 	0.0008597059891352993 	0.001002554136153441 	0.0011822669334971756 	0.0009074872799468366 	
0.0005179474679231213 
	0.00787557142857144 	0.0 	0.0 	0.0 	0.0 	0.0 	0.007849999999999996 	0.007732142857142851 	0.008074999999999995 	0.007657142857142849 	0.008035714285714278 	0.00774999999999999 	0.008141428571428567 	0.008153571428571421 	0.008532142857142853 	0.00823928571428571 	0.008082142857142852 	0.00769999999999999 	0.007905714285714283 	0.007971428571428565 	0.007614285714285705 	0.008328571428571423 	0.007649999999999989 	0.007964285714285707 	0.007852142857142856 	0.008139285714285707 	0.007817857142857133 	0.007696428571428564 	0.007567857142857134 	0.008039285714285705 	0.007628571428571428 	0.007517857142857134 	0.008042857142857138 	0.007767857142857135 	0.00702857142857142 	0.007785714285714277 	
	0.0011647642224405493 	0.0 	0.0 	0.0 	0.0 	0.0 	0.001256919623037015 	0.001079877402338636 	0.0015234100108718325 	0.0015484686312744068 	0.001231909915868992 	0.0012981541055023748 	0.0012139444898716701 	0.0011525315968044757 	0.0013239791986158146 	0.001282242335973698 	0.001628669326631479 	0.0011501109085826592 	0.0011689206603547062 	0.0013000981124672234 	0.0013894463733767537 	0.0010897013258649613 	0.001180496263683812 	0.001334682565638895 	0.0011981237457809142 	0.0013765019626071184 	0.0012422668959673484 	0.0015859113455418635 	0.0011096113035193782 	0.0010631165678018138 	0.00122006607382133 	0.0014225094598157614 	0.00135881475964181 	0.0014179291093646728 	0.0014030578849682019 	0.0010416088419324442 	
0.0007196856730011514 
	0.00995057142857142 	0.0 	0.0 	0.0 	0.0 	0.0 	0.009794285714285709 	0.00995714285714287 	0.009753571428571434 	0.009735714285714294 	0.009925000000000012 	0.009600000000000008 	0.010228571428571424 	0.009971428571428582 	0.010325000000000011 	0.010557142857142874 	0.010203571428571439 	0.010085714285714299 	0.009999999999999997 	0.0102607142857143 	0.010171428571428585 	0.010521428571428584 	0.009650000000000006 	0.009396428571428575 	0.010006428571428572 	0.010217857142857159 	0.009971428571428582 	0.010096428571428583 	0.00964642857142858 	0.010100000000000012 	0.009723571428571429 	0.009510714285714292 	0.009996428571428581 	0.009707142857142867 	0.009578571428571436 	0.009825000000000013 	
	0.0008149696876796936 	0.0 	0.0 	0.0 	0.0 	0.0 	0.0007758195140413462 	0.0008258885135021002 	0.0009161880321222819 	0.001370163106632032 	0.0008640274112242932 	0.0010062052373108882 	0.0010676600391433943 	0.00129744647170464 	0.0013690688404152495 	0.0011975953798664975 	0.0009848404511826935 	0.001288805807002475 	0.0008955217382473061 	0.0008793332933628432 	0.0012382921088898234 	0.0011456661906542344 	0.0007765373166059975 	0.0011591968102518148 	0.0010294116112159076 	0.0013990202475522879 	0.0014046024929727798 	0.0009025262164771642 	0.001208542088465215 	0.0010209289487360844 	0.0008425244500782152 	0.0012398619491948554 	0.0009881246409853726 	0.0009357960705807147 	0.001360597107815522 	0.0009240894580778586 	
0.001 
	0.012169428571428562 	0.0 	0.0 	0.0 	0.0 	0.0 	0.012305714285714286 	0.012167857142857173 	0.01231071428571432 	0.012764285714285752 	0.012000000000000031 	0.01228571428571432 	0.012285000000000004 	0.012667857142857179 	0.011828571428571459 	0.012389285714285752 	0.012464285714285752 	0.012075000000000032 	0.01214357142857143 	0.01286428571428575 	0.011721428571428603 	0.012321428571428606 	0.011735714285714316 	0.01207500000000003 	0.012143571428571422 	0.012478571428571459 	0.011992857142857171 	0.012228571428571458 	0.0118714285714286 	0.0121464285714286 	0.011969285714285714 	0.01212857142857146 	0.011882142857142886 	0.011646428571428603 	0.01243571428571432 	0.011753571428571457 	
	0.0006740587390379799 	0.0 	0.0 	0.0 	0.0 	0.0 	0.0010372343525167358 	0.0015370467641233577 	0.0013416455400373309 	0.0010902162301908037 	0.0011834315375557913 	0.001023574170069112 	0.0008364859075139217 	0.0012720554233208706 	0.001164723843944603 	0.0010924660831610172 	0.0007231591689756012 	0.0011412321035993275 	0.0007671006240037449 	0.0009318349245068171 	0.0012683148067335764 	0.0013028618420968005 	0.000872218611428618 	0.0011007244831269644 	0.0007480140373014396 	0.0009664261957525553 	0.0012712279135400158 	0.0009796657072487557 	0.0008988654980994016 	0.0008569121713383295 	0.0007684602282805377 	0.0011807555519536674 	0.0010617479331128513 	0.0008863261135676074 	0.0008023880174904513 	0.0011879980158713706 	
0.0013894954943731374 
	0.014968999999999991 	0.0 	0.0 	0.0 	0.0 	0.0 	0.014979285714285723 	0.015007142857142913 	0.015125000000000059 	0.015482142857142916 	0.014489285714285765 	0.014792857142857191 	0.015240000000000009 	0.015367857142857204 	0.015200000000000059 	0.0157178571428572 	0.015189285714285766 	0.014725000000000054 	0.014697857142857153 	0.015235714285714342 	0.014332142857142908 	0.014903571428571488 	0.014496428571428625 	0.014521428571428624 	0.014948571428571434 	0.014867857142857195 	0.01505000000000005 	0.015392857142857201 	0.01419642857142862 	0.015235714285714344 	0.014979285714285721 	0.01493928571428577 	0.014696428571428617 	0.015200000000000057 	0.015175000000000051 	0.01488571428571434 	
	0.0009990714158044673 	0.0 	0.0 	0.0 	0.0 	0.0 	0.001040135636759525 	0.0013485441885868782 	0.001181084981994897 	0.001249004705796597 	0.0007183899941351327 	0.001741729729027902 	0.0013117374363952681 	0.0013077525900317339 	0.00123565235187487 	0.0015547368371055868 	0.0016633849493715963 	0.0016596232975575902 	0.0009341756706709337 	0.0009136437478356578 	0.001606511780859647 	0.0007703116914865197 	0.0011506930032615609 	0.0013316400812991693 	0.001137387805635433 	0.00141854067726704 	0.0016127046619051548 	0.001187949700027709 	0.0011668519046335514 	0.0014187339857947255 	0.0012533035936911692 	0.0012526553429268886 	0.001441570324333856 	0.0015427744686844248 	0.0013092537600340464 	0.001784914106433962 	
0.0019306977288832496 
	0.01834199999999999 	0.0 	0.0 	0.0 	0.0 	0.0 	0.0183914285714286 	0.018182142857142904 	0.018742857142857186 	0.01820000000000005 	0.018296428571428623 	0.018535714285714332 	0.018558571428571452 	0.01837857142857148 	0.018367857142857193 	0.019135714285714325 	0.018692857142857185 	0.01821785714285718 	0.017982857142857172 	0.01853571428571433 	0.01762142857142862 	0.018282142857142903 	0.017692857142857194 	0.017782142857142903 	0.0187014285714286 	0.0186071428571429 	0.018503571428571473 	0.019185714285714323 	0.01818928571428577 	0.019021428571428616 	0.01807571428571431 	0.01723571428571433 	0.018353571428571476 	0.018367857142857193 	0.018350000000000054 	0.018071428571428624 	
	0.0010453543877166137 	0.0 	0.0 	0.0 	0.0 	0.0 	0.00137823385948416 	0.0016425814986148516 	0.001760522301906503 	0.0015936096877010597 	0.0013152413063303391 	0.001564677054766973 	0.0010084884627956077 	0.0019337364698153202 	0.0012506171945671127 	0.0005532372263066082 	0.0011987663727042535 	0.0013774282825139614 	0.001148997788669481 	0.001473403667481154 	0.0013509444919789077 	0.0014678919008745252 	0.001070499597269932 	0.0016722868675400483 	0.001189288073785732 	0.001380254339176769 	0.0015750323935768123 	0.0014670531339931688 	0.00152964331576658 	0.0011285036145991085 	0.0013638114358858725 	0.001496185626375082 	0.0017832447209213476 	0.0017185252636003445 	0.0015960570037387891 	0.0011319794834803276 	
0.0026826957952797246 
	0.02175157142857144 	0.0 	0.0 	0.0 	0.0 	0.0 	0.021979285714285757 	0.022650000000000045 	0.02201071428571432 	0.02160714285714289 	0.0217964285714286 	0.02183214285714289 	0.022425000000000046 	0.022685714285714323 	0.02185000000000004 	0.023189285714285746 	0.022321428571428617 	0.022078571428571465 	0.021581428571428606 	0.022685714285714323 	0.021378571428571466 	0.02133928571428575 	0.020714285714285754 	0.021789285714285747 	0.021738571428571475 	0.022085714285714327 	0.022003571428571476 	0.022010714285714324 	0.020735714285714323 	0.021857142857142887 	0.02103357142857147 	0.021000000000000036 	0.02179642857142861 	0.020742857142857188 	0.020267857142857185 	0.021360714285714313 	
	0.0004513066969300164 	0.0 	0.0 	0.0 	0.0 	0.0 	0.0009838670579682537 	0.0015658830722369986 	0.0011021835933588255 	0.0009126380242271896 	0.001316113829516613 	0.0014971103118054763 	0.0008993662734823631 	0.0011162985483192179 	0.001598293094625177 	0.001013688204286798 	0.001871101389065611 	0.0011518396997314967 	0.0007114314400401258 	0.0011494009087257568 	0.0013127320008754408 	0.0012111566827640676 	0.0011759711574971976 	0.0009603690298366467 	0.0004047574229443806 	0.0011354896453485948 	0.0010716011765730079 	0.00036212595057746085 	0.0006953196299221701 	0.001065339842300022 	0.0007407321943006564 	0.0012374884043983602 	0.0012513309241094612 	0.0015385190334625404 	0.0011123437748598104 	0.0008016962247227383 	
0.003727593720314938 
	0.026316000000000003 	0.0 	0.0 	0.0 	0.0 	0.0 	0.026323571428571495 	0.02664642857142859 	0.026442857142857185 	0.025507142857142895 	0.026596428571428615 	0.026425000000000042 	0.026601428571428633 	0.02658928571428576 	0.0263321428571429 	0.02717500000000004 	0.026682142857142897 	0.026228571428571455 	0.02643928571428577 	0.026957142857142895 	0.02621428571428575 	0.0267821428571429 	0.025553571428571474 	0.02668928571428576 	0.026310714285714337 	0.026539285714285755 	0.026567857142857178 	0.026489285714285743 	0.02530357142857147 	0.026653571428571464 	0.025905000000000056 	0.025146428571428615 	0.026367857142857182 	0.025750000000000044 	0.026307142857142897 	0.025953571428571465 	
	0.0007757921034369416 	0.0 	0.0 	0.0 	0.0 	0.0 	0.0010363104195723902 	0.0012154878503241825 	0.0016062854855922969 	0.0011625315444480375 	0.0012869091669895072 	0.001101882665333868 	0.0010362205659146615 	0.0012307963657232498 	0.0018479891167185424 	0.0014870572570396489 	0.0010997970592016443 	0.0007413102024972669 	0.0008670278224474503 	0.0010799423642973158 	0.0010401383345988468 	0.0012827793883531538 	0.0015546383856717585 	0.0009106862740790135 	0.0012097488776348583 	0.0017261087829601755 	0.001175151965856812 	0.001518260450620502 	0.0010988456373366984 	0.0019080956688889246 	0.0008674796357075724 	0.0007493960153050654 	0.0011996013368394275 	0.0018800103126074062 	0.0011812955530575316 	0.001174674292677573 	
0.005179474679231208 
	0.030169428571428566 	0.0 	0.0 	0.0 	0.0 	0.0 	0.030155714285714355 	0.03066428571428574 	0.030167857142857166 	0.029692857142857184 	0.030421428571428613 	0.029832142857142883 	0.030695000000000076 	0.031228571428571467 	0.02995357142857148 	0.03148571428571432 	0.030553571428571468 	0.030253571428571463 	0.030262857142857216 	0.03088571428571433 	0.030282142857142907 	0.031307142857142894 	0.028785714285714324 	0.030053571428571468 	0.02980785714285722 	0.030660714285714315 	0.029953571428571475 	0.030075000000000043 	0.028742857142857195 	0.029607142857142898 	0.029925714285714354 	0.029571428571428623 	0.03014285714285718 	0.029257142857142898 	0.030132142857142892 	0.03052500000000003 	
	0.0007947961360997994 	0.0 	0.0 	0.0 	0.0 	0.0 	0.0010777092107136857 	0.0013142857142857077 	0.001859617170389684 	0.0015288217418545993 	0.001371242546907341 	0.0010956837861279412 	0.0009686043504729452 	0.0014038213154508922 	0.0014106057824457494 	0.0012886078550441906 	0.0013113758548383562 	0.001193568008886263 	0.0009424771961729933 	0.0010045559481986072 	0.001346807449534804 	0.0018605189094026474 	0.001020953935677563 	0.001373422100195762 	0.0010680874094781464 	0.002125360113544257 	0.0014112386005757788 	0.0013133391389422457 	0.0008893932809299132 	0.0012638013600052144 	0.0012169852345959198 	0.0019074237353358153 	0.0014044390266550668 	0.0011865315599920419 	0.001501194252478151 	0.0018997213812900488 	
0.007196856730011514 
	0.03537114285714287 	0.0 	0.0 	0.0 	0.0 	0.0 	0.03531285714285718 	0.03542499999999998 	0.03578571428571426 	0.03479999999999999 	0.035524999999999966 	0.035028571428571416 	0.03587571428571433 	0.03652857142857138 	0.035203571428571404 	0.03654999999999997 	0.035728571428571394 	0.03536785714285711 	0.03548071428571433 	0.03636428571428568 	0.03549999999999998 	0.03606785714285711 	0.034460714285714275 	0.035010714285714256 	0.035132857142857195 	0.035371428571428554 	0.034989285714285716 	0.03554285714285712 	0.034103571428571434 	0.03565714285714283 	0.03505357142857149 	0.03462142857142857 	0.03523214285714283 	0.03518571428571427 	0.03468214285714284 	0.03554642857142855 	
	0.0007710776450487176 	0.0 	0.0 	0.0 	0.0 	0.0 	0.0007538662253439185 	0.0015294264964891902 	0.0012433496561092064 	0.0012955181770005102 	0.0012638064063190291 	0.0011202905964115403 	0.0009669919696604272 	0.0012861903880396724 	0.001643637237150221 	0.0007673503310823763 	0.0018264077600914643 	0.0020059891193470337 	0.0009643706311816562 	0.001408320754281042 	0.0013472382938471237 	0.0015618580313856985 	0.0012691844159272569 	0.0013336357012593042 	0.0009566320598637549 	0.0012927584808446872 	0.0015411076390382476 	0.0015376897593202365 	0.0010685019553428041 	0.0012271586561430885 	0.0010757685909267194 	0.0012325516920069976 	0.0010626125390579772 	0.0015100682509240815 	0.0020936279662882697 	0.001165845799654234 	
0.01 
	0.041367857142857165 	0.0 	0.0 	0.0 	0.0 	0.0 	0.041289285714285744 	0.041721428571428444 	0.04190357142857132 	0.04080357142857133 	0.0407499999999999 	0.04126785714285703 	0.04222500000000002 	0.04178571428571416 	0.04148214285714276 	0.04311071428571415 	0.042924999999999866 	0.04182142857142847 	0.04157000000000002 	0.042446428571428434 	0.04149285714285703 	0.04216428571428561 	0.04066785714285703 	0.04107857142857132 	0.04115357142857144 	0.04161428571428562 	0.04139285714285704 	0.04145357142857133 	0.03936428571428563 	0.04194285714285706 	0.040601428571428594 	0.040357142857142765 	0.04074999999999991 	0.040467857142857055 	0.040539285714285625 	0.040892857142857036 	
	0.0005064394518275079 	0.0 	0.0 	0.0 	0.0 	0.0 	0.0007693109161543716 	0.0007855194563640748 	0.0017691409479963583 	0.0007970369233246454 	0.0011759711574971896 	0.0011602746420127882 	0.0006763667191512847 	0.0011497559634592613 	0.001494739926870052 	0.0010083136558489123 	0.0008477837253085056 	0.0012718498499493989 	0.0007215685861301077 	0.0007606807504345044 	0.0011590152399906467 	0.0012302729081676992 	0.0016941563730442433 	0.0010127755357009101 	0.0009092565363963978 	0.0011066588803922354 	0.0012482641007840023 	0.0009866519866990194 	0.0010669908095925994 	0.0015982452111932015 	0.0008534850524138405 	0.0011862305244524827 	0.001064980597696201 	0.0017271430048445915 	0.0013957342080753723 	0.001276854393757222 	
0.013894954943731374 
	0.04868914285714286 	0.0 	0.0 	0.0 	0.0 	0.0 	0.04897071428571429 	0.04869285714285696 	0.049117857142857 	0.04936428571428555 	0.048582142857142685 	0.049096428571428395 	0.04944285714285715 	0.049760714285714124 	0.04870714285714268 	0.04998571428571411 	0.049728571428571275 	0.04903214285714269 	0.04847214285714285 	0.049367857142856984 	0.04796071428571415 	0.049910714285714114 	0.047082142857142704 	0.04803928571428554 	0.048383571428571436 	0.0489714285714284 	0.04868214285714268 	0.04933928571428556 	0.04740357142857126 	0.0475214285714284 	0.04817642857142858 	0.0481107142857141 	0.04900357142857125 	0.047617857142856976 	0.0480607142857141 	0.04808928571428554 	
	0.0006176331385843318 	0.0 	0.0 	0.0 	0.0 	0.0 	0.0010875850893289339 	0.0009102870146165808 	0.0016841131924244046 	0.0016491958460945436 	0.0020094197812161483 	0.0013891020811433203 	0.000855510350132401 	0.0010926528754011781 	0.0013954920132998338 	0.0016940923763454452 	0.0017344204466374867 	0.0012256245804669978 	0.0008680816875885188 	0.001040267086975688 	0.0012204099762801262 	0.001493373970687354 	0.0011845142378172785 	0.0009010269084749287 	0.0006607590718411693 	0.0012295054589018242 	0.0011721089052277635 	0.0013552853830052698 	0.0017745400381334537 	0.0013523599931306635 	0.0009436146848525561 	0.0010781278652727275 	0.0016741926168656125 	0.0020837717225830233 	0.00135789922531918 	0.001144223513558254 	
0.019306977288832496 
	0.05600271428571426 	0.0 	0.0 	0.0 	0.0 	0.0 	0.05630571428571427 	0.056489285714285506 	0.056153571428571226 	0.055867857142856935 	0.05658214285714265 	0.05643571428571411 	0.05646357142857144 	0.05716785714285694 	0.05482142857142837 	0.05785714285714266 	0.0566964285714284 	0.055774999999999804 	0.0558485714285714 	0.05641785714285694 	0.05601071428571408 	0.05686785714285693 	0.0549749999999998 	0.05497142857142838 	0.05569357142857143 	0.05628928571428551 	0.05562142857142836 	0.05636785714285695 	0.05423214285714266 	0.055957142857142636 	0.05570214285714285 	0.05528928571428551 	0.05621071428571409 	0.055321428571428376 	0.056074999999999826 	0.05561428571428549 	
	0.0004868509598869413 	0.0 	0.0 	0.0 	0.0 	0.0 	0.0009579037487329861 	0.0014603649599762886 	0.0013903870038259616 	0.001194059488143064 	0.0014756570656864107 	0.001594057843418267 	0.0007717753850039327 	0.0016418514002211379 	0.0009194608002874986 	0.0009486832980505051 	0.0012682594935016697 	0.0012097657472689846 	0.000852378425109326 	0.0013821059426594783 	0.0014395161105917053 	0.001214290966375197 	0.0012302573565174284 	0.0014955546374069385 	0.0005612708793443782 	0.0017419237840352647 	0.001251142335171011 	0.0011717388526354816 	0.0011739356881873889 	0.0010817125499948425 	0.00078161299730174 	0.0014187564618211035 	0.0011396663045445774 	0.0013947788940421072 	0.000861069873198814 	0.0014510552106966233 	
0.026826957952797246 
	0.06467157142857141 	0.0 	0.0 	0.0 	0.0 	0.0 	0.06457214285714286 	0.06500357142857127 	0.06465714285714272 	0.06423928571428553 	0.06396428571428556 	0.06499642857142843 	0.06493285714285714 	0.06522857142857125 	0.0647785714285713 	0.06577142857142844 	0.06472857142857127 	0.06415714285714269 	0.06504142857142858 	0.0661285714285713 	0.06555357142857128 	0.06578214285714273 	0.06346785714285694 	0.06427499999999985 	0.06454357142857142 	0.0639464285714284 	0.06482857142857129 	0.06524642857142843 	0.06371071428571412 	0.06498571428571413 	0.06426785714285715 	0.06413214285714272 	0.06434999999999985 	0.06363928571428555 	0.06392499999999984 	0.06529285714285701 	
	0.0006166434652741532 	0.0 	0.0 	0.0 	0.0 	0.0 	0.0008914471724249881 	0.0014550624153805759 	0.0012455225933769186 	0.0012527571633018611 	0.0014961685761181068 	0.00146197116725248 	0.0006389180906271505 	0.0011244272918663652 	0.0010999536168328705 	0.0010836446439150545 	0.0008610328396875862 	0.0011503326936684226 	0.0008351695416293313 	0.0011978083728039332 	0.0013638228459378844 	0.001605113798496072 	0.001068979343455564 	0.0010403896934734302 	0.0009474156577613805 	0.0011721959594483016 	0.001816927210923963 	0.0021320232079374414 	0.0016696915577313204 	0.0013941569027149775 	0.0010368232978769604 	0.0019725831246550068 	0.001452636589524231 	0.0012207234806976526 	0.0016237593380039935 	0.001190609516343724 	
0.03727593720314938 
	0.07392628571428575 	0.0 	0.0 	0.0 	0.0 	0.0 	0.07411428571428577 	0.07430357142857143 	0.07467857142857143 	0.07409999999999994 	0.07350357142857142 	0.0739857142857143 	0.07434571428571436 	0.07447857142857141 	0.07337857142857138 	0.07572500000000001 	0.07468214285714286 	0.07346428571428572 	0.0739421428571429 	0.07454999999999996 	0.07404285714285712 	0.0744392857142857 	0.07297499999999997 	0.07370357142857138 	0.07367642857142863 	0.07377500000000002 	0.07376785714285708 	0.07421428571428572 	0.07241428571428567 	0.07421071428571427 	0.0735528571428572 	0.07224999999999994 	0.07446785714285716 	0.07346071428571427 	0.07378214285714285 	0.07380357142857143 	
	0.00041195412861342006 	0.0 	0.0 	0.0 	0.0 	0.0 	0.0007084475698198516 	0.0013109867369618098 	0.0010949792654825984 	0.0014425034927273248 	0.0013784465154362908 	0.0013238587692108166 	0.0007892336763711506 	0.0013645661641439617 	0.001978790601579169 	0.0011752170880656983 	0.001345006827992706 	0.0011508648034927454 	0.0008215866307558606 	0.0013422300967617545 	0.0010848916056078533 	0.0012608761531052277 	0.0009834147608394099 	0.0015850103006167674 	0.0006861609408401998 	0.0009315953509754955 	0.0015375611817924953 	0.0018798746158796525 	0.0009805766733126718 	0.0008537806079612102 	0.000593443771729132 	0.0012575283499867676 	0.0011426841386911624 	0.0006395649828961592 	0.0012783968356452303 	0.0010996578781510482 	
0.05179474679231207 
	0.0842657142857143 	0.0 	0.0 	0.0 	0.0 	0.0 	0.08423142857142865 	0.08425000000000007 	0.08434642857142861 	0.08338571428571438 	0.08430357142857148 	0.0848714285714286 	0.08433785714285723 	0.0845928571428572 	0.0834107142857143 	0.08562500000000009 	0.08421785714285722 	0.08384285714285722 	0.08478571428571437 	0.08541428571428579 	0.0842535714285715 	0.08601428571428579 	0.08365714285714294 	0.08458928571428581 	0.08410928571428578 	0.08414285714285719 	0.08435714285714288 	0.08463928571428578 	0.08311785714285717 	0.08428928571428576 	0.08386428571428575 	0.0832464285714286 	0.08442500000000008 	0.08385357142857149 	0.08392142857142862 	0.08387500000000009 	
	0.0003002563530568609 	0.0 	0.0 	0.0 	0.0 	0.0 	0.0007245772870425412 	0.0008680849201382685 	0.0011143830085728805 	0.0013841117390306348 	0.0015628213955169834 	0.0007770955867976866 	0.0006989573138115216 	0.0009171272806866051 	0.0010924427318852925 	0.0011790312955636153 	0.0014324456395284546 	0.0012055568617609228 	0.000745524058933692 	0.0011808635719295613 	0.0016808077807763835 	0.0011538754575033917 	0.0010468855657401654 	0.0013698884581436045 	0.0005597015421870294 	0.001297367821901804 	0.0014307126809776755 	0.0007887037285499478 	0.0009205768488800092 	0.0011359669530260626 	0.0005656673862233265 	0.0017701788506434483 	0.0009096211927421842 	0.001140449472795704 	0.0009401476219298841 	0.001431180652896259 	
0.07196856730011514 
	0.095307 	0.0 	0.0 	0.0 	0.0 	0.0 	0.09535000000000003 	0.09592857142857145 	0.0954214285714286 	0.09484285714285717 	0.0952500000000001 	0.09530714285714292 	0.09594499999999999 	0.09651428571428577 	0.09567142857142862 	0.09678214285714293 	0.09565000000000001 	0.09510714285714292 	0.09535000000000006 	0.09620714285714295 	0.09577857142857149 	0.09608928571428578 	0.09404642857142861 	0.0946285714285715 	0.09479285714285715 	0.09483571428571436 	0.09440714285714295 	0.0953642857142858 	0.09455000000000006 	0.09480714285714291 	0.09509714285714285 	0.09432857142857146 	0.09532500000000005 	0.09523571428571435 	0.09502857142857146 	0.09556785714285718 	
	0.0003179952829838758 	0.0 	0.0 	0.0 	0.0 	0.0 	0.0005855748963059137 	0.0007676494735787467 	0.001054243127285437 	0.001127712150274828 	0.0012567166485305226 	0.0006759724665326604 	0.000608662384215695 	0.0006940343460300136 	0.0010651961589974504 	0.0012915986376643143 	0.0013526051960297116 	0.0012058530725810265 	0.0005555287975415239 	0.0013997813240296197 	0.0014028760545714146 	0.0014273432220280316 	0.0012771590363308606 	0.001277972724949291 	0.0006554403411572414 	0.0013907676635144636 	0.0010548962614631626 	0.0015723860719249767 	0.000951931441537578 	0.0007455993343256836 	0.00036091154436666617 	0.0010750889854010267 	0.001244933610228879 	0.0014602907174914737 	0.0012678118704190359 	0.0010168792294795316 	
0.1 
	0.10681771428571425 	0.0 	0.0 	0.0 	0.0 	0.0 	0.10678499999999998 	0.10732500000000006 	0.10642857142857147 	0.10666071428571436 	0.10668571428571436 	0.10682500000000007 	0.10701142857142852 	0.10741071428571433 	0.1061392857142858 	0.10812142857142862 	0.10676785714285714 	0.10661785714285722 	0.10669500000000001 	0.10774642857142863 	0.10658571428571433 	0.10758571428571435 	0.10524285714285721 	0.10631428571428578 	0.10696142857142854 	0.10712500000000005 	0.1071035714285715 	0.10780000000000002 	0.10573571428571432 	0.10704285714285722 	0.10663571428571428 	0.1062035714285715 	0.10760000000000006 	0.10663214285714295 	0.10624642857142866 	0.10649642857142862 	
	0.00024033412116451763 	0.0 	0.0 	0.0 	0.0 	0.0 	0.0005686849312408728 	0.001173740097434905 	0.001536295571051589 	0.0012442982203734276 	0.0006091982017205726 	0.0009919896004227976 	0.0004181494703952887 	0.0005914462557742048 	0.0009438914781101454 	0.0010882254793366888 	0.0011933328820353988 	0.0013448740552519753 	0.0005059850969814663 	0.0010486203277815904 	0.0010361082994374804 	0.0009133644912506322 	0.0009102309641861569 	0.0009284065787736328 	0.0007580129771115092 	0.0007698479176607234 	0.0009265706466672363 	0.0008755756124180329 	0.0008880154438811389 	0.00155959832610049 	0.00042637532570184586 	0.0008319282371915856 	0.0008583027865907316 	0.0013868965869369176 	0.0009365658611357619 	0.0009992918410922313 	
0.1389495494373136 
	0.11914214285714271 	0.0 	0.0 	0.0 	0.0 	0.0 	0.11913142857142858 	0.11878571428571426 	0.1196107142857143 	0.11874642857142859 	0.11949642857142861 	0.11901785714285715 	0.11937142857142859 	0.11941785714285717 	0.11928214285714292 	0.11994285714285721 	0.11913928571428577 	0.11907499999999999 	0.11943142857142863 	0.12020714285714287 	0.11942857142857147 	0.12021071428571428 	0.11858214285714289 	0.11872857142857145 	0.11865142857142856 	0.11907500000000003 	0.11891785714285717 	0.11906071428571433 	0.11733571428571436 	0.11886785714285714 	0.11912500000000001 	0.11863214285714287 	0.1195892857142857 	0.11936428571428576 	0.11857142857142858 	0.11946785714285722 	
	0.00021519260475873938 	0.0 	0.0 	0.0 	0.0 	0.0 	0.0005713499945974868 	0.0010587343233063144 	0.0010350305624985594 	0.0012672735075180477 	0.0008107142857142956 	0.0007085933896366013 	0.0004093548931812278 	0.001154190457526343 	0.001443091388340346 	0.0010959340438965242 	0.0007483740879468147 	0.000840075616130135 	0.00037399115999588704 	0.0007525127973690065 	0.0010474702275249598 	0.0003877755767956332 	0.001148096250320454 	0.0008576189154173712 	0.0005169158933678692 	0.0009196619276801975 	0.0010017904889114363 	0.001161241638444448 	0.0011791340648361964 	0.0011210019661727789 	0.0006314806862785693 	0.000843500057462223 	0.0009408867398060248 	0.0010814766926451542 	0.0010829146234272737 	0.0009426744952960417 	
0.19306977288832497 
	0.13132885714285714 	0.0 	0.0 	0.0 	0.0 	0.0 	0.13130571428571441 	0.13147499999999998 	0.1316178571428571 	0.13100714285714288 	0.1310464285714285 	0.13138214285714284 	0.1315807142857143 	0.13146428571428567 	0.1315071428571429 	0.13214642857142855 	0.1315785714285714 	0.13120714285714286 	0.13155214285714298 	0.13191785714285711 	0.13133571428571433 	0.13218928571428568 	0.13089642857142858 	0.1314214285714286 	0.1312535714285715 	0.13182499999999997 	0.1313392857142857 	0.1313357142857143 	0.13076428571428564 	0.13100357142857147 	0.13095214285714293 	0.1303642857142857 	0.13103571428571423 	0.13083928571428569 	0.13106071428571428 	0.1314607142857143 	
	0.00023593911355715484 	0.0 	0.0 	0.0 	0.0 	0.0 	0.0005576261639983751 	0.0007579594652885178 	0.0007636596233978714 	0.0008575594225855232 	0.001008010011693094 	0.001070481724481508 	0.0004580131225283249 	0.0007112435215442713 	0.0009416388232594605 	0.0006427480066091264 	0.000861862008937042 	0.0012541563551907544 	0.00038003826337970826 	0.0011195218093599578 	0.0012692597874995096 	0.000866768864984245 	0.000966723110010623 	0.0009971643468826242 	0.000432815297364432 	0.0011023455974995136 	0.0006319006800025892 	0.0009258476535321772 	0.0006789848364751636 	0.0010548055725669381 	0.00041076148797079934 	0.001028273766453007 	0.0004713744557684681 	0.00086355488581581 	0.0006951086392846495 	0.0013326215149249262 	
0.2682695795279722 
	0.14366500000000007 	0.0 	0.0 	0.0 	0.0 	0.0 	0.1436342857142858 	0.14403214285714283 	0.14383571428571426 	0.1431821428571428 	0.14366785714285712 	0.14345357142857146 	0.14385000000000006 	0.1436607142857143 	0.1440821428571429 	0.1438571428571429 	0.14383571428571423 	0.14381428571428567 	0.14370714285714295 	0.1437142857142857 	0.14360714285714282 	0.14429642857142855 	0.14321785714285712 	0.14369999999999994 	0.14361785714285713 	0.14388571428571428 	0.14378928571428576 	0.14393571428571425 	0.14305714285714285 	0.14342142857142856 	0.1435157142857143 	0.1432607142857143 	0.14381428571428573 	0.14345714285714284 	0.14341428571428572 	0.14363214285714282 	
	0.0001992181144947952 	0.0 	0.0 	0.0 	0.0 	0.0 	0.00036264054277652843 	0.0006155821038095695 	0.0007189490629398575 	0.0008434093227574809 	0.0005909716143602505 	0.0007629912268465808 	0.0004186835539728301 	0.0006653313582918824 	0.0005769929968096 	0.0008265369110366564 	0.0008368429496918472 	0.0008839267676749015 	0.00038002416679331697 	0.0008468127518729227 	0.0005123475382979759 	0.0007336743563901821 	0.0006763968917004641 	0.0007258351980263384 	0.0002537524504757398 	0.0005811231208897678 	0.0008483853211018772 	0.0009158190267711241 	0.0004265428179095231 	0.0007455309024652394 	0.0001994840283105523 	0.0008119091258086576 	0.0007514951084067633 	0.0005614758249834262 	0.0007343954892929991 	0.0002580588842785767 	
0.3727593720314938 
	0.15540757142857156 	0.0 	0.0 	0.0 	0.0 	0.0 	0.155245 	0.15588928571428573 	0.15521071428571429 	0.1549285714285713 	0.15493214285714285 	0.15526428571428574 	0.15557285714285715 	0.15565357142857142 	0.15536428571428568 	0.1559928571428572 	0.1554321428571429 	0.15542142857142854 	0.15541000000000005 	0.15551428571428577 	0.15540714285714277 	0.15594642857142849 	0.1547607142857143 	0.15542142857142854 	0.15543000000000007 	0.15563214285714277 	0.15540714285714288 	0.1557107142857143 	0.1550892857142858 	0.1553107142857143 	0.15538000000000002 	0.15514999999999998 	0.15552857142857135 	0.1553642857142857 	0.1554678571428571 	0.1553892857142857 	
	0.00013594274004677533 	0.0 	0.0 	0.0 	0.0 	0.0 	0.0002696946497090104 	0.0006605598275056617 	0.00046851099348931707 	0.000530690732028745 	0.000504178964824362 	0.0006335033785325888 	0.0002695196028613403 	0.0005783178456629213 	0.0007806329195608333 	0.000576052718675893 	0.0005788469361672382 	0.000602037357305889 	0.0001971532088378776 	0.0006165655368446222 	0.0010926703855364454 	0.0007695164795148275 	0.0006890265982248591 	0.0006637094274467159 	0.0003533195350919521 	0.0006923506985595721 	0.0010902162301908403 	0.0005213429479601645 	0.0007718335577158623 	0.0005818360278164776 	0.00024394295084160627 	0.0006505100040016633 	0.0005095516236288672 	0.0007077919099249189 	0.0009047000292125705 	0.0007588676446132252 	
0.5179474679231213 
	0.16622871428571442 	0.0 	0.0 	0.0 	0.0 	0.0 	0.1663742857142857 	0.16661428571428574 	0.16654642857142868 	0.16627499999999995 	0.16623214285714286 	0.16620357142857145 	0.16644000000000003 	0.16617500000000002 	0.16620357142857145 	0.16687857142857138 	0.16661071428571428 	0.16633214285714293 	0.16619357142857138 	0.16687500000000002 	0.16627142857142857 	0.16631071428571428 	0.16560357142857152 	0.1659071428571429 	0.16606 	0.1663285714285715 	0.16621071428571438 	0.16600714285714285 	0.16565357142857146 	0.1661 	0.16607571428571433 	0.16619642857142863 	0.1661285714285715 	0.16596428571428576 	0.16595714285714283 	0.16613214285714295 	
	0.00012192244105433256 	0.0 	0.0 	0.0 	0.0 	0.0 	0.00022367980029775242 	0.0006473651463070832 	0.0005187922591589844 	0.0005357261903438653 	0.0005357738062172393 	0.0005481997438740567 	0.0001205937690880217 	0.0006063966002004819 	0.0006637574704602167 	0.0005466036134201805 	0.0006590132543338728 	0.00024066765126900494 	0.00018728593222171953 	0.0003880386315714243 	0.0005018333734357074 	0.00073541082507168 	0.0006525948988774689 	0.0004741264792936165 	0.0002378088754114746 	0.0005718302159892949 	0.0005672728350518153 	0.0005330409487659885 	0.0005256313016802705 	0.0005753880678041943 	0.00026233255106244074 	0.0006431051109060431 	0.0005530988766458865 	0.0005338061254723971 	0.0004052587986429132 	0.000655247655315004 	
0.7196856730011514 
	0.1757487142857144 	0.0 	0.0 	0.0 	0.0 	0.0 	0.17587571428571427 	0.1759785714285715 	0.17574285714285726 	0.17572142857142864 	0.17594285714285712 	0.1759928571428572 	0.175825 	0.17599642857142855 	0.17545357142857151 	0.17627857142857145 	0.17598214285714292 	0.1754142857142858 	0.17568500000000004 	0.1760071428571429 	0.17572142857142856 	0.17549285714285723 	0.17544642857142864 	0.17575714285714286 	0.17572928571428575 	0.17565000000000003 	0.17601071428571435 	0.17579642857142863 	0.17541071428571436 	0.1757785714285715 	0.1756285714285714 	0.17565000000000006 	0.17547857142857148 	0.1755392857142858 	0.17567500000000008 	0.17580000000000007 	
	5.88233259300436e-05 	0.0 	0.0 	0.0 	0.0 	0.0 	0.0002594971589636472 	0.0004752013536709124 	0.00048545160964417317 	0.00037890820599642924 	0.00047007381096496803 	0.0006507060529509236 	0.0001285813488235761 	0.0005127083946642207 	0.0005118618475921042 	0.00039795395077666507 	0.00047735720164166103 	0.0004429723352489412 	0.00015979738446426345 	0.000643412458564989 	0.00027930306851448673 	0.0004968780082696539 	0.0002649845971649994 	0.0006340266523722513 	0.00012119515380620289 	0.0003334268576281688 	0.00038334257604941276 	0.00026002845213236864 	0.0002386451981755428 	0.0004945622678032125 	0.00023057160559381056 	0.00028784916685160606 	0.00029329235953784097 	0.00038579694881408095 	0.0005786265405850795 	0.0004722395621733583 	
1.0 
	0.18380400000000008 	0.0 	0.0 	0.0 	0.0 	0.0 	0.1837828571428571 	0.18379285714285726 	0.18378928571428585 	0.18367857142857147 	0.18367857142857152 	0.18397500000000008 	0.1838457142857143 	0.1838392857142858 	0.18382500000000015 	0.18398928571428577 	0.18386428571428579 	0.1837107142857144 	0.18379857142857137 	0.1837500000000001 	0.18381071428571444 	0.18407857142857145 	0.1836500000000001 	0.18370357142857155 	0.18381928571428582 	0.18384642857142874 	0.18377500000000005 	0.18393928571428586 	0.18365357142857158 	0.18388214285714302 	0.18377357142857145 	0.18358214285714297 	0.18400714285714298 	0.18374642857142867 	0.18370714285714293 	0.18382500000000018 	
	6.339316901335907e-05 	0.0 	0.0 	0.0 	0.0 	0.0 	0.00013806978418942335 	0.0003523970395298798 	0.0004424681471298324 	0.0004261838254336771 	0.0002927700218845541 	0.000309727497082493 	0.0001709875278898657 	0.0004665466925469852 	0.00040007971144535496 	0.00037220043426269085 	0.0004702365883037621 	0.0004787446381647322 	0.0001804981768237647 	0.00045540966083709483 	0.0006196299916325378 	0.00037005239562822246 	0.0003599177910669822 	0.00027107589870207176 	0.00018258489778174547 	0.0004273942165337571 	0.0002639234969548956 	0.00035680341011458427 	0.0004362555186482075 	0.0003059986994770119 	0.00014742864064227457 	0.0004258994084551826 	0.0003291919606229245 	0.0005137025463460294 	0.00021177095829104744 	0.0002660414652352068 	
1.389495494373136 
	0.19015471428571434 	0.0 	0.0 	0.0 	0.0 	0.0 	0.190135 	0.19018214285714308 	0.19017142857142863 	0.19013571428571438 	0.19014642857142863 	0.19003928571428585 	0.19014642857142852 	0.19020714285714305 	0.19025714285714293 	0.1902428571428573 	0.1900214285714287 	0.19000357142857158 	0.19014428571428568 	0.19026071428571442 	0.19016071428571443 	0.19019285714285722 	0.1900107142857144 	0.19009642857142878 	0.19023214285714285 	0.19021071428571434 	0.19024285714285727 	0.19032857142857146 	0.1901035714285716 	0.19027500000000017 	0.19011571428571425 	0.19013928571428587 	0.19006071428571453 	0.19008928571428582 	0.1901142857142859 	0.1901750000000002 	
	4.328854304756358e-05 	0.0 	0.0 	0.0 	0.0 	0.0 	0.00010017586576431263 	0.00019590840217001266 	0.0001603567451474826 	0.0002539484119233123 	0.0002890210429454947 	0.00030027623336947146 	0.0001129046012329535 	0.00036763169235599224 	0.0003307381972225757 	0.00026428571428564117 	0.00028580355748205016 	0.0003286684639324044 	0.0001544839995678541 	0.0003395863329861178 	0.00023433035289042214 	0.000266400802842476 	0.00023746643156964987 	0.000363181098357387 	0.000100521598856774 	0.00022556618106621423 	0.0003201562118716328 	0.00031085793067129117 	0.0002204182017743963 	0.0003735686970673701 	7.17706096404576e-05 	0.00021395808286792383 	0.00025855268282483346 	0.00021621158382381984 	0.0002357142857142875 	0.00023875207019078548 	
1.9306977288832496 
	0.19471814285714278 	0.0 	0.0 	0.0 	0.0 	0.0 	0.19468785714285713 	0.19465000000000018 	0.19481785714285732 	0.1946428571428573 	0.1945214285714287 	0.19480714285714298 	0.19471 	0.19478214285714301 	0.19462142857142872 	0.19474642857142874 	0.19471785714285736 	0.19468214285714303 	0.1947357142857142 	0.19477500000000028 	0.19468214285714305 	0.1947821428571431 	0.19466785714285711 	0.19477142857142868 	0.19470857142857134 	0.1947000000000002 	0.1947464285714287 	0.19475714285714296 	0.19477142857142876 	0.19456785714285726 	0.19474857142857138 	0.19478928571428586 	0.194757142857143 	0.1948035714285715 	0.19470000000000018 	0.19469285714285725 	
	3.7476795541785495e-05 	0.0 	0.0 	0.0 	0.0 	0.0 	8.736797620012568e-05 	0.00019548474547721785 	0.00020168297004999447 	0.00020203050891044554 	0.00027067564745005576 	0.00021140926552788648 	9.114912651972599e-05 	0.00023928571428571532 	0.00017942652410111917 	0.00023280126411049978 	0.00026842796320175263 	0.00022099612149152465 	0.00012159652250659145 	0.00027574111638515084 	0.00021455340422674358 	0.00028367576346150647 	0.00018284179623107353 	0.0001421410624437357 	9.30108617752706e-05 	0.00024856732344717084 	0.00015604323053542815 	0.0002357142857143066 	0.00016993396076240744 	0.00025627333144153953 	9.118270512703603e-05 	0.00012106036611901463 	0.0002579352869323666 	0.0002831356853639792 	0.00014742691028967042 	0.00015827514147259133 	
2.682695795279722 
	0.19758628571428571 	0.0 	0.0 	0.0 	0.0 	0.0 	0.1975807142857142 	0.19748928571428576 	0.19762500000000013 	0.19763928571428588 	0.19764642857142867 	0.19750357142857156 	0.1976071428571428 	0.19765000000000013 	0.19753928571428592 	0.19762500000000008 	0.1976428571428573 	0.19757857142857163 	0.19758357142857125 	0.1975678571428572 	0.19759642857142873 	0.19760000000000022 	0.19765000000000013 	0.19750357142857158 	0.19758642857142847 	0.19759642857142887 	0.19757857142857163 	0.1975607142857144 	0.19762500000000016 	0.1975714285714288 	0.19757357142857143 	0.19754285714285735 	0.19753571428571448 	0.19759285714285724 	0.19758928571428608 	0.19760714285714306 	
	2.8658438939500577e-05 	0.0 	0.0 	0.0 	0.0 	0.0 	5.3073879966513344e-05 	0.00019236047156424052 	0.00011871978670432487 	0.00015357142857137123 	0.00013310460823988832 	0.00014764304720432927 	7.870119154779339e-05 	0.00016963345838634687 	0.00011785714285719064 	0.00013669756577867112 	0.0001756910553749903 	0.00017481768929311425 	9.470954523802276e-05 	0.0001708696244843864 	0.0001735361516179345 	0.00023786894007638335 	0.00018056035228242447 	0.0001552236700863255 	6.899053469540498e-05 	8.306930963999135e-05 	0.00019678539019930014 	0.0001589586648874856 	0.00018574862319924583 	0.00014015297764528634 	5.524066085998344e-05 	0.0001462106392175305 	0.00017349939716405878 	0.00011316413941251757 	0.00012294224627189588 	9.313146293150648e-05 	
3.727593720314938 
	0.1992280000000001 	0.0 	0.0 	0.0 	0.0 	0.0 	0.19920357142857134 	0.19921071428571438 	0.19918214285714292 	0.19922499999999996 	0.1991821428571429 	0.1992178571428573 	0.19922500000000004 	0.19920357142857162 	0.19925000000000043 	0.1991714285714287 	0.199257142857143 	0.1992428571428573 	0.19924714285714276 	0.19922499999999996 	0.1992642857142857 	0.1992357142857144 	0.19928928571428597 	0.19922142857142877 	0.1992478571428571 	0.19925000000000023 	0.19923928571428587 	0.19928571428571423 	0.19926785714285725 	0.1991964285714287 	0.1992164285714286 	0.19926071428571435 	0.19922500000000007 	0.19915714285714314 	0.19921428571428593 	0.19922500000000012 	
	2.9905975104304507e-05 	0.0 	0.0 	0.0 	0.0 	0.0 	6.358747790980509e-05 	0.00012722509378964116 	0.0001387351757109648 	7.66818234057949e-05 	0.0001231495689253695 	0.0001111741601160908 	7.479563994726546e-05 	0.00010600587199774083 	0.00010350983390135707 	0.000144455345829731 	0.00012037356818838017 	8.864052604292522e-05 	5.0122299408172516e-05 	0.00010720236442724535 	0.00011316413941237829 	0.0001259656577752001 	0.00018861065609313395 	0.00010449099170227825 	3.572142785728836e-05 	0.00011952286093356635 	9.852224445796937e-05 	0.0001446318337950865 	0.00017072026289579454 	6.438484420471141e-05 	6.896094724478598e-05 	0.00011299494299687538 	0.0001129949429969268 	0.00011316413941246413 	0.00012058530725820745 	0.00015975906604534293 	
5.179474679231202 
	0.19998528571428562 	0.0 	0.0 	0.0 	0.0 	0.0 	0.1999878571428572 	0.1999928571428576 	0.19999642857142877 	0.19997857142857142 	0.199982142857143 	0.19998928571428606 	0.19998071428571454 	0.19997857142857178 	0.19998571428571468 	0.1999750000000002 	0.19998571428571443 	0.1999785714285715 	0.199982142857143 	0.19998214285714314 	0.19998571428571452 	0.19998214285714336 	0.19997500000000018 	0.19998571428571438 	0.199987142857143 	0.19998571428571424 	0.19998571428571463 	0.19998928571428595 	0.1999857142857143 	0.1999892857142859 	0.19998857142857135 	0.19998571428571427 	0.1999821428571433 	0.1999964285714288 	0.1999964285714289 	0.19998214285714325 	
	3.99233960337043e-06 	0.0 	0.0 	0.0 	0.0 	0.0 	9.063269671773596e-06 	2.142857142843161e-05 	1.071428571433238e-05 	2.3690177073998725e-05 	2.3957871187393148e-05 	2.2868300847971574e-05 	8.481672919259171e-06 	2.3690177074088267e-05 	1.7496355305671844e-05 	3.214285714299621e-05 	1.7496355305922264e-05 	2.3690177073699967e-05 	1.0714285714277793e-05 	2.3957871187461416e-05 	2.3690177073766913e-05 	1.785714285701956e-05 	2.2868300847848033e-05 	2.3690177074067345e-05 	1.385051387835988e-05 	2.3690177074026342e-05 	2.3690177074307527e-05 	1.6366341767657044e-05 	4.2857142857085265e-05 	1.636634176734452e-05 	6.5465367072365265e-06 	1.749635530594039e-05 	2.3957871187684846e-05 	1.0714285714337005e-05 	1.0714285714297224e-05 	1.7857142856927966e-05 	
7.196856730011514 
	0.19999999999999948 	0.0 	0.0 	0.0 	0.0 	0.0 	0.19999999999999996 	0.1999999999999999 	0.20000000000000048 	0.20000000000000037 	0.19999999999999987 	0.20000000000000015 	0.20000000000000015 	0.20000000000000015 	0.20000000000000004 	0.2000000000000001 	0.20000000000000004 	0.2000000000000002 	0.19999999999999984 	0.20000000000000018 	0.2 	0.19999999999999987 	0.2000000000000004 	0.2000000000000002 	0.19999999999999998 	0.20000000000000015 	0.20000000000000018 	0.2 	0.19999999999999982 	0.20000000000000015 	0.19999999999999976 	0.19999999999999957 	0.19999999999999976 	0.20000000000000004 	0.19999999999999996 	0.2000000000000002 	
	2.6287328963706834e-16 	0.0 	0.0 	0.0 	0.0 	0.0 	4.758280406430074e-16 	4.3097179007065537e-16 	5.608412239817285e-16 	5.210365485844777e-16 	5.105819006508713e-16 	6.649763268202179e-16 	5.419094001031591e-16 	4.999857065771612e-16 	4.6897889040875e-16 	6.383178980998133e-16 	5.39986845747401e-16 	5.44249965959353e-16 	3.961373144108896e-16 	6.479009883297309e-16 	3.8026151557131527e-16 	5.772225570600926e-16 	5.533044586480349e-16 	8.467042946027289e-16 	5.099024833164443e-16 	5.361928963517948e-16 	6.453395162039095e-16 	5.979378185698296e-16 	3.553364140557891e-16 	4.914383125338922e-16 	5.24793275535591e-16 	4.3328933863974516e-16 	6.142077478399078e-16 	5.40485942430195e-16 	5.781560352948403e-16 	5.035170482507377e-16 	
10.0 
	0.2 	0.0 	0.0 	0.0 	0.0 	0.0 	0.19999999999999984 	0.20000000000000004 	0.2000000000000004 	0.19999999999999987 	0.2000000000000003 	0.19999999999999976 	0.19999999999999957 	0.20000000000000018 	0.1999999999999999 	0.19999999999999993 	0.19999999999999987 	0.20000000000000012 	0.19999999999999946 	0.20000000000000054 	0.19999999999999993 	0.2000000000000002 	0.19999999999999993 	0.2000000000000001 	0.1999999999999997 	0.19999999999999984 	0.1999999999999997 	0.19999999999999987 	0.2000000000000002 	0.20000000000000018 	0.20000000000000004 	0.1999999999999999 	0.2000000000000001 	0.19999999999999996 	0.20000000000000004 	0.1999999999999999 	
	5.385583066156512e-16 	0.0 	0.0 	0.0 	0.0 	0.0 	6.348083030046041e-16 	8.874842590472261e-16 	6.704565974169998e-16 	6.494448843595618e-16 	6.0389907622811195e-16 	7.454322957550238e-16 	1.8680966407629107e-16 	8.06537102690405e-16 	7.475478798467697e-16 	5.435417679157711e-16 	6.082208675455819e-16 	7.939259110263718e-16 	6.745233057960567e-16 	6.225545293454119e-16 	4.999086612409187e-16 	7.619398417434859e-16 	6.911082593979286e-16 	6.460553672461841e-16 	6.144585472573994e-16 	7.795315362787196e-16 	5.575348357045502e-16 	5.603602574530914e-16 	7.916423459515076e-16 	8.237376026420738e-16 	6.360206958260832e-16 	6.736661874366327e-16 	6.675778524870387e-16 	6.861299553335476e-16 	6.7822496851520255e-16 	7.365955361884649e-16 	
13.89495494373136 
	0.20000000000000082 	0.0 	0.0 	0.0 	0.0 	0.0 	0.1999999999999999 	0.20000000000000026 	0.20000000000000026 	0.2000000000000003 	0.19999999999999987 	0.20000000000000012 	0.1999999999999999 	0.20000000000000012 	0.2000000000000001 	0.20000000000000037 	0.20000000000000018 	0.20000000000000026 	0.19999999999999948 	0.20000000000000015 	0.20000000000000023 	0.20000000000000018 	0.1999999999999998 	0.19999999999999996 	0.2 	0.19999999999999973 	0.2000000000000002 	0.20000000000000026 	0.19999999999999987 	0.1999999999999998 	0.20000000000000015 	0.2000000000000001 	0.2000000000000004 	0.2000000000000001 	0.20000000000000004 	0.20000000000000004 	
	4.029819014679589e-16 	0.0 	0.0 	0.0 	0.0 	0.0 	6.011501432793815e-16 	8.116311219872055e-16 	8.032829940733835e-16 	8.846150886139246e-16 	6.761773205288164e-16 	7.883756158409827e-16 	7.345532882095949e-16 	8.618095054903337e-16 	8.867895550197894e-16 	6.413279963663976e-16 	8.054857414412573e-16 	7.162336909047103e-16 	6.613752406684341e-16 	6.930562229214716e-16 	6.265632927836534e-16 	7.04302858489426e-16 	7.130536482749599e-16 	6.906622391776104e-16 	6.341404989338362e-16 	7.438804955242075e-16 	7.162874682589104e-16 	8.968100940422724e-16 	6.701692793847712e-16 	8.064893432764362e-16 	7.915450268355272e-16 	7.279690127317178e-16 	7.841134327673395e-16 	7.307152781911141e-16 	7.978460786510575e-16 	7.751213488551597e-16 	
19.306977288832496 
	0.20000000000000012 	0.0 	0.0 	0.0 	0.0 	0.0 	0.1999999999999997 	0.2000000000000001 	0.1999999999999998 	0.20000000000000018 	0.1999999999999998 	0.19999999999999976 	0.19999999999999982 	0.20000000000000026 	0.19999999999999993 	0.20000000000000018 	0.19999999999999982 	0.2000000000000002 	0.2 	0.2 	0.20000000000000034 	0.19999999999999968 	0.20000000000000046 	0.20000000000000018 	0.20000000000000004 	0.2 	0.2 	0.19999999999999987 	0.19999999999999998 	0.20000000000000004 	0.20000000000000018 	0.19999999999999943 	0.20000000000000026 	0.1999999999999998 	0.19999999999999948 	0.19999999999999996 	
	7.112146234392707e-16 	0.0 	0.0 	0.0 	0.0 	0.0 	6.734946328680591e-16 	8.36037376806214e-16 	8.064893432764362e-16 	8.157023214303747e-16 	8.060115934902564e-16 	7.442946252684783e-16 	8.398985772283203e-16 	8.88438590116202e-16 	7.91350352699077e-16 	8.278423227950805e-16 	7.040293534274682e-16 	8.676447986717161e-16 	7.363340260669031e-16 	6.362023554753796e-16 	7.165025373129264e-16 	6.0249421235237295e-16 	5.910047840026924e-16 	7.304516628723901e-16 	8.079685723773528e-16 	8.799436770847577e-16 	7.399347029234427e-16 	6.686732355111431e-16 	7.435697468527668e-16 	7.946048533503376e-16 	6.067625302942363e-16 	7.716349535931858e-16 	8.057248076446755e-16 	6.483170143248366e-16 	5.686845841602396e-16 	7.898400012571618e-16 	
26.82695795279722 
	0.20000000000000034 	0.0 	0.0 	0.0 	0.0 	0.0 	0.19999999999999998 	0.2 	0.20000000000000007 	0.2000000000000005 	0.20000000000000004 	0.1999999999999997 	0.19999999999999987 	0.2000000000000001 	0.20000000000000012 	0.2 	0.20000000000000065 	0.19999999999999993 	0.19999999999999976 	0.20000000000000034 	0.20000000000000004 	0.2 	0.19999999999999993 	0.19999999999999993 	0.19999999999999996 	0.19999999999999948 	0.20000000000000032 	0.20000000000000023 	0.19999999999999973 	0.20000000000000046 	0.20000000000000026 	0.19999999999999993 	0.19999999999999982 	0.19999999999999962 	0.20000000000000018 	0.20000000000000037 	
	5.878680712718165e-16 	0.0 	0.0 	0.0 	0.0 	0.0 	7.581896661131053e-16 	8.268646384127627e-16 	7.43466135099062e-16 	7.286036850516869e-16 	7.865657857642651e-16 	7.758167478341125e-16 	7.39726446599891e-16 	8.003044809979632e-16 	7.145106784773538e-16 	7.399347029234427e-16 	5.469327554299756e-16 	8.676447986717161e-16 	7.899862905008162e-16 	7.630512045643786e-16 	7.865657857642651e-16 	8.062505037701247e-16 	7.200419022730857e-16 	7.889128727737805e-16 	7.577831300698758e-16 	4.388541835720876e-16 	6.142704572941362e-16 	7.627482662061554e-16 	6.76234283362878e-16 	8.001600781794181e-16 	6.921107539751085e-16 	8.83046157278035e-16 	7.13161678523027e-16 	4.982879573403341e-16 	8.257925131100623e-16 	7.590020849543893e-16 	
37.27593720314938 
	0.20000000000000043 	0.0 	0.0 	0.0 	0.0 	0.0 	0.20000000000000026 	0.20000000000000026 	0.19999999999999984 	0.20000000000000023 	0.19999999999999996 	0.2000000000000004 	0.2000000000000001 	0.2000000000000001 	0.1999999999999998 	0.20000000000000046 	0.1999999999999998 	0.20000000000000046 	0.2000000000000002 	0.19999999999999996 	0.2000000000000003 	0.19999999999999996 	0.19999999999999987 	0.20000000000000012 	0.19999999999999987 	0.20000000000000012 	0.19999999999999982 	0.20000000000000007 	0.20000000000000012 	0.20000000000000015 	0.1999999999999997 	0.20000000000000007 	0.20000000000000026 	0.19999999999999996 	0.20000000000000007 	0.20000000000000037 	
	5.416250078505088e-16 	0.0 	0.0 	0.0 	0.0 	0.0 	6.19639728965985e-16 	8.008337352290733e-16 	4.649369601978566e-16 	7.516587047892411e-16 	6.981506644883479e-16 	8.024194034341024e-16 	7.669785148318285e-16 	6.120718036163773e-16 	7.08447135294733e-16 	7.30978798441374e-16 	5.150136618974395e-16 	7.139713843568337e-16 	7.290793267202665e-16 	6.902159307373503e-16 	7.03043854199395e-16 	6.865789198542437e-16 	6.761773205288164e-16 	6.156484492430789e-16 	6.638748439830922e-16 	7.848008640508993e-16 	7.872510756447479e-16 	8.488397438822905e-16 	8.64531603134205e-16 	7.880824122298351e-16 	5.631715042877169e-16 	6.852873540635224e-16 	6.19639728965985e-16 	9.23180653496508e-16 	5.804168035749958e-16 	8.645761562844387e-16 	
51.79474679231202 
	0.2000000000000003 	0.0 	0.0 	0.0 	0.0 	0.0 	0.19999999999999996 	0.19999999999999973 	0.2000000000000001 	0.20000000000000012 	0.20000000000000004 	0.20000000000000007 	0.19999999999999973 	0.2000000000000001 	0.20000000000000068 	0.20000000000000032 	0.19999999999999982 	0.19999999999999962 	0.20000000000000004 	0.20000000000000073 	0.20000000000000004 	0.19999999999999998 	0.19999999999999976 	0.19999999999999998 	0.20000000000000015 	0.1999999999999998 	0.19999999999999996 	0.19999999999999996 	0.20000000000000034 	0.19999999999999993 	0.19999999999999962 	0.1999999999999999 	0.19999999999999965 	0.2000000000000004 	0.20000000000000037 	0.20000000000000004 	
	5.719265177929138e-16 	0.0 	0.0 	0.0 	0.0 	0.0 	7.507357317495157e-16 	7.484747839595928e-16 	7.409751065629082e-16 	6.887075044630256e-16 	7.865657857642651e-16 	8.351154120608156e-16 	7.467229991763964e-16 	7.246278631392365e-16 	5.829992423541041e-16 	6.882599284583438e-16 	7.13161678523027e-16 	7.254247707408181e-16 	8.016509863045968e-16 	4.131760281895412e-16 	7.784437023330589e-16 	6.279756487418364e-16 	5.592593521511171e-16 	6.707437923744493e-16 	8.046723850754347e-16 	7.08447135294733e-16 	6.748087699866668e-16 	7.790866968913545e-16 	8.211148244497133e-16 	8.73176469211132e-16 	4.994461396357317e-16 	8.223804224755242e-16 	7.113770815729096e-16 	6.941113994798752e-16 	7.399347029234427e-16 	7.946048533503376e-16 	
71.96856730011514 
	0.20000000000000054 	0.0 	0.0 	0.0 	0.0 	0.0 	0.20000000000000015 	0.19999999999999993 	0.20000000000000065 	0.2000000000000003 	0.19999999999999987 	0.20000000000000026 	0.20000000000000023 	0.19999999999999998 	0.20000000000000034 	0.19999999999999998 	0.2 	0.20000000000000037 	0.2 	0.2000000000000001 	0.19999999999999946 	0.20000000000000032 	0.20000000000000012 	0.20000000000000034 	0.20000000000000018 	0.2000000000000001 	0.19999999999999982 	0.19999999999999954 	0.2000000000000002 	0.20000000000000073 	0.20000000000000032 	0.20000000000000007 	0.20000000000000007 	0.20000000000000004 	0.20000000000000007 	0.2000000000000001 	
	4.953417758628216e-16 	0.0 	0.0 	0.0 	0.0 	0.0 	8.462492484610842e-16 	7.864678384647427e-16 	5.73339099406288e-16 	6.39644086493125e-16 	7.703359880367755e-16 	7.395181316291032e-16 	7.576814619765666e-16 	7.39726446599891e-16 	7.287622667675818e-16 	7.39726446599891e-16 	8.364519294000074e-16 	7.655207139445334e-16 	8.029952337223718e-16 	9.163544378420584e-16 	2.7378311386123e-16 	8.208333154449999e-16 	8.672451567360312e-16 	8.190011483698826e-16 	7.107270262301021e-16 	7.246278631392365e-16 	5.995461323538279e-16 	5.535132659233395e-16 	6.031331925005132e-16 	5.269906052109841e-16 	7.509409349053909e-16 	8.410901183418573e-16 	8.38108089280203e-16 	7.645640958875939e-16 	7.78344732947072e-16 	8.387512683065043e-16 	
100.0 
	0.20000000000000065 	0.0 	0.0 	0.0 	0.0 	0.0 	0.1999999999999999 	0.20000000000000015 	0.2000000000000002 	0.19999999999999996 	0.20000000000000018 	0.20000000000000018 	0.19999999999999996 	0.19999999999999996 	0.2000000000000003 	0.20000000000000015 	0.20000000000000018 	0.1999999999999998 	0.19999999999999996 	0.20000000000000034 	0.20000000000000023 	0.19999999999999993 	0.20000000000000026 	0.19999999999999993 	0.20000000000000015 	0.20000000000000034 	0.20000000000000012 	0.20000000000000043 	0.19999999999999982 	0.20000000000000004 	0.20000000000000023 	0.2000000000000002 	0.20000000000000012 	0.19999999999999998 	0.20000000000000012 	0.20000000000000018 	
	5.174014517469252e-16 	0.0 	0.0 	0.0 	0.0 	0.0 	8.608256533133948e-16 	7.270689452420647e-16 	7.741268381186201e-16 	6.82640468580596e-16 	8.284469777733729e-16 	7.334512608662165e-16 	5.691585162728685e-16 	8.777522514654518e-16 	7.516587047892411e-16 	6.664806691671351e-16 	6.2687059737458705e-16 	7.125132513437735e-16 	7.577831300698758e-16 	6.256404733529169e-16 	7.516587047892411e-16 	7.852424663726596e-16 	8.008337352290733e-16 	7.227116997239067e-16 	7.931006996825001e-16 	8.640413668582471e-16 	7.751710408992441e-16 	7.8852217676231225e-16 	8.070622697114289e-16 	6.722352282877037e-16 	9.530312491062506e-16 	7.192390305471551e-16 	7.848008640508993e-16 	8.366821476438185e-16 	8.64531603134205e-16 	8.284469777733729e-16 	
