rs_generated = 50
1e-05
	0.017023456101190458	0.0	0.0	0.0	0.0	0.016967782738095228	0.016990997023809525	0.017050818452380954	0.017006175595238093	0.016823139880952378	0.017018824404761893	0.01691465773809524	0.01719717261904762	0.017002306547619053	0.016961160714285717	0.01708281249999999	0.01703534226190476	0.01712611607142858	0.017120907738095242	0.017048883928571425	0.017024404761904744	0.01703675595238095	0.01701986607142858	0.01704419642857143	0.016996800595238098	
	0.0006063242715130812	0.0	0.0	0.0	0.0	0.000653549849648372	0.0006748489304380139	0.0006760894270062135	0.0006696244251762208	0.0007198065297758085	0.0005924166284628813	0.0006865997128225618	0.0006312649263799534	0.0005681787948361217	0.0006263841497016389	0.000633518469193399	0.0006976659021587067	0.0006889517154915078	0.0006713675912196162	0.0005929548890977144	0.0006254350323064087	0.0006826557390545056	0.0006566915601248699	0.0007140055719242949	0.000630678835897787	
1.3894954943731388e-05
	0.017047214471726174	0.0	0.0	0.0	0.0	0.0169720982142857	0.016861309523809525	0.01710803571428572	0.017060193452380953	0.01685885416666667	0.01704114583333332	0.01691778273809524	0.0171594494047619	0.017054166666666665	0.01703318452380952	0.017058686755952363	0.01707767857142857	0.017072172619047622	0.017064583333333338	0.017020312500000006	0.017116927083333316	0.017205431547619054	0.017093452380952386	0.017147098214285717	0.017021726190476195	
	0.000561288732332294	0.0	0.0	0.0	0.0	0.0005538416236777744	0.0005402922368277179	0.0005799803034788892	0.0006383864789405543	0.0006186077458285212	0.0005937593692851076	0.0006253666237975349	0.0005952255439524873	0.0006875444320573007	0.0006259253177224325	0.0005826699580412766	0.0005639585681427566	0.0006646913497402339	0.0006539520661420879	0.0005835259614608104	0.0006211231591284538	0.0006731373314310062	0.0005825980469754159	0.000693164365930772	0.0006934728020444999	
1.9306977288832496e-05
	0.017216257440476175	0.0	0.0	0.0	0.0	0.017184412202380935	0.017161532738095238	0.017284151785714286	0.0172734375	0.017018526785714284	0.017195479910714264	0.01708638392857143	0.017372470238095235	0.017178645833333336	0.017144419642857144	0.017278366815476176	0.01719203869047619	0.0172953125	0.01726227678571429	0.01736383928571429	0.01720677083333332	0.017265104166666666	0.017167931547619048	0.017289955357142853	0.017104092261904767	
	0.0005147586635075677	0.0	0.0	0.0	0.0	0.0005634594816753126	0.0005785260385466075	0.0005938745030358495	0.000629262080723268	0.0005890836453466667	0.00053122254983446	0.0005114881690540557	0.0006064185470056947	0.0006538955688058868	0.0005233348145293058	0.0005512854014444518	0.0005744940454990325	0.0005940210260190058	0.0006072234797442136	0.0005910161843878116	0.000523696736665113	0.0005897811666672147	0.0005130947255911825	0.0006031144670355442	0.0005074204508773811	
2.6826957952797274e-05
	0.017407914806547607	0.0	0.0	0.0	0.0	0.01734030877976189	0.017277976190476187	0.01752745535714285	0.01734441964285714	0.017211383928571425	0.01742877604166665	0.017305580357142858	0.01768683035714286	0.01739233630952381	0.01733035714285714	0.01743346354166665	0.017395982142857144	0.017528348214285713	0.017382514880952375	0.017427008928571432	0.01742911086309523	0.017418377976190474	0.017371726190476187	0.01757276785714286	0.017353571428571423	
	0.0004834100328187683	0.0	0.0	0.0	0.0	0.0004976526516293117	0.0005886500374309476	0.0005246679048396513	0.0005344025825071044	0.0004949495641811576	0.0005719614084775554	0.000616349669203145	0.00054976464156298	0.0006517968451770261	0.0006032638802422466	0.0004891939319547388	0.00052526914211898	0.00048440899526853	0.0004829459950363682	0.0006572744549707517	0.0005014903889886997	0.0005348103370954798	0.00047193424321381305	0.000560757232678141	0.0005579579112428938	
3.727593720314938e-05
	0.017376581101190454	0.0	0.0	0.0	0.0	0.017293582589285695	0.017214732142857136	0.01731696428571428	0.017428050595238092	0.017214583333333332	0.01742704613095236	0.017340029761904765	0.017546279761904756	0.01742425595238095	0.017397619047619044	0.01739806547619046	0.017329985119047615	0.017465401785714277	0.017353720238095234	0.01744315476190476	0.01738763020833332	0.01749270833333333	0.017387425595238096	0.01740446428571428	0.017265922619047618	
	0.0006173208687536463	0.0	0.0	0.0	0.0	0.0006775587643619321	0.0006746638154058828	0.0007600626156010778	0.0007161349952797656	0.0006964242152387101	0.0006216169523115991	0.0006830416309786254	0.0007056963407344265	0.0006388164941915052	0.0006155316857234313	0.0006373523153195414	0.0006959326214411519	0.0006400909167218744	0.000700982121375701	0.0006702350390852637	0.0006318270585761404	0.0007691768950941651	0.0005784569060503838	0.0007028668743881998	0.000628350324399454	
5.1794746792312125e-05
	0.01742595331101189	0.0	0.0	0.0	0.0	0.01741728050595236	0.017353571428571427	0.017533333333333324	0.01749285714285714	0.01728936011904762	0.01736307663690475	0.017303943452380947	0.017485937500000003	0.017396949404761906	0.017265476190476192	0.01746951264880951	0.01742894345238096	0.017557663690476184	0.017418452380952378	0.01747299107142857	0.017453943452380938	0.017528943452380947	0.017417559523809523	0.017477083333333324	0.017392187499999996	
	0.0006238979195330302	0.0	0.0	0.0	0.0	0.0006577759070152623	0.0007572446304016282	0.0006714533890476254	0.0006820790647371535	0.0006566933641941244	0.000651876826411753	0.0006890209779834372	0.000699754570734188	0.0006510478953783608	0.0006878760116356611	0.0006243959414048557	0.0006616191126107505	0.0006466791978645569	0.000656920751048093	0.0006860728340685789	0.0006718925462759201	0.0007480448765777424	0.0006921874480134356	0.0006476210137345378	0.0007332288942533429	
7.196856730011514e-05
	0.01785477585565473	0.0	0.0	0.0	0.0	0.017763597470238077	0.017744494047619044	0.017820089285714283	0.01787879464285714	0.017611011904761897	0.01783251488095236	0.017736979166666667	0.01798303571428572	0.017795163690476182	0.017814880952380954	0.01793325892857141	0.017996577380952377	0.017993601190476185	0.017822321428571423	0.017920535714285712	0.017889732142857117	0.01797834821428571	0.01784352678571428	0.017926711309523807	0.017810342261904755	
	0.0004144654500829603	0.0	0.0	0.0	0.0	0.0004023037201903156	0.0004304440168276628	0.0004374884595173702	0.00043051130830742284	0.000488401471877825	0.0004997114058826673	0.0005227730938309406	0.0005790818749718471	0.0005869448351602762	0.00047931092548954827	0.000461064956831803	0.00048699871386612094	0.000561609607238388	0.0004912731593223622	0.0005179545013161591	0.00042618393747113556	0.0004900520907328036	0.0005235725216757154	0.00044564666769228705	0.0004473281425235906	
0.0001
	0.017897423735119024	0.0	0.0	0.0	0.0	0.01783986235119046	0.01779107142857143	0.017947544642857135	0.01791249999999999	0.017708333333333333	0.017829668898809506	0.017751413690476187	0.01794285714285714	0.017802157738095237	0.017822247023809523	0.017997786458333314	0.01794017857142857	0.018129836309523806	0.017912351190476183	0.018008779761904757	0.017922377232142836	0.01798861607142857	0.01785394345238095	0.017933556547619044	0.01791339285714285	
	0.00043577594385337464	0.0	0.0	0.0	0.0	0.00047238258796619627	0.0005166066593416961	0.0005162828692067458	0.0005209021213078224	0.0005326541234698459	0.0004648580787994538	0.00043873220068948554	0.0006113677516375417	0.0005120655990841171	0.0005171650635500237	0.0005221810558438763	0.0005278094874261069	0.0005696333766766607	0.0005765381827934876	0.0005789540426033022	0.0004331557747987246	0.0004914275460639104	0.0005444149245355474	0.0004172792650696159	0.000440279225186645	
0.00013894954943731373
	0.018416773623511885	0.0	0.0	0.0	0.0	0.01845106026785713	0.018378273809523803	0.018566741071428566	0.018513095238095238	0.018346130952380947	0.018358444940476174	0.01829836309523809	0.018535416666666662	0.018285491071428562	0.01831450892857142	0.018473195684523786	0.018506845238095225	0.018552083333333327	0.018384672619047616	0.018449181547619046	0.018384393601190454	0.018402380952380944	0.018366592261904763	0.01840141369047618	0.0183671875	
	0.0004948865498858445	0.0	0.0	0.0	0.0	0.0005111677028839051	0.0005251319422057378	0.0005783870378526033	0.0005608887582727473	0.0005131229664988529	0.0005048664036258648	0.0005456270178901	0.0005339407439752176	0.0006044142087955961	0.0005020245437343575	0.0005744870304401792	0.0006092138864868228	0.0006635232112257387	0.0006176056888941053	0.0005565500113346193	0.0005034380793659116	0.0004476560258519655	0.0006018167016729316	0.0005711178131398275	0.0005836182842731026	
0.00019306977288832496
	0.018946051897321407	0.0	0.0	0.0	0.0	0.01890807291666664	0.01889248511904762	0.01897254464285713	0.018955729166666664	0.018811532738095226	0.018898437499999976	0.01887031249999999	0.01908697916666666	0.01884546130952381	0.01879099702380952	0.019017113095238077	0.018936755952380948	0.0191438244047619	0.01902180059523809	0.018966071428571415	0.018960584077380934	0.01901711309523809	0.018930654761904763	0.01906346726190476	0.018831101190476183	
	0.0004593005445061163	0.0	0.0	0.0	0.0	0.0004553532204813732	0.0005311571683014365	0.0004567901522260551	0.0005298573317694409	0.0004789510349718189	0.0005144397040831607	0.0004997648887862796	0.0005888257142571767	0.0006069165050240842	0.0005226181631083815	0.0005068192744062897	0.0005433909711431001	0.0005457047377094785	0.0005434091105788509	0.000593183974294392	0.0004764392126855907	0.0005396582048559119	0.0005323333708052708	0.0005042050150652097	0.0005065775418180654	
0.00026826957952797245
	0.019690894717261886	0.0	0.0	0.0	0.0	0.019656398809523783	0.01959672619047619	0.019809226190476176	0.019747172619047612	0.019472470238095233	0.019670944940476175	0.01953683035714285	0.01985974702380951	0.019572321428571418	0.019714880952380946	0.019720424107142843	0.01971979166666666	0.019784895833333323	0.019664360119047604	0.0197126488095238	0.01971581101190474	0.019806026785714283	0.019674479166666665	0.019819047619047615	0.019563690476190474	
	0.0005247678845188376	0.0	0.0	0.0	0.0	0.0005521009929008061	0.0005739288368842066	0.0005708268354873719	0.0006299073745875766	0.0005677646948244088	0.0006036105340604006	0.000575335344643194	0.0006481396417911218	0.0006740917689826814	0.0006781111214187436	0.0005695749828071929	0.0005164407885528295	0.0006826306190899438	0.0005428613903163095	0.0006785843840137553	0.0005219242322231552	0.0005660907775863599	0.00056954036158218	0.0005830167234807913	0.0005403137539100742	
0.0003727593720314938
	0.020416834077380933	0.0	0.0	0.0	0.0	0.02032040550595237	0.020257961309523807	0.020449999999999996	0.02032061011904761	0.02025305059523809	0.02040744047619046	0.020290029761904745	0.020570982142857127	0.020336830357142854	0.02043191964285714	0.020481361607142843	0.020485565476190466	0.020526041666666654	0.020410565476190468	0.020503273809523798	0.020458128720238083	0.02047566964285713	0.020405729166666657	0.02057410714285714	0.020377008928571416	
	0.0003457067238637423	0.0	0.0	0.0	0.0	0.000413634604026266	0.0004272221456531226	0.0004862614816422513	0.0004280609416817222	0.0005447838674228089	0.0003737029738600389	0.00042304453870103557	0.0003913884546156946	0.0004294998430669254	0.0004786923036926571	0.0003955779111238831	0.0004975868950010796	0.0005139028695162661	0.00038445247914803253	0.0005200764270499748	0.0003513076150903903	0.0004017854456017646	0.0004038248862251617	0.00039103057176769846	0.000465839301315696	
0.0005179474679231213
	0.021724437313988102	0.0	0.0	0.0	0.0	0.02172178199404762	0.02171793154761904	0.02181175595238095	0.021774255952380948	0.021583184523809522	0.021696186755952383	0.021576413690476193	0.021920461309523794	0.021619047619047614	0.021668824404761897	0.02178433779761905	0.02183154761904762	0.021864211309523804	0.02166168154761904	0.021779910714285707	0.02169544270833334	0.02183147321428571	0.021602827380952382	0.021773883928571425	0.02157358630952381	
	0.00033982860313787273	0.0	0.0	0.0	0.0	0.0004098818142484881	0.0005580953787548185	0.00042603194689775525	0.0004006957493042463	0.0004850862718989381	0.00036082256394021783	0.00036588840305811594	0.00047640869372227233	0.000384512694719944	0.0004552635741186501	0.00033281179304589823	0.00042668924700094607	0.0004145637101486033	0.0004244522731558248	0.00036333846629923745	0.0004145280122156589	0.00046634115686992124	0.00042082925525908715	0.0005322379612752198	0.0005127770256156417	
0.0007196856730011514
	0.02294012741815479	0.0	0.0	0.0	0.0	0.022886309523809534	0.022741220238095234	0.0229953869047619	0.022970386904761903	0.02283824404761903	0.022974665178571448	0.0228720238095238	0.023138020833333325	0.022986309523809517	0.02290230654761904	0.022989769345238113	0.022972098214285717	0.0230578869047619	0.02289947916666666	0.023029613095238093	0.02290976562500002	0.023005877976190463	0.022828645833333328	0.02297604166666665	0.022828497023809523	
	0.0003810255044341374	0.0	0.0	0.0	0.0	0.00039719676362075023	0.00038450474715023386	0.00047101103405707185	0.0005180091158027139	0.00043829523106396023	0.0003884431946888875	0.00047328037966853605	0.0004162828070788697	0.000439181404169326	0.00044683600579317707	0.0004243904308543262	0.0004996809376071448	0.00046709278104009887	0.00045836116784103535	0.0004884330957205729	0.00046534111935270575	0.00047804228036126293	0.0004932367990164342	0.0005215650472354639	0.0005410142355849011	
0.001
	0.024761123511904817	0.0	0.0	0.0	0.0	0.02471584821428575	0.02460282738095238	0.024925818452380948	0.024706919642857147	0.024627827380952386	0.024738430059523846	0.024632589285714285	0.02498102678571428	0.024715104166666668	0.024625000000000005	0.02478755580357146	0.02484516369047619	0.024792782738095237	0.024713020833333328	0.02479925595238095	0.024802659970238127	0.02491770833333333	0.024692038690476186	0.02481160714285713	0.024789285714285715	
	0.00032326789243473957	0.0	0.0	0.0	0.0	0.0003808784158745505	0.00033991215925035086	0.0005289216820771544	0.00044244996086912323	0.00046577069544828436	0.0003510702848391964	0.00048756206815324653	0.00044420904729025905	0.00036633106507156463	0.0003990319819767663	0.0003593481413612992	0.000404550459312769	0.0005080951049494046	0.0004619279948306183	0.00040909437812217315	0.00039674386199850444	0.00045023368444239916	0.0004311964203648292	0.0004769665365156976	0.00044388770978093483	
0.0013894954943731374
	0.02657257254464293	0.0	0.0	0.0	0.0	0.026510584077380998	0.026524032738095234	0.026660267857142855	0.026555431547619038	0.026302604166666667	0.02656188616071433	0.026514732142857145	0.026792410714285717	0.02645550595238095	0.026484895833333324	0.026666908482142905	0.026643750000000008	0.026836383928571423	0.02650677083333334	0.02668072916666666	0.026550911458333378	0.026549181547619056	0.02648958333333333	0.026640327380952376	0.026524553571428577	
	0.00036416124128220586	0.0	0.0	0.0	0.0	0.00042146433097925846	0.00046452914124653973	0.0004724371004502095	0.0004616389772591788	0.0005437293163452783	0.0003675359896319425	0.0004731137584147882	0.00045477575805532807	0.0003746299785377097	0.00045377463523300877	0.00041325356956726947	0.00046218963662557556	0.0005257282155720672	0.00047632746006839047	0.0005220760524996433	0.0004089898198749333	0.00042691990324390247	0.0005397905229235124	0.00044704040415270236	0.00044559669517782685	
0.0019306977288832496
	0.029165824962797696	0.0	0.0	0.0	0.0	0.029091592261904817	0.028996651785714277	0.029231026785714275	0.0292640625	0.02887462797619047	0.029152938988095276	0.029039955357142853	0.029457961309523797	0.029015029761904756	0.029098809523809506	0.02926582961309529	0.029311681547619033	0.02948229166666665	0.029035119047619046	0.02923422619047618	0.029152938988095293	0.029191815476190472	0.029121651785714277	0.029202604166666656	0.02909568452380952	
	0.00026972775569852463	0.0	0.0	0.0	0.0	0.0003096931212428655	0.0004049006034793154	0.00042715491275265407	0.0003886348751638956	0.00030893431480633857	0.00031595648138790084	0.000336621821195374	0.00040874718313024084	0.00039705755237849123	0.00040816200917022084	0.0002956761411021273	0.00038490388789174805	0.00042975134162918417	0.000417809179770031	0.0003030988823285585	0.00039495926441778976	0.00046220880089369097	0.0004599972033140588	0.0004335319794333437	0.0005129477668624708	
0.0026826957952797246
	0.03205825892857142	0.0	0.0	0.0	0.0	0.03204019717261906	0.032056101190476166	0.03219159226190474	0.03207366071428568	0.03183943452380951	0.03200712425595239	0.03192827380952379	0.032198660714285676	0.03196964285714283	0.03193191964285711	0.03210684523809523	0.03205379464285711	0.03226808035714283	0.032005282738095206	0.032100223214285684	0.032078869047619044	0.03217760416666663	0.0319332589285714	0.0321334821428571	0.03207113095238093	
	0.00023324866987828546	0.0	0.0	0.0	0.0	0.0002807361703736781	0.0004632155324847649	0.0003965461450778289	0.00037023932135954636	0.00033790540681182023	0.00038111406301254776	0.0005554729047611041	0.0004517976982929656	0.0003966049921148262	0.0004087702072682428	0.00025126090124655466	0.00041351607668772226	0.00036918920844986573	0.0003648068511260002	0.0003176537971063996	0.00031515978963861634	0.0003973998732642915	0.00032549426762346745	0.0005250005694238813	0.0003432663831592779	
0.003727593720314938
	0.03555322730654751	0.0	0.0	0.0	0.0	0.035536979166666614	0.03546651785714281	0.03576428571428566	0.03556294642857138	0.03535416666666662	0.03552018229166661	0.03534300595238091	0.03579747023809519	0.03538928571428568	0.03555096726190471	0.035579464285714235	0.035553497023809465	0.03574836309523803	0.03546666666666662	0.0355493303571428	0.035576283482142784	0.035649255952380894	0.03552485119047614	0.03566302083333327	0.0354680059523809	
	0.0002067575028313543	0.0	0.0	0.0	0.0	0.0003133210585687281	0.0004690291119143103	0.0003812229902889228	0.00044410421691838106	0.0003920146765887703	0.00026269537753336846	0.0003903665528244661	0.00037100959967540964	0.00039068052326485307	0.00033260380847434894	0.00023369092167576253	0.0003356074520388607	0.00036783336386774835	0.0003061802149885769	0.00029155656669816653	0.0002928668739394553	0.0003236410776747004	0.0004022016420794973	0.00036502758556656407	0.00038108125958927333	
0.005179474679231208
	0.039485072544642785	0.0	0.0	0.0	0.0	0.039411886160714234	0.03926718749999994	0.039688244047619	0.039503645833333295	0.039188467261904704	0.0393876116071428	0.03925014880952376	0.03961421130952375	0.039286309523809466	0.03939977678571424	0.039580189732142806	0.039550372023809476	0.039618973214285674	0.03955781249999993	0.039593601190476155	0.03956060267857137	0.03966599702380948	0.0394866071428571	0.03967127976190471	0.03941852678571423	
	0.00021918060657032736	0.0	0.0	0.0	0.0	0.00032339635235802876	0.000499529816528482	0.00030207655252769864	0.000399797280079649	0.00040785458043466667	0.00027838803916613357	0.00031375594413744225	0.0003208928671490662	0.0004513460318918646	0.0004206198061649246	0.000289879587486743	0.00045805242362733804	0.00040768737328978244	0.0003726851339278371	0.00035554606453129127	0.00030256717012693067	0.00038224840142626583	0.00048436505640440513	0.00035959164819413187	0.00038757643306839423	
0.007196856730011514
	0.04424570777529765	0.0	0.0	0.0	0.0	0.044159263392857154	0.044013318452380955	0.04444754464285715	0.04427388392857143	0.04390230654761903	0.04423454241071431	0.044097321428571416	0.04453861607142856	0.04412499999999999	0.04417723214285713	0.044271986607142884	0.04422254464285714	0.044347991071428575	0.044256547619047605	0.04426086309523809	0.04431703869047621	0.04452596726190476	0.04419568452380953	0.044315997023809534	0.04423050595238095	
	0.00017545690504835356	0.0	0.0	0.0	0.0	0.00024050944816399045	0.0003530633277095927	0.0003609528683744079	0.00036871961980671387	0.0003186452968319286	0.00018491741712703622	0.00033266498020061706	0.00026328636744607487	0.00032236553253198565	0.00031817477191071905	0.0002844695670955599	0.00035032752665193934	0.0004592212297301096	0.0004484229755898473	0.00032948310480945375	0.000278415858511494	0.00043082110566547465	0.0003660130494487654	0.0003312456296106095	0.00039864010593919255	
0.01
	0.049564718191964424	0.0	0.0	0.0	0.0	0.049493805803571544	0.04934977678571433	0.049794270833333376	0.049569122023809586	0.04926205357142863	0.04959823288690486	0.04947075892857147	0.049918898809523854	0.04954218750000004	0.04946108630952386	0.04958850446428583	0.049536532738095294	0.04979017857142862	0.049432366071428646	0.04959494047619053	0.04957832961309534	0.04982827380952388	0.04950319940476195	0.04954590773809527	0.049435937500000054	
	0.00014723298625875144	0.0	0.0	0.0	0.0	0.00022090008274885784	0.00033385930713883465	0.00031990591071587413	0.0003583130398486662	0.00045616270073852957	0.00020327760955762508	0.0003779237593110872	0.0003672741445633436	0.00034287019735036815	0.0003259635255109209	0.0002491598573203412	0.00042853867501535547	0.0003354854526586416	0.000288841441949335	0.00036737244009790016	0.0002903276461217235	0.0003885351978725022	0.0003427783128648623	0.00033221489560827884	0.00047906804132343624	
0.013894954943731374
	0.055686453683035896	0.0	0.0	0.0	0.0	0.055562909226190636	0.05547961309523814	0.05570334821428579	0.055692336309523874	0.05537633928571435	0.0557680245535716	0.05562619047619056	0.056138095238095306	0.055695386904761966	0.05561242559523815	0.05572392113095253	0.055802306547619106	0.05575982142857147	0.05560766369047624	0.05572589285714291	0.05569095982142871	0.05571421130952389	0.05567046130952384	0.05580922619047625	0.05556994047619053	
	0.0001936452098791423	0.0	0.0	0.0	0.0	0.00028090754929461137	0.00042732283913996053	0.0004468853132283583	0.00034693373520878844	0.0003358820502805733	0.00028296461411384915	0.00044711172927493936	0.0003340371436156551	0.00039231722458390425	0.000366492881002826	0.00021076273059787584	0.00037022661884343475	0.00045126126804386613	0.00040664582174511083	0.00031448952147871393	0.0002633894048653956	0.00035589135417344805	0.00036402068008421865	0.0004040091148313088	0.0003377000921201666	
0.019306977288832496
	0.06276361142113106	0.0	0.0	0.0	0.0	0.06266770833333335	0.06240424107142858	0.06298072916666664	0.06283608630952382	0.062449776785714256	0.06277739955357146	0.06266183035714287	0.06308995535714286	0.06270148809523811	0.0626563244047619	0.06285561755952385	0.06282016369047617	0.06296004464285715	0.0627389880952381	0.0629032738095238	0.06275372023809524	0.06283943452380951	0.06269062499999999	0.06281793154761904	0.06266688988095238	
	0.00014795633076455632	0.0	0.0	0.0	0.0	0.00022339333096963777	0.000345278831045506	0.0003789244599178564	0.00035172588481085354	0.0002805646115406103	0.00020783097799270312	0.00039972053159023483	0.00025985322762985365	0.0003132097241120256	0.00041098208924518275	0.00022040964640127538	0.00032300923932295444	0.0003086181895837609	0.00035142319771023893	0.00045260949349275456	0.0002466943431377942	0.0003644955251401746	0.0003274793209899032	0.0003198636483752625	0.00037224294885122194	
0.026826957952797246
	0.07062571149553545	0.0	0.0	0.0	0.0	0.07060178571428549	0.07056555059523796	0.0708156249999999	0.07071421130952367	0.07031175595238082	0.0706234188988093	0.070483482142857	0.07102061011904749	0.07050200892857131	0.07048757440476176	0.07065089285714264	0.07067477678571417	0.07069196428571413	0.07057247023809511	0.07066436011904749	0.07062674851190454	0.07078139880952365	0.07055282738095224	0.07067470238095226	0.07049806547619034	
	0.00012114939265303106	0.0	0.0	0.0	0.0	0.00025123490905008713	0.00041875677543213175	0.0004042778202051747	0.00032592520801864557	0.0003275998659316574	0.0001803420335530917	0.00027741001022946036	0.0003036161137309382	0.00025042039881496115	0.00030069136877823436	0.0002146440011439571	0.00029572096566780746	0.00032935366819613926	0.00035312271109766506	0.00035682811807346247	0.0002116762058389524	0.0003277071224207855	0.00034452425816317185	0.00037844704923669097	0.00034965919186189155	
0.03727593720314938
	0.07930577101934505	0.0	0.0	0.0	0.0	0.07914635416666649	0.07908437499999987	0.07935148809523797	0.0792622767857142	0.07888727678571418	0.07930518973214272	0.07907849702380944	0.07967656249999988	0.07925751488095227	0.07920818452380946	0.07939205729166653	0.07934188988095228	0.079487425595238	0.07927991071428561	0.0794590029761904	0.07937948288690463	0.07946785714285702	0.07932752976190466	0.07948110119047609	0.07924144345238086	
	0.00010853382613487229	0.0	0.0	0.0	0.0	0.00020210396412350485	0.0003381124961536793	0.00030921408782861	0.00035534319169040616	0.0002981359443629998	0.00018157281371729297	0.0002992176653333132	0.00031553813864208666	0.00029147802185654567	0.0003643309986831848	0.000232886638075351	0.00036398034592702397	0.00043598974148327334	0.0002822553836787638	0.0003562882648051053	0.00015916593055623977	0.00029936223131133766	0.0003671767273592371	0.00027129412821452645	0.00029197991901801	
0.05179474679231207
	0.08888324032738107	0.0	0.0	0.0	0.0	0.08881588541666675	0.08862001488095246	0.08908750000000008	0.08901681547619052	0.08853921130952386	0.08885306919642867	0.08875401785714294	0.08914047619047627	0.08877023809523812	0.08874754464285717	0.08894629836309532	0.08889412202380956	0.08907135416666674	0.08881279761904771	0.08900691964285723	0.08891770833333343	0.08902336309523816	0.08885751488095242	0.08894702380952386	0.08884293154761912	
	9.72043443163985e-05	0.0	0.0	0.0	0.0	0.00018718622620080266	0.00030917484943481123	0.00032812267167946257	0.0003809393308311887	0.00028216539154597253	0.00018114960995604536	0.0003377001249070744	0.00028940942785068535	0.00031585672383229715	0.00030646291775094563	0.0001555816970721955	0.0002550286682766054	0.0002542863591435714	0.00024991743251035273	0.0002527980049114445	0.00016085029673134507	0.0002852784141176813	0.00036171647530237877	0.0003478783165042338	0.00026180950860173625	
0.07196856730011514
	0.09929029017857179	0.0	0.0	0.0	0.0	0.09923093377976218	0.09916145833333352	0.09946026785714304	0.09930334821428594	0.09899866071428594	0.09927248883928601	0.09915788690476211	0.09955751488095262	0.09919434523809545	0.09918020833333357	0.09937918526785744	0.09935617559523836	0.09948043154761928	0.09932247023809548	0.09935766369047642	0.09927855282738124	0.09939188988095264	0.09918943452380975	0.09932544642857162	0.09920744047619072	
	0.00010206206880205681	0.0	0.0	0.0	0.0	0.0001736616397602047	0.0003333844826827865	0.000367498850303625	0.00024165036716746526	0.0002523174634457368	0.00016153806410831693	0.00029265934389229	0.0002927011934908883	0.0002765245343510683	0.00029184385561719164	0.0001539280431441648	0.0002864357307873305	0.0002696392128452488	0.0002452478922713644	0.00031456834819526444	0.0001723154338801406	0.00025349759161746047	0.00031862603743105226	0.0002760739937430701	0.00033676417198480094	
0.1
	0.11035530598958361	0.0	0.0	0.0	0.0	0.11031452752976224	0.11025267857142887	0.11052388392857172	0.11034910714285742	0.1101324404761908	0.1103420014880956	0.11025997023809554	0.11061733630952413	0.11019412202380983	0.11029657738095269	0.11038798363095274	0.11044144345238123	0.11043578869047652	0.11023601190476216	0.11043869047619079	0.11037671130952412	0.11047514880952412	0.11027291666666693	0.11050825892857173	0.11025052083333363	
	8.705014387813829e-05	0.0	0.0	0.0	0.0	0.00015978531865479858	0.00032019252253618057	0.0002126926069770974	0.0002465156311880972	0.00026093188828879706	0.00015122443419614178	0.00027691873083857485	0.00026665758389942724	0.00028105475751837803	0.0003035422853074422	0.00013225202596373363	0.00032577852045449936	0.0003099752835042984	0.00026082531712433256	0.00028876126709374166	0.0001139590302078847	0.00025807776199396527	0.000215519862878924	0.00031862573337164	0.000268474414828638	
0.1389495494373136
	0.12189823288690527	0.0	0.0	0.0	0.0	0.12186633184523844	0.12177938988095258	0.12213385416666689	0.12189278273809545	0.12165930059523829	0.12187304687500035	0.12178764880952406	0.12217879464285732	0.12171227678571446	0.12181346726190494	0.12192191220238129	0.12188117559523827	0.12198668154761923	0.12180691964285732	0.1220128720238097	0.12193164062500036	0.12201242559523827	0.12185372023809544	0.12198244047619065	0.12187797619047637	
	8.003617005316411e-05	0.0	0.0	0.0	0.0	0.0001500840647122992	0.00020132896062022816	0.00024103111113843502	0.00023499173627113576	0.00029931167676639344	0.0001332570707762651	0.0002771777018217537	0.00024507962916836545	0.0002737383548974428	0.00020413202375545655	0.0001197672515603128	0.0002458721202862929	0.0002814686905657284	0.00031990418018091953	0.0002328840640515879	0.00014479084103334562	0.00028072672133650775	0.0002688546242059273	0.0002490360170405814	0.0002283423835350692	
0.19306977288832497
	0.1336729027157733	0.0	0.0	0.0	0.0	0.13364588913690437	0.1335646577380951	0.13377433035714267	0.13369627976190462	0.13354828869047608	0.13365414806547588	0.13359680059523793	0.1338761160714284	0.1335136904761903	0.13362998511904745	0.13370770089285677	0.13370364583333316	0.13374114583333316	0.1336433035714284	0.13374270833333315	0.13368387276785673	0.13376316964285698	0.13361912202380932	0.13368943452380935	0.13366376488095225	
	5.984301562805513e-05	0.0	0.0	0.0	0.0	0.00012739689196285617	0.00023468621863620732	0.00018385627443820408	0.00022032952373478428	0.0002503926307588496	0.00011627279809276748	0.00018300983714193684	0.00025148484826376355	0.0001924841843121801	0.00022861014144274564	0.0001397423196554746	0.0002260693034807263	0.00021075218091868214	0.0002994386711012045	0.00024395114600159572	0.00010559688750936252	0.00020707128631945433	0.0002543758222204879	0.00022057798338579642	0.0001801183769668062	
0.2682695795279722
	0.14535374348958302	0.0	0.0	0.0	0.0	0.14533071056547567	0.14525758928571395	0.14544903273809487	0.14537879464285675	0.14523742559523775	0.1453722656249995	0.14538519345238057	0.14552351190476154	0.14529330357142828	0.14528705357142824	0.14536949404761862	0.14535037202380918	0.14538303571428526	0.1453549851190472	0.14538958333333304	0.1453425037202376	0.1454337053571425	0.1453296874999996	0.14540386904761865	0.14520275297619012	
	4.8948598234158784e-05	0.0	0.0	0.0	0.0	9.843729788934334e-05	0.00021103813894276775	0.00018740172748268877	0.0002018974139717931	0.00022393594898810032	8.88948557487768e-05	0.0001979066105796313	0.00020691192398835273	0.00021338834299866168	0.00021080191378102355	9.740611389181011e-05	0.00017027361915507782	0.0001952817577846752	0.00021206648091447704	0.0001993531716311204	0.00012608690561451556	0.0002162723740318027	0.0001731776068031943	0.00022620682506705055	0.0002134455280725178	
0.3727593720314938
	0.15662182849702377	0.0	0.0	0.0	0.0	0.15662576264880917	0.1565684523809521	0.15668340773809494	0.15668772321428545	0.1565634672619045	0.15662531622023773	0.15652328869047594	0.15678653273809498	0.15661168154761873	0.15657976190476164	0.15662031249999964	0.15661443452380924	0.1566534970238092	0.1565845238095235	0.1566287946428569	0.15661592261904725	0.15663653273809494	0.1566205357142854	0.1566354166666664	0.15657120535714258	
	4.977800214500816e-05	0.0	0.0	0.0	0.0	8.31579925006627e-05	0.00016694511975131858	0.00017293569902329493	0.00020798441497846932	0.0001711397028042031	8.187656031125945e-05	0.00020327022815031995	0.0001404979624283311	0.00017668223445015588	0.0001739477037569015	8.858643107355234e-05	0.0001767512642800575	0.00016440221684890192	0.00020592065971648083	0.0001702801215867691	9.89998905759e-05	0.00022264964546935077	0.0001371318316190126	0.00016557659306302974	0.00014937728371508012	
0.5179474679231213
	0.16704843750000015	0.0	0.0	0.0	0.0	0.16703364955357133	0.16706249999999992	0.1670584077380951	0.16706175595238087	0.16695193452380944	0.16703949032738083	0.16697380952380939	0.1671019345238094	0.167066369047619	0.1670158482142856	0.16706343005952368	0.16704613095238083	0.16710461309523794	0.16704866071428562	0.16705431547619037	0.1670571800595237	0.16708497023809518	0.1670267857142857	0.1670671874999999	0.16704977678571417	
	4.132224320453596e-05	0.0	0.0	0.0	0.0	8.937926994901525e-05	0.00014686414419285256	0.00017019322858752964	0.00014118997116563742	0.0001472083500609826	7.626120826308444e-05	0.00014946574061515375	0.00016489512091003982	0.00014600322647610514	0.00013907085983430232	7.924137708135526e-05	0.0001509103933409452	0.00012808524215846126	0.00016497977097190946	0.00013974157189647945	6.869851541570316e-05	0.00015874698416530202	0.00014724587709193777	0.00015012699901176206	0.00014510433758922866	
0.7196856730011514
	0.1763140811011903	0.0	0.0	0.0	0.0	0.17628988095238113	0.17626882440476205	0.17634434523809536	0.17631748511904774	0.1762288690476192	0.17632202380952397	0.17632142857142868	0.17635863095238108	0.1763091517857144	0.1762988839285716	0.1763272879464287	0.17631845238095253	0.17635595238095256	0.17633013392857158	0.17630461309523826	0.1763171316964288	0.17632968750000017	0.17630252976190483	0.176348586309524	0.17628772321428582	
	3.0598972467977226e-05	0.0	0.0	0.0	0.0	6.397382913018335e-05	0.00010958538338559098	0.00011518078240155316	0.00010775137731369662	0.00011694487828203549	5.349055568885975e-05	0.00010826391434277057	0.00010901351423948047	0.00010508115271254508	0.00011540898130830354	5.859689440259207e-05	0.00013392650461369556	9.342299355955161e-05	0.00011989793515481973	0.00011738289171825284	5.238291088585501e-05	0.00012505067797104446	0.00010366652893059638	0.00014009974103471712	0.00010635616132439774	
1.0
	0.18414652622767846	0.0	0.0	0.0	0.0	0.18413474702380994	0.18411636904761933	0.1841412946428574	0.18416026785714312	0.18412105654761934	0.18415241815476233	0.18411830357142883	0.18417946428571455	0.18417313988095263	0.1841387648809527	0.18414804687500036	0.184157291666667	0.18414590773809553	0.1841427827380956	0.18414620535714318	0.18415089285714323	0.18418154761904793	0.1841476934523813	0.18416577380952412	0.18410855654761935	
	2.3457536156143736e-05	0.0	0.0	0.0	0.0	3.9134110947230754e-05	7.733386273241594e-05	7.65425404359082e-05	8.49220111657624e-05	6.939938394226647e-05	4.2968202428988136e-05	9.525960043657817e-05	7.176631460211009e-05	8.827305819808817e-05	9.765989930822956e-05	4.5530641987431334e-05	8.283372235872812e-05	9.580285603996767e-05	0.00011397704569252323	0.00010897148293622372	3.8647240036176954e-05	8.013845352433341e-05	9.197599348537318e-05	8.495629420240218e-05	8.154195023963273e-05	
1.389495494373136
	0.19033937406994042	0.0	0.0	0.0	0.0	0.1903420386904767	0.19033861607142902	0.19034218750000037	0.19037083333333366	0.19031651785714326	0.19033874627976236	0.19031778273809558	0.19036331845238133	0.19033377976190527	0.1903401041666671	0.1903308221726195	0.19033467261904805	0.1903435267857147	0.1903243303571433	0.1903207589285718	0.19034588913690528	0.1903446428571432	0.19034836309523848	0.1903542410714289	0.19033630952380987	
	1.8218266645425328e-05	0.0	0.0	0.0	0.0	3.9049990910884364e-05	8.322261591635719e-05	6.316122903753471e-05	9.138116485497013e-05	9.223081753533048e-05	3.6244117736205666e-05	7.537569621572335e-05	6.371763335403961e-05	7.368040261171334e-05	5.631162574417567e-05	3.339152025912898e-05	6.982227854392443e-05	5.574207921488131e-05	7.354597394692147e-05	6.974425520525342e-05	2.9910951426798677e-05	7.197659929512167e-05	9.049026265095145e-05	6.273909941194746e-05	6.327467745673583e-05	
1.9306977288832496
	0.19482112630208326	0.0	0.0	0.0	0.0	0.19481456473214348	0.19480319940476237	0.1948239583333339	0.19481875000000046	0.19481235119047668	0.19481945684523866	0.19480252976190526	0.19483117559523852	0.19482284226190516	0.19482127976190525	0.19481949404761964	0.19481986607142898	0.19483511904761952	0.19480863095238146	0.19481436011904812	0.19483098958333392	0.19482254464285764	0.19483616071428608	0.19484456845238146	0.19482068452381004	
	1.1546872526371103e-05	0.0	0.0	0.0	0.0	2.423706567552727e-05	5.069170818771452e-05	5.3648052014769227e-05	6.209316996220299e-05	4.889338396993243e-05	2.55649932911749e-05	4.6116789300441924e-05	5.182060648887778e-05	4.876941268885407e-05	5.82811127409087e-05	2.904493547320818e-05	4.492526005803556e-05	5.7024539586712044e-05	6.0077226436819166e-05	6.164132541742917e-05	2.151671351232429e-05	4.9329010431932575e-05	5.4775045330787494e-05	5.252096117091491e-05	5.7293599225260105e-05	
2.682695795279722
	0.19762596261160723	0.0	0.0	0.0	0.0	0.19762061011904827	0.19762016369047664	0.19761629464285754	0.19761205357142905	0.197633928571429	0.19762602306547677	0.19761532738095278	0.19763147321428617	0.197625297619048	0.19763199404761947	0.197627399553572	0.19763162202381002	0.19762700892857188	0.19761681547619095	0.19763415178571475	0.19762981770833382	0.19762641369047668	0.19763623511904815	0.1976217261904766	0.19763489583333374	
	9.784430633517852e-06	0.0	0.0	0.0	0.0	1.932594762795513e-05	2.8293872111319113e-05	5.187463501837703e-05	3.5581038635422515e-05	3.793767406015535e-05	2.062573443873008e-05	4.5513582000760576e-05	3.3627413030121906e-05	3.570374348375944e-05	4.687405516815518e-05	1.9812049299515238e-05	4.862617321118306e-05	3.7316862545357174e-05	3.840900361842634e-05	3.1532260552843965e-05	1.97187446797452e-05	3.329552822676585e-05	4.817666677973918e-05	4.331635386537771e-05	3.617028153366995e-05	
3.727593720314938
	0.1992482421875	0.0	0.0	0.0	0.0	0.1992467075892856	0.1992464285714286	0.19924523809523795	0.1992454613095236	0.1992497023809523	0.19925314360119042	0.19925773809523795	0.19925104166666657	0.1992527529761904	0.1992510416666666	0.1992447916666666	0.19924761904761898	0.19924412202380956	0.19925066964285715	0.19923675595238088	0.1992483258928571	0.1992511904761904	0.19924784226190478	0.1992423363095238	0.19925193452380943	
	7.383665181052652e-06	0.0	0.0	0.0	0.0	1.2920545439632018e-05	2.8120275491205103e-05	2.6641061128264076e-05	2.9203181861722298e-05	2.5487731030918913e-05	1.75838717299948e-05	3.125389714924677e-05	2.753016408976346e-05	3.076625658546192e-05	3.569909150990761e-05	2.0667086207035587e-05	3.250525969122614e-05	3.371685260714969e-05	2.5568511966978983e-05	3.6084084982941097e-05	1.3826078567516338e-05	3.22065203965717e-05	3.304518110278105e-05	3.1869306241893046e-05	2.771055499761121e-05	
5.179474679231202
	0.1999868350074404	0.0	0.0	0.0	0.0	0.1999870721726192	0.19998720238095244	0.1999866071428573	0.19998712797619062	0.19998735119047628	0.19998675595238105	0.19998787202380966	0.19998556547619056	0.1999877232142858	0.19998586309523814	0.19998636532738104	0.19998601190476198	0.1999868303571429	0.19998690476190492	0.1999857142857144	0.199987146577381	0.19998750000000015	0.19998720238095247	0.19998645833333342	0.1999874255952382	
	9.451551161589024e-07	0.0	0.0	0.0	0.0	2.1130985129537064e-06	4.348702141666923e-06	3.99297853127667e-06	4.563020269784688e-06	5.035394141547985e-06	2.1025105879487156e-06	5.303655769952495e-06	4.637034657996243e-06	4.1460213439840835e-06	4.287160800847196e-06	2.4607765093420874e-06	5.732547703590465e-06	4.007509824226635e-06	4.564839776882425e-06	4.4865516165719965e-06	2.49346165705619e-06	5.332283591338165e-06	4.888115388512587e-06	4.461804866198442e-06	6.378445586322047e-06	
7.196856730011514
	0.19999998604910732	0.0	0.0	0.0	0.0	0.19999998139880926	0.19999999999999984	0.19999999999999968	0.1999999255952379	0.19999999999999954	0.19999999999999973	0.19999999999999984	0.1999999999999997	0.1999999999999997	0.19999999999999973	0.19999998139880928	0.1999999999999996	0.1999999255952378	0.19999999999999976	0.19999999999999973	0.19999998139880912	0.19999999999999987	0.19999999999999982	0.19999999999999962	0.1999999255952379	
	4.185267866410294e-08	0.0	0.0	0.0	0.0	1.0017047649951708e-07	4.81061058616856e-16	4.688693670792769e-16	4.00681905180803e-07	4.37036488581175e-16	4.0511098519753527e-16	4.852597598541899e-16	4.481186177060442e-16	5.995675473925844e-16	4.62139363503675e-16	1.001704763275426e-07	4.763943583278374e-16	4.006819052679069e-07	4.283120906177709e-16	4.951862281196671e-16	1.0017047629971056e-07	6.10454424757465e-16	5.222917932755674e-16	4.999600261176267e-16	4.0068190546994684e-07	
10.0
	0.19999999999999984	0.0	0.0	0.0	0.0	0.19999999999999996	0.19999999999999998	0.19999999999999998	0.20000000000000004	0.2000000000000001	0.2	0.19999999999999984	0.2000000000000001	0.19999999999999987	0.20000000000000026	0.2	0.20000000000000023	0.19999999999999998	0.20000000000000007	0.19999999999999973	0.19999999999999996	0.20000000000000007	0.20000000000000007	0.20000000000000026	0.19999999999999996	
	2.938248111381993e-16	0.0	0.0	0.0	0.0	4.541522404556763e-16	6.175017813113964e-16	5.857895167702774e-16	6.931673697785606e-16	6.023237031619334e-16	4.78626103674236e-16	7.459488451176528e-16	6.773914887395177e-16	6.139777583767958e-16	7.069957696007103e-16	4.545761140884855e-16	6.729224684347574e-16	6.16461269364499e-16	7.107631560131227e-16	5.649697243656317e-16	5.047649870082797e-16	5.789327840563439e-16	7.320143910199987e-16	7.657890235129717e-16	6.219767906944621e-16	
13.89495494373136
	0.19999999999999993	0.0	0.0	0.0	0.0	0.1999999999999998	0.20000000000000012	0.2000000000000002	0.19999999999999998	0.19999999999999998	0.19999999999999968	0.2	0.2000000000000001	0.20000000000000007	0.1999999999999997	0.19999999999999976	0.20000000000000004	0.19999999999999996	0.20000000000000018	0.19999999999999982	0.19999999999999993	0.20000000000000007	0.19999999999999993	0.20000000000000004	0.19999999999999973	
	8.073008690572805e-16	0.0	0.0	0.0	0.0	5.52538156858207e-16	7.997748765308202e-16	7.735295179385376e-16	8.256059144153042e-16	7.92339449818314e-16	5.734286696457669e-16	7.591712294498269e-16	8.137323847225552e-16	8.026753790059486e-16	7.394834067620107e-16	7.366826855997077e-16	7.319091434493958e-16	8.108080948967528e-16	8.777229954950589e-16	7.506160040020493e-16	7.518295013795956e-16	7.9055493578031665e-16	8.233790254131035e-16	7.764949889875854e-16	7.481144577128093e-16	
19.306977288832496
	0.19999999999999993	0.0	0.0	0.0	0.0	0.19999999999999973	0.19999999999999993	0.19999999999999968	0.19999999999999998	0.20000000000000007	0.2	0.20000000000000023	0.2000000000000003	0.20000000000000007	0.19999999999999973	0.1999999999999997	0.20000000000000023	0.19999999999999982	0.19999999999999993	0.19999999999999998	0.1999999999999998	0.1999999999999999	0.19999999999999976	0.2000000000000002	0.1999999999999999	
	6.804363002006078e-16	0.0	0.0	0.0	0.0	7.410270884007471e-16	8.218650437240237e-16	7.589682515318144e-16	8.120106992893714e-16	8.354996876777603e-16	8.527935424629724e-16	8.189384377152448e-16	8.477802640893401e-16	8.133378248293434e-16	7.270159653939058e-16	7.314002333558547e-16	8.444418166314688e-16	7.860105896827982e-16	8.076188918661722e-16	8.564742828703092e-16	8.124059037258057e-16	7.800584248392333e-16	7.848008640508993e-16	8.317878775395025e-16	7.84080682911096e-16	
26.82695795279722
	0.19999999999999987	0.0	0.0	0.0	0.0	0.2000000000000001	0.20000000000000032	0.19999999999999965	0.2	0.20000000000000004	0.19999999999999993	0.20000000000000007	0.19999999999999996	0.19999999999999984	0.19999999999999976	0.2000000000000001	0.20000000000000007	0.1999999999999999	0.19999999999999982	0.19999999999999998	0.19999999999999965	0.19999999999999984	0.19999999999999996	0.2000000000000002	0.1999999999999999	
	6.277302498857518e-16	0.0	0.0	0.0	0.0	8.305211555498193e-16	7.744916403331193e-16	6.595478578331247e-16	8.126271342574621e-16	8.5949716028332125e-16	7.548632146815542e-16	8.826243951827267e-16	8.162058608565042e-16	8.135272374599573e-16	7.369440719968343e-16	7.878542895377568e-16	8.695073656782059e-16	8.550939849824084e-16	7.365606735367574e-16	8.091912641803141e-16	6.951834439279826e-16	8.508189398634406e-16	8.769180738215718e-16	8.421580147377811e-16	7.733801158091018e-16	
37.27593720314938
	0.19999999999999993	0.0	0.0	0.0	0.0	0.19999999999999982	0.19999999999999993	0.20000000000000026	0.2000000000000001	0.19999999999999998	0.2000000000000001	0.19999999999999954	0.2	0.19999999999999998	0.20000000000000018	0.1999999999999997	0.20000000000000007	0.19999999999999993	0.19999999999999984	0.2000000000000002	0.19999999999999984	0.2	0.1999999999999999	0.1999999999999996	0.1999999999999998	
	6.865976203382482e-16	0.0	0.0	0.0	0.0	7.977173263076764e-16	8.613475330607348e-16	8.299489528739561e-16	7.701859664206227e-16	8.152772181331468e-16	8.088262381435558e-16	6.140195810503484e-16	8.033788912854572e-16	8.116469412522513e-16	8.064415810340397e-16	7.429478595846291e-16	8.200821523359857e-16	8.001440318131277e-16	8.039061214710216e-16	8.796955898040619e-16	7.903762627770674e-16	8.275165563457481e-16	7.481487819750702e-16	7.934729600642672e-16	7.481831046626429e-16	
51.79474679231202
	0.19999999999999996	0.0	0.0	0.0	0.0	0.19999999999999973	0.1999999999999997	0.2	0.20000000000000012	0.20000000000000026	0.1999999999999999	0.19999999999999973	0.2	0.20000000000000015	0.19999999999999998	0.19999999999999982	0.20000000000000026	0.19999999999999984	0.2000000000000002	0.2	0.19999999999999984	0.19999999999999996	0.1999999999999999	0.19999999999999993	0.19999999999999993	
	5.680746618900771e-16	0.0	0.0	0.0	0.0	7.297834112172485e-16	8.396539495383526e-16	8.383837978536833e-16	8.77240131118777e-16	7.494005416219808e-16	7.22409618427863e-16	6.084319307672404e-16	7.982000405094093e-16	8.035067364312832e-16	8.317415680509751e-16	7.113770815729094e-16	7.932302013692321e-16	7.837203441687458e-16	8.60542214623928e-16	8.356226185527989e-16	7.23776861244768e-16	8.48643083361389e-16	8.167405313427044e-16	8.534256539590325e-16	7.972343198293166e-16	
71.96856730011514
	0.19999999999999996	0.0	0.0	0.0	0.0	0.19999999999999984	0.20000000000000012	0.19999999999999982	0.19999999999999976	0.19999999999999984	0.2	0.19999999999999996	0.19999999999999996	0.20000000000000015	0.2000000000000004	0.19999999999999968	0.19999999999999998	0.20000000000000004	0.2000000000000002	0.19999999999999987	0.1999999999999997	0.19999999999999996	0.2000000000000001	0.20000000000000004	0.20000000000000004	
	6.566994998834627e-16	0.0	0.0	0.0	0.0	8.279353753804126e-16	8.914827038803807e-16	8.198472727228804e-16	8.171962973789055e-16	8.097464228591045e-16	7.45122194252696e-16	8.605123735414874e-16	7.752538538946089e-16	7.741434237668479e-16	8.084769285880103e-16	7.505475795712779e-16	7.675976600100264e-16	8.114412667513948e-16	7.634549353886926e-16	7.570711667007543e-16	6.907737712314948e-16	8.544330542835921e-16	7.728486743336593e-16	7.759987731595171e-16	8.635954560235442e-16	
100.0
	0.1999999999999998	0.0	0.0	0.0	0.0	0.19999999999999973	0.2000000000000003	0.20000000000000037	0.19999999999999993	0.1999999999999999	0.20000000000000012	0.2	0.2	0.2000000000000001	0.19999999999999987	0.19999999999999996	0.19999999999999962	0.19999999999999987	0.2	0.20000000000000012	0.20000000000000007	0.20000000000000026	0.19999999999999996	0.20000000000000007	0.20000000000000012	
	6.420283219848785e-16	0.0	0.0	0.0	0.0	8.228330645901703e-16	8.135903652040938e-16	8.108080948967527e-16	7.716515928012351e-16	6.999506402498589e-16	8.506227369247321e-16	8.610195312880307e-16	8.134483208905184e-16	8.326518485618581e-16	8.30490235754736e-16	8.171177351643805e-16	7.607087160165522e-16	8.714248892124465e-16	7.347804849589808e-16	8.808770260715481e-16	8.106972389792786e-16	7.799102734092809e-16	8.191422297894993e-16	8.658968569540563e-16	8.222086654529037e-16	
