rs_generated = 50
1e-05
	0.0009128813244047625	0.0	0.0	0.0	0.0	0.0009019717261904767	0.0008899553571428577	0.0009307291666666672	0.0008962053571428576	0.0008909970238095243	0.0009168712797619052	0.0009211309523809529	0.0009287202380952388	0.0009258928571428579	0.0008917410714285722	0.0009156063988095238	0.00092671130952381	0.0009265625000000004	0.0009145089285714291	0.0008946428571428574	0.000917075892857143	0.0009159226190476198	0.000917782738095239	0.00093139880952381	0.0009031994047619052	
	0.0005297808898169133	0.0	0.0	0.0	0.0	0.0005218579884116004	0.0005251229021544717	0.000543956767847074	0.0005182193385216485	0.0005099187199112099	0.0005397190626948605	0.0005523199338989013	0.0005518375824815299	0.0005299050727825828	0.0005363735248084437	0.0005373858563544493	0.0005661405724649024	0.0005473947815319642	0.0005268620524540692	0.0005192226583064435	0.0005275756843824855	0.0005204108618203734	0.0005166367120955839	0.000541874898652262	0.0005409158079498482	
1.3894954943731388e-05
	0.0008491350446428577	0.0	0.0	0.0	0.0	0.0008495907738095237	0.0008136160714285723	0.0008670386904761914	0.0008613095238095248	0.0008563988095238105	0.0008433965773809526	0.0008351934523809536	0.0008531994047619054	0.0008554315476190487	0.0008297619047619054	0.0008547433035714287	0.0008544642857142868	0.0008767857142857155	0.0008459821428571433	0.0008417410714285724	0.000848809523809524	0.0008501488095238105	0.000853348214285715	0.0008636160714285723	0.0008281250000000007	
	0.000401373076863954	0.0	0.0	0.0	0.0	0.0004095143668774859	0.0004075022195838623	0.00041066926971427534	0.00039756869869420845	0.00043566653495989016	0.0004029639089869733	0.00038203266107221984	0.00043224633629432535	0.00040136125203627426	0.00040948392857618777	0.00040439169015796055	0.00042691481348383674	0.00042200859247869683	0.00039826291276344494	0.0003849223839719	0.0003964846939646918	0.0004004905270705451	0.00040186596007516553	0.00041887410192084174	0.00037799435183214966	
1.9306977288832496e-05
	0.0012559337797619055	0.0	0.0	0.0	0.0	0.0012460379464285729	0.0012212053571428586	0.0012619791666666678	0.0012610119047619056	0.0012399553571428583	0.001253087797619049	0.0012626488095238103	0.0012615327380952391	0.0012409970238095246	0.0012471726190476206	0.0012854910714285728	0.0012768601190476206	0.0012876488095238101	0.001303720238095239	0.00127373511904762	0.0012391183035714297	0.0012535714285714296	0.0012310267857142867	0.0012441964285714296	0.0012276785714285727	
	0.00048697724037742747	0.0	0.0	0.0	0.0	0.0004779113414264947	0.0004799149882146347	0.0004739400471635025	0.0004752091590684342	0.000496206829839513	0.0004947569049953421	0.0004874563681489069	0.0005036333242964639	0.0004951680731264675	0.0005070561751736646	0.0004949991439217452	0.000501633069734673	0.0005051419454592521	0.0004961526663128987	0.0004902121416443569	0.0004888137349524305	0.0005081851556504476	0.0004904540728459861	0.000491810388274237	0.0004835929472246694	
2.6826957952797274e-05
	0.0016106770833333338	0.0	0.0	0.0	0.0	0.0015925595238095256	0.0015794642857142863	0.0016116815476190482	0.001583630952380953	0.0015954613095238096	0.0016181175595238115	0.001610267857142857	0.0016487351190476195	0.0016323660714285715	0.0015811011904761911	0.0016172991071428592	0.0016190476190476193	0.001633035714285715	0.0015774553571428573	0.0016396577380952385	0.001614732142857145	0.0016087053571428578	0.0016107886904761905	0.0016248511904761913	0.0016145833333333338	
	0.0005712996670485274	0.0	0.0	0.0	0.0	0.0005600942450707858	0.0005468970476605204	0.0005828718650043712	0.0005581981112906153	0.0005702184112273288	0.0005925217912003905	0.0005947892466920022	0.0006075862470111059	0.0005996978067960351	0.0005776281802253224	0.0005827757025347046	0.0005944727222171885	0.0006024364593050435	0.0005546127608457832	0.0005950606180728063	0.0005610184163742832	0.0005636253240636067	0.0005673916542091761	0.0005849401044315477	0.0005493119697989446	
3.727593720314938e-05
	0.002144470796130953	0.0	0.0	0.0	0.0	0.0021485863095238125	0.00212284226190476	0.0021969494047619034	0.002135863095238094	0.002138690476190475	0.002125818452380954	0.00207001488095238	0.0021747023809523796	0.002117633928571426	0.002140922619047617	0.002145442708333335	0.0021490327380952363	0.0021407738095238077	0.002135416666666665	0.002156547619047616	0.002158035714285716	0.002161830357142855	0.002159895833333332	0.0021689732142857127	0.002141443452380951	
	0.0006779311806419264	0.0	0.0	0.0	0.0	0.0006723530062120975	0.000687651566890162	0.0006695180149831455	0.0006956869270393909	0.0006562547409665669	0.0006758160511991211	0.0006649297141882303	0.0006967280180149306	0.0006845933137915153	0.0006722878648950487	0.0006767335633501715	0.0006667620781334232	0.0006789907884672724	0.0006664450763748345	0.0007090258656897614	0.0006983980256007698	0.0007023353346326757	0.0007050124617765778	0.0007032955551836721	0.0007006450699711633	
5.1794746792312125e-05
	0.0028098028273809516	0.0	0.0	0.0	0.0	0.0027787388392857175	0.002757961309523805	0.0028008184523809483	0.002815401785714281	0.0027407738095238062	0.0028181361607142884	0.002822842261904757	0.0028203124999999956	0.0027810267857142808	0.0028483630952380904	0.002798493303571431	0.002802380952380948	0.0028218005952380916	0.002775297619047615	0.002794494047619044	0.0028438430059523844	0.00285052083333333	0.00281755952380952	0.002866145833333328	0.002841145833333329	
	0.0005491784821690787	0.0	0.0	0.0	0.0	0.0005435150357079761	0.0005677557290410328	0.0005502434173984969	0.000537319071426368	0.0005551519934465366	0.0005450412905113059	0.0005607195826843233	0.0005542801452866322	0.0005737771878932846	0.0005153472547836434	0.0005610830920463652	0.0005928521937245609	0.0005424459507873404	0.0005623796206853403	0.0005819694674650115	0.0005685862210307392	0.0005657677085744174	0.0005977910097819587	0.000549656883196206	0.0005893925440157848	
7.196856730011514e-05
	0.0034549897693452367	0.0	0.0	0.0	0.0	0.0034451264880952398	0.0034047619047618974	0.0034491071428571353	0.003461681547619039	0.0034649553571428496	0.0034543154761904797	0.0034340029761904677	0.0034925595238095163	0.003432291666666659	0.0034584077380952318	0.0035032366071428593	0.0035110863095238025	0.003490104166666659	0.00349136904761904	0.003520386904761898	0.003417280505952383	0.003422916666666659	0.0034223214285714204	0.0034354166666666587	0.0033884672619047536	
	0.000479315533601833	0.0	0.0	0.0	0.0	0.00046374888329453294	0.0004538736826461224	0.0004552358177540041	0.0005158861826053623	0.00047252383577692545	0.0004907475920304357	0.0004955617496824893	0.0005251568002266217	0.00045645341503418725	0.000524868979178274	0.0005102281266755054	0.000529864352930092	0.0005092295878184663	0.000526817471971169	0.0005200706788687391	0.00047440236418016065	0.0005054975634318011	0.00048761479602958414	0.00044659034767198784	0.0005083975023012592	
0.0001
	0.004098186383928571	0.0	0.0	0.0	0.0	0.0040875558035714295	0.004081919642857139	0.004115476190476187	0.00409285714285714	0.004059970238095234	0.00407568824404762	0.004070907738095234	0.004118005952380951	0.004090624999999997	0.004023214285714283	0.004128664434523812	0.004131919642857142	0.004164657738095235	0.004095758928571426	0.004122321428571426	0.004100837053571429	0.004126488095238093	0.004117336309523804	0.004099553571428569	0.004059970238095234	
	0.0005413471927444216	0.0	0.0	0.0	0.0	0.0005462582001735459	0.00055751974658354	0.000616370305061838	0.0005258003799359814	0.0005443673475358464	0.00056240299017864	0.0005994364634429652	0.0005670371430190577	0.0005774974186045378	0.0005435029053862284	0.0005347409406007087	0.0005446383897894513	0.0005805739302446044	0.0005286118814706454	0.0005238795061137864	0.0005485198922774849	0.000529865559682712	0.0005651533235932017	0.0005969362680917198	0.0005429599699631919	
0.00013894954943731373
	0.004832542782738094	0.0	0.0	0.0	0.0	0.004813653273809523	0.004809449404761907	0.004845386904761907	0.0048030505952380955	0.0047967261904761915	0.004834598214285713	0.004821056547619048	0.00490625	0.004810565476190477	0.004800520833333334	0.004840792410714285	0.004818898809523809	0.004848511904761907	0.00484717261904762	0.004848586309523811	0.004841127232142856	0.00487700892857143	0.004841815476190475	0.004826339285714286	0.004819345238095238	
	0.0004117105919390826	0.0	0.0	0.0	0.0	0.00039906056780767416	0.0004345611950343311	0.0004024655018683756	0.0004403494893486669	0.00039955395938617714	0.0004375830948253882	0.00043466498364081997	0.00047179777322283985	0.0004350364667824512	0.0004753141874460407	0.0004109167297455089	0.0004116347141972596	0.00045826812789883774	0.0004325755153671829	0.0004120498162415548	0.00043975223428047866	0.0004247924248928983	0.0004615381058104339	0.0004627067214746196	0.00047560636608651646	
0.00019306977288832496
	0.005983737909226192	0.0	0.0	0.0	0.0	0.006033351934523806	0.00599285714285715	0.006100446428571434	0.006042485119047627	0.005997619047619054	0.005950632440476187	0.005909226190476199	0.006027083333333338	0.005899702380952385	0.005966517857142864	0.005966164434523805	0.005959523809523817	0.006006026785714293	0.005915550595238101	0.005983556547619054	0.005984802827380948	0.005986160714285722	0.005965401785714293	0.006005208333333337	0.005982440476190482	
	0.00042038867488059314	0.0	0.0	0.0	0.0	0.00042989125993953296	0.00040353595306045993	0.00043486130280650414	0.0004427757864278918	0.0004954425096458997	0.0004283639977044062	0.00043653635876532985	0.0004612213337361032	0.0004207246588818727	0.0004669160552803582	0.0004354477622363476	0.00041373747163691465	0.00044405026833795665	0.00046924898446271357	0.00048175879052791536	0.0004538555543131097	0.0004676295423990235	0.0005159520678565668	0.000463678035432778	0.00044829881064451	
0.00026826957952797245
	0.007163560267857145	0.0	0.0	0.0	0.0	0.0071401041666666635	0.007149925595238102	0.007193750000000006	0.007142633928571432	0.007074107142857149	0.00713303571428571	0.007095833333333341	0.0072175595238095315	0.007092782738095245	0.007125967261904769	0.007170591517857138	0.007177827380952389	0.007211681547619054	0.007117038690476199	0.007175818452380958	0.007210509672619041	0.0071958333333333405	0.007207961309523817	0.007206770833333339	0.007231473214285718	
	0.00040250251182855215	0.0	0.0	0.0	0.0	0.00042033364766162046	0.0003847310806294191	0.00044728392759354053	0.00047684073092491285	0.0004396881020972128	0.00039007773100645986	0.0003976005295356345	0.00039629546398803713	0.0004248910687751621	0.0004229384285833103	0.00041423845068514295	0.0004025098192841777	0.0004043400465416668	0.0004591851828452529	0.0004734043598969695	0.0004538025591211031	0.00047054712664242157	0.00046546399369181926	0.00046220756122913366	0.0004825732997825852	
0.0003727593720314938
	0.00858348679315476	0.0	0.0	0.0	0.0	0.00856300223214285	0.00854412202380953	0.008620535714285721	0.008599032738095244	0.008488318452380957	0.008584709821428565	0.008555877976190484	0.008676413690476196	0.008541666666666671	0.008564880952380956	0.008613578869047615	0.008618526785714292	0.008693005952380959	0.008588095238095242	0.008554687500000005	0.008572656249999993	0.008636830357142862	0.008561309523809528	0.008602678571428577	0.008489806547619052	
	0.0003447948473303749	0.0	0.0	0.0	0.0	0.000344698239123179	0.00036136441153901806	0.0004099314809698519	0.0004264127037778057	0.0003539208658969522	0.00037334725720063335	0.00040379272343731194	0.00035115255451283135	0.00041504507475720884	0.0004326669596670491	0.00040083737425171526	0.00042565286536466946	0.00044551719969005847	0.0003594917795571424	0.0004918111143185992	0.0003484265965050652	0.0003504853585823096	0.00037019434097797785	0.0003848385188448948	0.00038841837770788745	
0.0005179474679231213
	0.01018650483630952	0.0	0.0	0.0	0.0	0.01013052455357142	0.010117187500000005	0.010206770833333335	0.010116815476190475	0.010081324404761907	0.010177529761904752	0.010148437500000003	0.010306101190476194	0.01018757440476191	0.010068005952380955	0.010221354166666658	0.010228869047619047	0.010290848214285723	0.010143526785714289	0.010222172619047622	0.010216610863095232	0.0102624255952381	0.010222991071428574	0.010238988095238098	0.010142038690476193	
	0.00034437722687388213	0.0	0.0	0.0	0.0	0.00037058090766015273	0.0003738954777889277	0.00036442696628545925	0.0004496739673826026	0.00042760955246552257	0.0003514720432727098	0.00039203095196566957	0.0003688549864479192	0.0003895309864359701	0.00040251988699268714	0.00036331217447254467	0.0003648087859769313	0.00044883101704448086	0.00043373361701180884	0.00033554818612409196	0.0003739966870693992	0.0004066760436604491	0.0004445579671008969	0.0003952829988745584	0.00040898578571686223	
0.0007196856730011514
	0.012129594494047628	0.0	0.0	0.0	0.0	0.012086867559523809	0.012046279761904767	0.012124925595238102	0.012162797619047623	0.012013467261904772	0.012137927827380953	0.012084970238095245	0.012279836309523815	0.012070758928571432	0.012116145833333338	0.012162295386904762	0.012103422619047623	0.012207589285714294	0.012133630952380956	0.012204538690476198	0.012131287202380946	0.012105357142857147	0.012113913690476196	0.012184747023809527	0.012121130952380958	
	0.00030006930861855733	0.0	0.0	0.0	0.0	0.0003299420105418293	0.0004041041464898843	0.00043240261285301424	0.00039652514062249873	0.0002477044932740732	0.0003921045556279889	0.0004459264040752404	0.00041609421374059515	0.00038447503589437136	0.00047261919403897686	0.00029978719012740084	0.0004365983683832854	0.0003832514100199925	0.00034678752906240477	0.0002881467806885227	0.0003314288356802925	0.0004192961777209073	0.0004134611027459713	0.0003435555665976109	0.000359739413976242	
0.001
	0.014107682291666685	0.0	0.0	0.0	0.0	0.014062183779761908	0.014027901785714298	0.014173437500000012	0.014106770833333341	0.013940625000000009	0.014111123511904765	0.014006770833333338	0.014258705357142864	0.014046056547619057	0.014132961309523826	0.014109077380952382	0.01408593750000001	0.0141639136904762	0.01405014880952382	0.014136309523809535	0.014148344494047624	0.01420260416666668	0.014202380952380966	0.014075669642857148	0.014112723214285723	
	0.0003471611553166068	0.0	0.0	0.0	0.0	0.0003483582864872781	0.00042489891239151	0.00038971413785252333	0.0004598171243923249	0.00033702232983560964	0.00037373819269376815	0.00038072553147431106	0.00044690872616060694	0.0004120794000077972	0.0004719194448385648	0.0004063290661028955	0.00046978370644454353	0.0004623635531877483	0.00042184379346242297	0.00045158662052386663	0.0003972102521808262	0.0004011456058987479	0.0004118773699345841	0.0004731975618956332	0.0004744416886152059	
0.0013894954943731374
	0.01674268973214283	0.0	0.0	0.0	0.0	0.016663876488095225	0.016703571428571436	0.016734821428571432	0.016712946428571428	0.016504166666666667	0.01676458333333332	0.01668236607142858	0.01690245535714286	0.016688318452380956	0.016785193452380952	0.016808240327380937	0.016818824404761908	0.016894494047619047	0.01667373511904762	0.01684590773809524	0.016734058779761894	0.016745163690476187	0.016679761904761906	0.016783110119047616	0.016728199404761904	
	0.0003349437973930916	0.0	0.0	0.0	0.0	0.0003191449893166187	0.00040093801116477466	0.0004303914109059676	0.00030120896652964264	0.00040117336493818173	0.00036929887647719686	0.0004069628222656449	0.0004705299079959349	0.00038924991103604146	0.0003580261043147794	0.00035491842033989545	0.0004820209292938201	0.0004193023303861869	0.0003679634447389876	0.000344739744803495	0.0003828281638161455	0.00044646505927275993	0.0004186065334075699	0.0004071892283034104	0.00045179243541685894	
0.0019306977288832496
	0.019635551525297595	0.0	0.0	0.0	0.0	0.019597879464285702	0.019544196428571418	0.01968958333333332	0.019709598214285712	0.019448139880952373	0.019625985863095215	0.019523288690476173	0.01974918154761904	0.01960974702380952	0.019621726190476186	0.019695386904761882	0.019709151785714283	0.019713467261904753	0.0196830357142857	0.01967589285714285	0.01962295386904759	0.01974903273809523	0.019523511904761898	0.019657589285714275	0.01956168154761904	
	0.0002711915410134672	0.0	0.0	0.0	0.0	0.0003111574517212122	0.00034865156838196466	0.0004019352951280496	0.00039039336244282554	0.00038813435710902323	0.00029558127537797097	0.0003531683060581546	0.0003621544227772773	0.0003976970716793764	0.0003747757147686934	0.00032343654790177904	0.0004030210630064241	0.00039195415167730594	0.0004443949215517882	0.00038545662483618394	0.00031170665976872585	0.00043016108461570456	0.00037315782519878815	0.0003607065504828314	0.0003075730238663257	
0.0026826957952797246
	0.022993470982142883	0.0	0.0	0.0	0.0	0.02297933407738097	0.02293519345238095	0.02309144345238095	0.023018452380952382	0.02287224702380952	0.022980561755952398	0.022885639880952383	0.02322730654761905	0.022905729166666666	0.022903571428571436	0.02304752604166668	0.023016666666666664	0.023059077380952378	0.02304196428571429	0.023072395833333335	0.022966462053571453	0.02301956845238095	0.022909226190476195	0.02301882440476191	0.022918229166666665	
	0.0002682246067885764	0.0	0.0	0.0	0.0	0.0002958842138103218	0.00039303275098630236	0.000407079658500477	0.0003655133909638941	0.000330219205504082	0.00032948267477572735	0.00039061040930800047	0.00040193287786593416	0.00043759363495286417	0.0004317522093030798	0.0003522677545370785	0.00042480508568949835	0.0004574552407227789	0.00045368778093781857	0.00038504116343033505	0.00032387290195440554	0.0003522378402606179	0.0004395634093318294	0.0003410227714633325	0.0004261883004171819	
0.003727593720314938
	0.026868331473214362	0.0	0.0	0.0	0.0	0.026772247023809575	0.02673705357142858	0.026964955357142852	0.026780729166666666	0.02660625000000001	0.02692505580357149	0.02683824404761906	0.027139285714285706	0.026859970238095235	0.02686272321428572	0.026870907738095293	0.02678831845238095	0.02700907738095238	0.026867187500000004	0.02681904761904762	0.026905115327381008	0.027135193452380944	0.026837872023809526	0.026914434523809525	0.026732961309523816	
	0.00022972154712293724	0.0	0.0	0.0	0.0	0.00023708978727014288	0.00030796205554793236	0.00032580016926378154	0.00039092364575834295	0.0003158817866643455	0.00022162965940236335	0.00034723024367151864	0.0003359018283149177	0.0003193113623691423	0.0002963446020538454	0.00031161909926690786	0.0004065226237806199	0.00030547152057029805	0.00045553427562610674	0.00039844216155959355	0.00033223090996152327	0.0004013943544263904	0.0004256911534963321	0.0004422870895059522	0.0003670828811977458	
0.005179474679231208
	0.031341820126488125	0.0	0.0	0.0	0.0	0.031282273065476214	0.031155729166666646	0.031522470238095214	0.03133370535714283	0.031117187499999994	0.03132944568452384	0.031194419642857123	0.031606770833333304	0.031253422619047594	0.03126316964285713	0.0314061011904762	0.03146145833333331	0.031436309523809505	0.03123511904761903	0.03149151785714284	0.03134946056547621	0.031407440476190464	0.031338913690476165	0.03134999999999999	0.03130148809523808	
	0.00015268184191306227	0.0	0.0	0.0	0.0	0.0002010663459783035	0.00028465477573644124	0.00039184627679925675	0.00031382518236108543	0.00028593610599637615	0.00027900745826355645	0.00037906419296524353	0.0003280734103299798	0.00040236595557957837	0.00038113181838260246	0.0002296792537459839	0.0004169166182688281	0.0003546704475232878	0.0002864732138992122	0.0003614846757638137	0.00026387347551388166	0.00035858744919902395	0.0003393366597742287	0.00042374569497441813	0.0003717269351187704	
0.007196856730011514
	0.03647825985863082	0.0	0.0	0.0	0.0	0.03638716517857135	0.03640744047619041	0.036497619047619	0.03644598214285708	0.036197619047618985	0.036476767113095165	0.03638102678571421	0.0367258928571428	0.036341071428571375	0.03645907738095234	0.036535918898809444	0.03647656249999995	0.036713541666666606	0.03643794642857137	0.036515624999999934	0.036513188244047555	0.036646800595238026	0.03644813988095233	0.03657529761904755	0.03638251488095232	
	0.00014441333338729363	0.0	0.0	0.0	0.0	0.00020926872017029176	0.00032060790019290106	0.00031701297692183936	0.00036271664371338166	0.000283983628733922	0.00024958525979458827	0.0003468542914928504	0.00037909006407372094	0.00040068276192210887	0.00031764908279893826	0.0002306718541154044	0.0004294644210659604	0.00036685199760235924	0.00030617938325783374	0.00035819135525762627	0.00020984767060467537	0.0003755260815818194	0.0002817306711541154	0.00027946032377129725	0.0003144906216860373	
0.01
	0.04238909040178572	0.0	0.0	0.0	0.0	0.04229347098214284	0.04220491071428569	0.042496056547619045	0.04233392857142856	0.04213898809523807	0.04235342261904762	0.042244196428571405	0.0425738095238095	0.04229389880952378	0.04230178571428571	0.04249213169642858	0.042542633928571404	0.04263348214285711	0.04234761904761904	0.042444791666666655	0.042417336309523795	0.04254709821428567	0.04240476190476189	0.04247135416666665	0.04224613095238093	
	0.00017477712127184265	0.0	0.0	0.0	0.0	0.00019780621837773223	0.00033478640689856476	0.0002702986959565092	0.00038261715392751296	0.00036397982118851937	0.00025459263962978446	0.00039382346995697504	0.0003536717167273515	0.0003757522983535508	0.0003488358692106648	0.00025084386494935926	0.0003530529159691012	0.0003019374574477842	0.0003280601720323953	0.0003914917820858581	0.00029816145467463656	0.0003656562277713237	0.0003733342989806336	0.00041751975408182713	0.0004283078047909594	
0.013894954943731374
	0.04904003906250014	0.0	0.0	0.0	0.0	0.04899707961309533	0.04905461309523814	0.04909360119047624	0.04898482142857147	0.048855282738095286	0.049005301339285816	0.04889025297619051	0.049259672619047665	0.0489788690476191	0.04889241071428577	0.04912433035714296	0.04905773809523813	0.04925617559523812	0.049060416666666704	0.04912299107142862	0.04903344494047631	0.049148139880952416	0.0489337797619048	0.049102008928571465	0.048949851190476235	
	0.0001944770510081431	0.0	0.0	0.0	0.0	0.00025495941491798834	0.00038904644195704376	0.000411319968339592	0.0003422122764226197	0.0003782447504503869	0.00021150946160883622	0.0003298691715285052	0.00035646016098841174	0.00032610414573818765	0.00034642655789179173	0.0002890592106587964	0.00039373369022838975	0.00034218183749029857	0.0003337975084448499	0.0003975175704666665	0.0002703054547008975	0.0003900563391977729	0.0004242169083101405	0.0003677648251227762	0.00033187629979547663	
0.019306977288832496
	0.05652223772321446	0.0	0.0	0.0	0.0	0.0565005208333335	0.056320758928571496	0.056751860119047676	0.0565835565476191	0.056345907738095294	0.05641687127976206	0.0562990327380953	0.05671651785714289	0.05633645833333338	0.05631547619047624	0.0566154389880954	0.056573214285714345	0.05682805059523813	0.0564554315476191	0.05660505952380959	0.05655611979166682	0.0567037202380953	0.056465252976190546	0.056593005952380995	0.056462500000000054	
	0.00013045511464669852	0.0	0.0	0.0	0.0	0.0001747752613444315	0.0003422325378835046	0.0002627963656235216	0.00033904365745421637	0.0003219394312397415	0.00023637396396069846	0.0003930154254213329	0.0003940483496072873	0.00036338432578417325	0.00032091990864106324	0.0001823709170843576	0.0003106532378793591	0.0003149122897837978	0.0002894172036224205	0.0003716764449729556	0.00023577959588000285	0.00036065927601918314	0.00030436623637955496	0.00034477965636644506	0.0004272585763330782	
0.026826957952797246
	0.06491182570684516	0.0	0.0	0.0	0.0	0.06483913690476185	0.06472373511904757	0.06504479166666662	0.06496785714285709	0.06462016369047614	0.06495636160714276	0.06483236607142852	0.06521688988095233	0.0649417410714285	0.06483444940476184	0.06496006324404754	0.06486294642857138	0.06508311011904756	0.06493311011904755	0.06496108630952376	0.06489174107142849	0.06500022321428567	0.06483459821428565	0.0649024553571428	0.06482968749999996	
	0.00015464158526702016	0.0	0.0	0.0	0.0	0.00026036872167062037	0.00042919205873339993	0.00039077842791852694	0.0004813070080644058	0.00025664730594510186	0.00023747403733293738	0.00040192968237461496	0.0003494369956155513	0.0003561306107008821	0.0003967743371478383	0.00023505069670413405	0.00031006738127562134	0.0003356288297417379	0.0002974252438189911	0.00033851910737236996	0.00019917164225618324	0.0002658352196856033	0.0003075043672519796	0.0003531859248132284	0.0003839537254702679	
0.03727593720314938
	0.07422052641369026	0.0	0.0	0.0	0.0	0.07416984747023789	0.0742284226190475	0.07427738095238082	0.07418593749999987	0.07398764880952365	0.07425691964285693	0.0740427827380951	0.07466011904761889	0.0742164434523808	0.07410833333333317	0.07423874627976167	0.07425758928571415	0.0743181547619046	0.07410007440476177	0.07427916666666654	0.07421659226190454	0.0743309523809522	0.07413705357142844	0.07433883928571415	0.07405952380952364	
	0.00011817443288577375	0.0	0.0	0.0	0.0	0.00021319182110718778	0.000334822089946431	0.00037125661966239343	0.000310284530855499	0.00037942039895608024	0.00023601131247862756	0.00031783294122963437	0.0003898137551142775	0.00032658494441092884	0.00030307027815671696	0.00020851398965259543	0.0003925681262370043	0.00031074963309248927	0.00027153176598326633	0.0003827665890026899	0.00021005113307660938	0.0002594597213627586	0.00031235572775124094	0.000354170293098687	0.0003744416963101946	
0.05179474679231207
	0.08437512555803568	0.0	0.0	0.0	0.0	0.08433701636904756	0.08417083333333329	0.08464144345238095	0.08440014880952379	0.08413563988095231	0.0843623325892857	0.08422291666666665	0.08465431547619044	0.08436361607142853	0.08420848214285713	0.08442023809523808	0.08437715773809522	0.08447321428571425	0.0843874255952381	0.08444315476190471	0.0843809151785714	0.08454427083333328	0.08425714285714285	0.08442477678571426	0.0842974702380952	
	8.503091017319569e-05	0.0	0.0	0.0	0.0	0.00015605469387446083	0.0002948731588522703	0.00031401338654911035	0.0003358194121538743	0.0002889906334944446	0.00018817822337081997	0.00031069030279410627	0.0002762071125300236	0.00028789933054281083	0.0003229932567718462	0.0001927857353691445	0.00036419720350619824	0.00029083259628973757	0.0003633092488082624	0.00031348311203188435	0.00013681882573953426	0.00031908978994852065	0.00026863317643608666	0.0002482159919327414	0.00026363546467447616	
0.07196856730011514
	0.09533070126488122	0.0	0.0	0.0	0.0	0.0952567336309526	0.09522373511904778	0.09551956845238112	0.09525111607142873	0.09503251488095253	0.09537114955357166	0.09520438988095256	0.0956500000000002	0.09533869047619067	0.095291517857143	0.09532537202380978	0.0952764880952383	0.09545446428571445	0.09524032738095252	0.0953302083333335	0.09536954985119069	0.09554531250000017	0.09533519345238115	0.09533839285714302	0.09525930059523825	
	0.00010096477309101028	0.0	0.0	0.0	0.0	0.00015827385167204193	0.00029412703051285617	0.0003136652823899593	0.0002438652251965372	0.00024406464308000377	0.0001657533505000559	0.00028084383661964587	0.00033677081327816065	0.0003106716996107897	0.0002713846347976598	0.00017622487089627995	0.0003260628905200125	0.0003354911951889599	0.000298294991336715	0.0002757510744228594	0.0001925570773564867	0.00028925514126916854	0.00037059177507875403	0.00027793814903612777	0.00026268574583462043	
0.1
	0.10701482979910752	0.0	0.0	0.0	0.0	0.10690695684523843	0.10680736607142882	0.10718705357142885	0.10693824404761935	0.10669516369047652	0.10702591145833368	0.10698623511904791	0.10719903273809554	0.10697247023809554	0.10694590773809554	0.10707408854166699	0.10705171130952412	0.1071404017857146	0.10701934523809552	0.10708489583333362	0.10705236235119081	0.10712976190476217	0.10707604166666697	0.10705305059523841	0.10695059523809554	
	9.017106582073686e-05	0.0	0.0	0.0	0.0	0.00017862954395970242	0.00022896618133922235	0.0003468462711030122	0.00031845220710942194	0.00032398828012218623	0.00012799662987601206	0.00021430902909292044	0.0002881062006750608	0.0002378765736975023	0.000307461336546824	0.00016194113635328237	0.00031865801417433205	0.000304741786111058	0.00029046593677015147	0.0002962620570784485	0.0001467743610200215	0.00025661277967652725	0.0002721627741716845	0.00029911474056035627	0.00024858411589872117	
0.1389495494373136
	0.11914385230654813	0.0	0.0	0.0	0.0	0.1190905133928575	0.1190766369047622	0.11924627976190501	0.11911063988095266	0.1189284970238098	0.1191400669642861	0.11898846726190498	0.11939092261904788	0.11906845238095268	0.11911242559523834	0.11917953869047658	0.11915163690476215	0.11930148809523833	0.11913891369047644	0.11912611607142878	0.11916529017857186	0.11925520833333356	0.11909107142857168	0.1191956101190479	0.11911927083333361	
	7.465308380587986e-05	0.0	0.0	0.0	0.0	0.00012952427668984007	0.000308371072049266	0.00024328127173181728	0.00024384338552478686	0.0002588948839778373	0.0001511691180985267	0.00023174049618007774	0.0002967567866443806	0.0002675719794892211	0.0002528237132395568	0.00016059100123558273	0.00026421691444149215	0.0002452547996217764	0.00018018309477326673	0.00034980308991862423	0.00011905274007769544	0.00015092690045197078	0.0002466475099284754	0.00022959806189790902	0.00027755131451163235	
0.19306977288832497
	0.13148847656249962	0.0	0.0	0.0	0.0	0.13141519717261882	0.13131004464285703	0.13147232142857132	0.1315257440476189	0.13135267857142843	0.1314894159226188	0.13140751488095223	0.13165788690476182	0.1314450892857142	0.1314471726190475	0.1315332403273807	0.1315025297619046	0.13155811011904753	0.13143928571428556	0.13163303571428558	0.1315160528273807	0.13160357142857132	0.13152433035714273	0.13147261904761892	0.1314636904761904	
	5.735232923878602e-05	0.0	0.0	0.0	0.0	0.00011591316435030002	0.00021748628997128158	0.00016778291957015077	0.00024090239701597978	0.0002050933217361141	0.00011908325969699108	0.0002554074023168118	0.0002526511830324747	0.00019367798200692397	0.00020939937711338883	0.00011274206099565781	0.00018857378658635872	0.00017915407488678503	0.0002297925031284944	0.0001894733879820967	0.0001533156576182568	0.00026398717251679044	0.00026450679374264037	0.00022727404344404043	0.00022525918477602825	
0.2682695795279722
	0.14368709077380926	0.0	0.0	0.0	0.0	0.14366231398809473	0.14358154761904726	0.14376927083333296	0.14370959821428533	0.1435888392857139	0.1436682849702376	0.14363794642857106	0.1438121279761901	0.14358898809523768	0.14363407738095202	0.1436972098214281	0.14369516369047589	0.14375483630952343	0.1436127976190473	0.1437260416666663	0.1437205543154757	0.14377968749999964	0.14372916666666627	0.14374419642857109	0.14362916666666634	
	4.728492409582225e-05	0.0	0.0	0.0	0.0	0.0001104871945467703	0.00015323920379104957	0.0001725726827356843	0.0001887275135696603	0.00021948930584060375	8.751602347426337e-05	0.0002515083906293852	0.00015689078145701574	0.00021326465980533625	0.00019409286145460644	0.00010494688143046495	0.0002211276602211143	0.00018814116153620391	0.00019131060260610942	0.00019210347021366843	0.00010676480722010796	0.00022245940061594316	0.00018295887372744369	0.0001885542921506697	0.00020690309442648799	
0.3727593720314938
	0.15538741629464276	0.0	0.0	0.0	0.0	0.15535200892857107	0.15527730654761873	0.15541354166666638	0.15543444940476164	0.1552827380952378	0.1554154203869043	0.15539620535714255	0.15548809523809493	0.15540156249999965	0.15537581845238066	0.15538850446428532	0.15535409226190444	0.15542619047619025	0.1553615327380949	0.15541220238095213	0.15539373139880913	0.15550751488095205	0.1553936755952378	0.1553831101190473	0.15529062499999968	
	4.263150292179085e-05	0.0	0.0	0.0	0.0	7.000570824484617e-05	0.00016103399430927555	0.00017954064848555983	0.00017465618875514685	0.00015958529265591226	7.586189671431242e-05	0.0001543493564141715	0.00015133679821904006	0.00010693237944816058	0.0002078695012016729	0.00010016188201847793	0.0001760314931096112	0.00018467249913663207	0.00018121323677616538	0.00020647368350440334	9.873854801312658e-05	0.00018520104515799918	0.00022397599449820754	0.00016034750985779384	0.00019464012667371583	
0.5179474679231213
	0.1661987630208335	0.0	0.0	0.0	0.0	0.1661750186011903	0.16615148809523797	0.16620572916666657	0.16621108630952366	0.16613177083333316	0.16617494419642845	0.16613876488095222	0.16625677083333312	0.16617046130952373	0.1661337797619046	0.16622133556547602	0.16622790178571417	0.16623355654761904	0.1662340029761904	0.16618988095238083	0.16622375372023795	0.16627418154761897	0.16623005952380943	0.16622991071428564	0.16616086309523798	
	4.506040394805918e-05	0.0	0.0	0.0	0.0	8.499251954661455e-05	0.00015678557587131908	0.00011546039276604122	0.0001598767895659233	0.00015800195880310118	8.290837725540836e-05	0.00016546998438707886	0.000149590750679501	0.00015538074889642357	0.00013826070559334923	9.234566397989729e-05	0.00012717384577126407	0.00012451207297101686	0.00015372976348234762	0.00019822043015644352	7.517129564354096e-05	0.00015076587902483287	0.00016655628519528912	0.0001590553851335023	0.00015208515339974055	
0.7196856730011514
	0.17576374627976168	0.0	0.0	0.0	0.0	0.17574386160714298	0.1757418898809525	0.17579025297619053	0.1757482142857144	0.1756950892857143	0.17575628720238115	0.17573950892857154	0.17582380952380966	0.1757520089285715	0.1757098214285715	0.17579371279761924	0.17579263392857153	0.1758221726190477	0.17576034226190487	0.17579970238095258	0.17576112351190484	0.17579337797619055	0.17573363095238106	0.17578273809523817	0.1757347470238097	
	2.545964007742628e-05	0.0	0.0	0.0	0.0	5.113669915460292e-05	9.588429975157318e-05	0.000127057737782952	0.00011930088387292304	0.00010463267360657296	4.6448763042006024e-05	0.00011537846890723522	0.00013057168689845506	0.00011671972967989077	0.0001089291813019431	5.6408428316585927e-05	0.00013000496448119177	0.00012702355151267413	0.00011389395765450108	0.00012196563290873173	5.602484651282909e-05	9.057602501239594e-05	0.00010225607521212713	0.0001470679336622289	9.651548134642251e-05	
1.0
	0.1838007998511903	0.0	0.0	0.0	0.0	0.183790569196429	0.18377946428571465	0.18383058035714314	0.18379843750000022	0.1837537946428574	0.183802604166667	0.18376049107142886	0.18385252976190503	0.18377849702380983	0.18381889880952418	0.1837979910714289	0.18378638392857172	0.18382686011904792	0.18381465773809555	0.18376406250000035	0.18381203497023846	0.18383787202380977	0.18379761904761932	0.1838128720238098	0.1837997767857146	
	2.6381226513144447e-05	0.0	0.0	0.0	0.0	3.7122631225200474e-05	7.857311957053851e-05	9.2061303858617e-05	8.789495336090694e-05	0.0001080660714679173	4.5703757148337556e-05	8.739468805251477e-05	9.794323619113635e-05	9.642010292215073e-05	9.638917938045042e-05	3.908959519473911e-05	0.00010097274478918372	8.492060956852709e-05	7.297544551445805e-05	0.00010601801342156201	4.900750073666377e-05	0.00010146062612654439	9.047447719239488e-05	7.557945472883616e-05	9.46652285722715e-05	
1.389495494373136
	0.19014396856398813	0.0	0.0	0.0	0.0	0.19013846726190523	0.19013221726190518	0.1901580357142861	0.1901267113095243	0.19013690476190515	0.19013962053571476	0.19012418154761945	0.19016726190476235	0.19013839285714326	0.19012864583333375	0.1901463169642862	0.19011540178571465	0.19018087797619085	0.19013690476190517	0.19015208333333386	0.19015146949404807	0.1901763392857147	0.19015342261904794	0.19011979166666707	0.19015632440476227	
	1.803476849417442e-05	0.0	0.0	0.0	0.0	3.297505810088538e-05	6.53924738752709e-05	7.34471109284713e-05	7.123691580589522e-05	9.25004117629154e-05	4.097831707424084e-05	7.88855062005261e-05	8.361241533252103e-05	7.96680106552597e-05	7.644338865086956e-05	3.629246235690381e-05	7.110265582067558e-05	6.525212778403993e-05	6.729662899497386e-05	7.48056166286409e-05	3.8491436755510415e-05	7.770080415276007e-05	7.149349108337179e-05	7.159887930782736e-05	8.025887537588693e-05	
1.9306977288832496
	0.19472141927083333	0.0	0.0	0.0	0.0	0.19472222842261966	0.1947219494047624	0.19473325892857188	0.1947197916666671	0.19471391369047666	0.19472293526785775	0.19472916666666712	0.19473296130952425	0.19470729166666711	0.19472232142857185	0.19471901041666723	0.19471755952381004	0.1947208333333338	0.19470907738095286	0.19472857142857183	0.19472150297619106	0.19473571428571476	0.1947238839285719	0.19471287202380994	0.19471354166666713	
	1.3611941439622956e-05	0.0	0.0	0.0	0.0	3.247898361156556e-05	5.811774003440122e-05	4.7061526559392174e-05	5.6928347062459075e-05	6.218586909173094e-05	3.094818310343246e-05	6.836174123294864e-05	5.7649479815768196e-05	4.782808471343153e-05	5.32436649884111e-05	2.401617560088146e-05	4.9841416952365435e-05	4.9454041687504026e-05	5.3986282258140195e-05	5.5665304896464294e-05	2.718229076035481e-05	4.404208861678516e-05	5.152705697960166e-05	4.771248505908491e-05	5.0993052650845616e-05	
2.682695795279722
	0.1975924711681549	0.0	0.0	0.0	0.0	0.19758725818452433	0.19759218750000052	0.19758281250000045	0.19759017857142908	0.19758385416666716	0.19759959077381012	0.19759873511904813	0.19760178571428616	0.19759032738095283	0.19760751488095293	0.19758967633928637	0.19759494047619094	0.19759040178571471	0.19758430059523852	0.19758906250000058	0.1975933593750006	0.19759241071428624	0.19760290178571474	0.19760104166666714	0.19757708333333376	
	1.1652744872972496e-05	0.0	0.0	0.0	0.0	2.076736906244471e-05	3.541142980992696e-05	3.675181018209685e-05	3.810192231169374e-05	4.6682154807296286e-05	2.1167991306174712e-05	3.829359457239063e-05	4.535005334547221e-05	3.438144136721219e-05	4.3964652498320445e-05	1.9875343734654488e-05	3.801959566062185e-05	3.354532728683707e-05	3.9455646297207816e-05	3.597537563388899e-05	2.3100768950018462e-05	4.8214974642329784e-05	3.722774433022019e-05	3.911851143009582e-05	4.083350687180494e-05	
3.727593720314938
	0.19922851562500002	0.0	0.0	0.0	0.0	0.19922578124999996	0.19922202380952386	0.1992312499999999	0.19923095238095237	0.19921889880952381	0.19923056175595247	0.19922842261904758	0.19924084821428575	0.19922909226190472	0.1992238839285715	0.19922875744047613	0.19922663690476186	0.19923459821428566	0.19922678571428581	0.1992270089285714	0.19922896205357146	0.19922418154761906	0.19923645833333326	0.1992287946428572	0.19922641369047622	
	7.829007724429465e-06	0.0	0.0	0.0	0.0	1.3563520761570489e-05	2.065774216864651e-05	2.5185324997572318e-05	2.8653466051748397e-05	3.223332451777277e-05	1.4053257879556882e-05	2.5262580777253004e-05	2.814831563794787e-05	2.7103051593519355e-05	3.1128323918208016e-05	1.3882221862050606e-05	2.840313468271601e-05	3.28580223580852e-05	2.8285163760213243e-05	2.9007266840333472e-05	1.7191455317469914e-05	3.227323165346393e-05	2.8544288945487077e-05	2.9684143204370494e-05	2.712877614198372e-05	
5.179474679231202
	0.19998556547619042	0.0	0.0	0.0	0.0	0.19998552827380967	0.19998526785714296	0.1999851190476192	0.19998653273809536	0.19998519345238117	0.19998550967261933	0.199986160714286	0.19998519345238114	0.19998422619047634	0.19998645833333348	0.19998549107142874	0.19998593750000013	0.19998563988095255	0.19998444940476195	0.19998593750000015	0.19998573288690497	0.19998764880952397	0.19998415178571444	0.19998556547619056	0.1999855654761906	
	1.3021165493419216e-06	0.0	0.0	0.0	0.0	3.0358145845661058e-06	7.09620179611576e-06	5.197693213215417e-06	5.719495547906651e-06	5.947263425076414e-06	2.5592020535755548e-06	4.660851119996004e-06	5.919271756848823e-06	5.342655675906955e-06	5.216829804456729e-06	3.3045264867401666e-06	5.286928251020998e-06	5.924880670048319e-06	5.862887505318021e-06	5.796412709322642e-06	2.6201280618918712e-06	4.528310730570495e-06	6.50392959110468e-06	5.784461823019857e-06	6.8128113941513045e-06	
7.196856730011514
	0.1999999906994049	0.0	0.0	0.0	0.0	0.1999999627976188	0.19999999999999965	0.1999999255952379	0.19999999999999965	0.1999999255952378	0.19999999999999965	0.1999999999999998	0.19999999999999973	0.19999999999999976	0.1999999999999997	0.19999999999999982	0.1999999999999998	0.19999999999999965	0.19999999999999965	0.19999999999999962	0.19999999999999968	0.1999999999999998	0.1999999999999998	0.19999999999999973	0.19999999999999957	
	3.479964085340938e-08	0.0	0.0	0.0	0.0	1.3919856355729927e-07	4.844918385503685e-16	4.006819052938491e-07	4.4037291681804416e-16	4.0068190534315654e-07	3.81037319354512e-16	4.043813692684653e-16	5.456871342337035e-16	5.232005760339329e-16	5.047649870082797e-16	3.8927132956896243e-16	5.035170482507378e-16	4.956268199362406e-16	3.980127607154467e-16	5.127900497022837e-16	3.1507978174849735e-16	4.926647248633112e-16	5.055275107125463e-16	5.658099635823047e-16	6.148136713008271e-16	
10.0
	0.1999999999999998	0.0	0.0	0.0	0.0	0.19999999999999993	0.20000000000000007	0.20000000000000004	0.19999999999999993	0.19999999999999998	0.19999999999999996	0.20000000000000012	0.19999999999999996	0.2000000000000003	0.19999999999999976	0.1999999999999998	0.19999999999999984	0.19999999999999996	0.19999999999999993	0.20000000000000037	0.19999999999999984	0.20000000000000018	0.19999999999999998	0.20000000000000012	0.19999999999999998	
	2.7574574195154507e-16	0.0	0.0	0.0	0.0	4.0285443605231793e-16	7.241492976298165e-16	6.302003122806059e-16	5.892206473878912e-16	5.8035043609395175e-16	5.895691955682627e-16	5.803504360939516e-16	6.510048417860597e-16	6.398447843382613e-16	5.591215865739187e-16	4.412467312565465e-16	6.409074336742473e-16	7.063598593676739e-16	5.89743392409283e-16	6.65285187183746e-16	4.62639183907108e-16	7.241670279180638e-16	7.076673962198142e-16	7.526829029816934e-16	6.224514010578348e-16	
13.89495494373136
	0.20000000000000012	0.0	0.0	0.0	0.0	0.2	0.20000000000000026	0.20000000000000007	0.1999999999999998	0.1999999999999999	0.1999999999999997	0.19999999999999987	0.20000000000000018	0.2	0.2000000000000001	0.19999999999999973	0.1999999999999999	0.20000000000000026	0.20000000000000015	0.19999999999999987	0.20000000000000012	0.19999999999999982	0.19999999999999998	0.2	0.19999999999999976	
	8.096988527442411e-16	0.0	0.0	0.0	0.0	7.264859544133514e-16	7.635894648937703e-16	7.788724243520592e-16	6.824899829422658e-16	8.0687133943439885e-16	6.44363885505669e-16	7.17594808368411e-16	8.358991469212593e-16	7.601684158881808e-16	8.381387280449239e-16	6.627715305562247e-16	6.819818487588616e-16	7.4957185275500425e-16	8.09429235952478e-16	7.115755911443048e-16	7.029890637341129e-16	8.400972847755096e-16	8.34669430702764e-16	7.457767017499999e-16	8.006252829032581e-16	
19.306977288832496
	0.2	0.0	0.0	0.0	0.0	0.20000000000000012	0.20000000000000007	0.20000000000000004	0.19999999999999987	0.20000000000000023	0.19999999999999996	0.20000000000000023	0.19999999999999996	0.20000000000000007	0.20000000000000015	0.19999999999999984	0.19999999999999987	0.19999999999999968	0.2	0.1999999999999997	0.2000000000000002	0.1999999999999998	0.20000000000000004	0.20000000000000015	0.20000000000000034	
	6.65227286788761e-16	0.0	0.0	0.0	0.0	7.728652874112149e-16	8.033629092117243e-16	8.601840533093199e-16	7.756843389501285e-16	7.927606571043008e-16	7.732804983531842e-16	8.723084784033881e-16	7.954930682248561e-16	8.657337334063728e-16	8.168505671170455e-16	8.283694825693481e-16	8.213962369756368e-16	7.492463281124516e-16	8.102536636404188e-16	7.642113558015122e-16	7.358281762966574e-16	8.18750276932096e-16	9.048062227682378e-16	8.574481538281752e-16	8.314636569551565e-16	
26.82695795279722
	0.19999999999999993	0.0	0.0	0.0	0.0	0.20000000000000007	0.19999999999999993	0.2000000000000001	0.20000000000000026	0.20000000000000012	0.19999999999999993	0.20000000000000032	0.20000000000000004	0.20000000000000023	0.1999999999999999	0.20000000000000015	0.19999999999999998	0.19999999999999984	0.19999999999999993	0.19999999999999993	0.19999999999999957	0.19999999999999993	0.2000000000000001	0.20000000000000018	0.20000000000000007	
	5.259663270702626e-16	0.0	0.0	0.0	0.0	8.065371026904049e-16	8.128641001547386e-16	8.640413668582471e-16	8.161114708794116e-16	8.731176496442609e-16	7.811275730940507e-16	8.240960238484285e-16	8.427371632319517e-16	8.576577659103298e-16	8.296240136303599e-16	7.821131819649322e-16	7.676311130906033e-16	7.389275869574392e-16	8.559794320208168e-16	7.843426434723115e-16	6.785656424430141e-16	8.855870100788559e-16	8.126903319193578e-16	8.399750087709648e-16	8.005290558301873e-16	
37.27593720314938
	0.19999999999999998	0.0	0.0	0.0	0.0	0.20000000000000004	0.19999999999999982	0.20000000000000023	0.2000000000000002	0.2000000000000001	0.2	0.20000000000000012	0.19999999999999998	0.19999999999999996	0.19999999999999993	0.1999999999999999	0.19999999999999996	0.20000000000000015	0.20000000000000026	0.2000000000000003	0.20000000000000012	0.19999999999999993	0.19999999999999998	0.20000000000000018	0.2000000000000001	
	6.577544395191481e-16	0.0	0.0	0.0	0.0	7.342036174665886e-16	8.762149924707563e-16	8.300108316403327e-16	8.645464544393918e-16	9.14278378829944e-16	8.103328913306844e-16	8.472045630626851e-16	8.782494538535878e-16	7.73695486468338e-16	7.806671964428229e-16	8.54958836178543e-16	8.119316353183857e-16	8.035067364312833e-16	8.067121963509722e-16	7.830975503465843e-16	7.788394541137497e-16	7.372053657157908e-16	8.459002139760168e-16	8.260101583101654e-16	8.310002652583736e-16	
51.79474679231202
	0.19999999999999998	0.0	0.0	0.0	0.0	0.1999999999999999	0.20000000000000007	0.2000000000000002	0.19999999999999996	0.19999999999999993	0.19999999999999987	0.20000000000000007	0.2000000000000001	0.1999999999999999	0.20000000000000007	0.19999999999999982	0.19999999999999993	0.1999999999999999	0.2000000000000001	0.20000000000000032	0.20000000000000018	0.20000000000000007	0.20000000000000004	0.2000000000000002	0.2000000000000002	
	6.321734753952543e-16	0.0	0.0	0.0	0.0	8.116153024138253e-16	8.236596643498363e-16	8.195966602764695e-16	7.632530966712491e-16	7.854223072463593e-16	7.680825870729645e-16	8.36037376806214e-16	7.921125531232517e-16	8.081751306533284e-16	8.004007350702335e-16	8.012344526598182e-16	7.228182865100807e-16	7.909770933476361e-16	7.670287344105256e-16	8.665786772794902e-16	7.703693222062035e-16	7.75386336290397e-16	9.194178436328313e-16	8.338075502523749e-16	8.173219812149885e-16	
71.96856730011514
	0.19999999999999982	0.0	0.0	0.0	0.0	0.19999999999999987	0.19999999999999987	0.19999999999999987	0.2	0.19999999999999993	0.1999999999999998	0.19999999999999973	0.1999999999999999	0.19999999999999996	0.19999999999999993	0.20000000000000007	0.19999999999999984	0.2000000000000003	0.20000000000000026	0.20000000000000007	0.19999999999999976	0.19999999999999998	0.1999999999999999	0.20000000000000012	0.1999999999999998	
	5.501861767854796e-16	0.0	0.0	0.0	0.0	7.861412593299638e-16	8.361448731401108e-16	8.244387157170286e-16	8.703338937789695e-16	7.855694191562707e-16	7.536205285598536e-16	6.603455296094579e-16	8.354382154569745e-16	7.698858354877143e-16	7.632026286514451e-16	8.275786169845292e-16	7.106547611535318e-16	7.426021416228737e-16	8.660154729624146e-16	8.166304807417408e-16	6.668273431407302e-16	8.424171567031435e-16	7.504107119923746e-16	8.098732628384006e-16	8.367128386236956e-16	
100.0
	0.19999999999999987	0.0	0.0	0.0	0.0	0.2000000000000001	0.2000000000000002	0.19999999999999996	0.19999999999999982	0.1999999999999997	0.19999999999999973	0.1999999999999999	0.1999999999999998	0.20000000000000007	0.20000000000000034	0.19999999999999984	0.19999999999999998	0.19999999999999976	0.19999999999999968	0.20000000000000012	0.20000000000000004	0.2	0.19999999999999996	0.20000000000000012	0.20	
	7.464650370312832e-16	0.0	0.0	0.0	0.0	8.470075228811181e-16	8.363444725324121e-16	8.737644471028937e-16	8.276561862389793e-16	6.907923581564193e-16	7.309787984413739e-16	8.341924283437221e-16	8.137639412496151e-16	8.543879722085352e-16	7.734963199591683e-16	7.827695650958319e-16	9.11197694552779e-16	7.803710966042014e-16	6.945182318256768e-16	8.218806660102283e-16	8.57118659844127e-16	8.151984709733555e-16	8.065052633953373e-16	7.849644494334056e-16	8.774011154372132e-16	
