1	16	18	22	25	26	29	46	48	77	88	105	108	109	154	183	308	326	387	422	455	466	474	-1	-1	-1	-1	-1	-1
3	4	5	7	8	13	17	21	23	25	51	71	81	87	94	106	395	435	469	507	-1	-1	-1	-1	-1	-1	-1	-1	-1
4	10	12	15	19	23	24	25	27	30	36	44	62	66	82	85	117	127	198	256	266	316	-1	-1	-1	-1	-1	-1	-1
4	5	6	8	11	12	24	25	27	29	84	110	113	313	334	352	360	-1	-1	-1	-1	-1	-1	-1	-1	-1	-1	-1	-1
0	2	6	7	9	21	26	30	31	84	169	283	320	374	440	-1	-1	-1	-1	-1	-1	-1	-1	-1	-1	-1	-1	-1	-1
0	1	3	4	13	23	27	42	43	45	48	54	191	398	461	-1	-1	-1	-1	-1	-1	-1	-1	-1	-1	-1	-1	-1	-1
2	5	7	10	11	12	16	22	24	28	49	98	107	111	155	163	263	427	-1	-1	-1	-1	-1	-1	-1	-1	-1	-1	-1
9	11	13	15	16	21	22	24	25	29	30	32	58	77	93	95	108	115	125	151	198	234	263	302	329	390	-1	-1	-1
1	7	9	18	22	26	35	57	120	420	431	439	476	-1	-1	-1	-1	-1	-1	-1	-1	-1	-1	-1	-1	-1	-1	-1	-1
3	10	11	22	26	40	43	46	56	102	125	264	-1	-1	-1	-1	-1	-1	-1	-1	-1	-1	-1	-1	-1	-1	-1	-1	-1
0	3	5	23	27	31	42	102	116	122	123	436	-1	-1	-1	-1	-1	-1	-1	-1	-1	-1	-1	-1	-1	-1	-1	-1	-1
3	10	22	27	29	198	243	342	375	443	-1	-1	-1	-1	-1	-1	-1	-1	-1	-1	-1	-1	-1	-1	-1	-1	-1	-1	-1
3	4	5	10	15	21	22	24	39	62	71	99	122	163	176	247	320	-1	-1	-1	-1	-1	-1	-1	-1	-1	-1	-1	-1
0	2	18	19	20	27	28	42	43	74	118	124	241	285	405	412	413	416	457	469	-1	-1	-1	-1	-1	-1	-1	-1	-1
6	8	11	23	29	37	50	56	75	77	87	110	115	123	125	194	372	382	-1	-1	-1	-1	-1	-1	-1	-1	-1	-1	-1
0	5	11	14	19	28	31	128	193	401	497	-1	-1	-1	-1	-1	-1	-1	-1	-1	-1	-1	-1	-1	-1	-1	-1	-1	-1
0	4	19	22	23	24	25	31	51	65	91	124	162	209	218	247	257	337	390	451	485	-1	-1	-1	-1	-1	-1	-1	-1
1	4	7	8	9	14	19	23	28	34	41	46	72	75	90	121	247	289	322	346	421	-1	-1	-1	-1	-1	-1	-1	-1
7	15	23	28	29	51	76	78	98	121	224	228	291	328	479	-1	-1	-1	-1	-1	-1	-1	-1	-1	-1	-1	-1	-1	-1
4	9	15	17	20	23	30	33	35	36	48	117	330	-1	-1	-1	-1	-1	-1	-1	-1	-1	-1	-1	-1	-1	-1	-1	-1
0	1	3	11	22	24	29	38	41	64	94	99	119	203	251	261	470	-1	-1	-1	-1	-1	-1	-1	-1	-1	-1	-1	-1
0	3	9	15	17	18	31	32	47	84	150	185	197	198	278	306	334	362	378	-1	-1	-1	-1	-1	-1	-1	-1	-1	-1
7	12	13	19	29	31	42	45	83	85	97	99	134	170	172	196	221	236	237	241	409	455	-1	-1	-1	-1	-1	-1	-1
2	6	13	17	27	66	101	106	117	144	281	293	440	495	-1	-1	-1	-1	-1	-1	-1	-1	-1	-1	-1	-1	-1	-1	-1
1	25	64	82	103	117	197	287	-1	-1	-1	-1	-1	-1	-1	-1	-1	-1	-1	-1	-1	-1	-1	-1	-1	-1	-1	-1	-1
18	20	21	24	37	53	73	75	76	120	121	194	230	284	437	-1	-1	-1	-1	-1	-1	-1	-1	-1	-1	-1	-1	-1	-1
1	8	14	16	18	20	100	107	109	121	175	356	360	434	-1	-1	-1	-1	-1	-1	-1	-1	-1	-1	-1	-1	-1	-1	-1
9	10	14	22	23	57	70	74	92	106	109	123	139	164	306	497	-1	-1	-1	-1	-1	-1	-1	-1	-1	-1	-1	-1	-1
1	4	9	13	16	19	21	27	57	61	64	70	81	114	117	123	181	193	232	379	-1	-1	-1	-1	-1	-1	-1	-1	-1
2	5	7	8	13	19	30	47	49	53	84	87	91	92	122	125	231	245	294	-1	-1	-1	-1	-1	-1	-1	-1	-1	-1
9	12	16	17	22	25	44	52	234	463	-1	-1	-1	-1	-1	-1	-1	-1	-1	-1	-1	-1	-1	-1	-1	-1	-1	-1	-1
1	4	7	23	60	71	73	76	78	99	101	253	266	320	324	365	-1	-1	-1	-1	-1	-1	-1	-1	-1	-1	-1	-1	-1
9	15	35	40	42	70	71	74	109	116	228	239	247	444	450	-1	-1	-1	-1	-1	-1	-1	-1	-1	-1	-1	-1	-1	-1
31	38	45	57	80	116	124	228	331	387	403	465	489	-1	-1	-1	-1	-1	-1	-1	-1	-1	-1	-1	-1	-1	-1	-1	-1
4	22	39	45	53	56	58	59	67	80	82	97	101	118	134	194	442	-1	-1	-1	-1	-1	-1	-1	-1	-1	-1	-1	-1
14	23	44	51	66	71	77	90	194	249	510	-1	-1	-1	-1	-1	-1	-1	-1	-1	-1	-1	-1	-1	-1	-1	-1	-1	-1
15	24	28	35	41	42	46	47	54	56	73	78	183	292	301	346	362	402	-1	-1	-1	-1	-1	-1	-1	-1	-1	-1	-1
0	7	16	25	34	36	38	47	57	70	72	95	99	103	106	120	203	265	268	342	420	-1	-1	-1	-1	-1	-1	-1	-1
19	32	33	34	42	49	50	53	54	57	60	62	85	89	117	125	140	196	210	221	354	356	406	417	462	-1	-1	-1	-1
26	40	41	46	50	51	54	57	62	73	113	119	296	328	-1	-1	-1	-1	-1	-1	-1	-1	-1	-1	-1	-1	-1	-1	-1
11	24	27	32	34	35	39	46	48	52	53	54	75	105	107	113	124	371	424	431	432	455	478	-1	-1	-1	-1	-1	-1
31	32	39	43	44	53	55	57	58	66	75	90	123	196	202	208	234	323	330	407	-1	-1	-1	-1	-1	-1	-1	-1	-1
28	35	39	55	59	60	61	63	71	72	81	94	118	121	276	310	371	398	464	470	504	-1	-1	-1	-1	-1	-1	-1	-1
7	20	23	34	35	40	41	54	56	62	91	95	177	188	348	381	432	480	-1	-1	-1	-1	-1	-1	-1	-1	-1	-1	-1
3	36	38	45	52	59	61	70	72	85	89	97	124	169	236	290	-1	-1	-1	-1	-1	-1	-1	-1	-1	-1	-1	-1	-1
35	50	54	63	64	69	81	114	187	289	340	-1	-1	-1	-1	-1	-1	-1	-1	-1	-1	-1	-1	-1	-1	-1	-1	-1	-1
1	11	25	40	41	60	61	95	105	127	222	393	429	493	-1	-1	-1	-1	-1	-1	-1	-1	-1	-1	-1	-1	-1	-1	-1
6	14	41	44	50	59	61	62	63	66	154	223	314	454	459	-1	-1	-1	-1	-1	-1	-1	-1	-1	-1	-1	-1	-1	-1
7	12	30	33	35	37	38	39	44	46	51	52	54	56	61	74	116	126	134	226	250	356	-1	-1	-1	-1	-1	-1	-1
0	36	40	51	52	54	55	61	302	379	436	-1	-1	-1	-1	-1	-1	-1	-1	-1	-1	-1	-1	-1	-1	-1	-1	-1	-1
7	38	44	47	55	60	72	117	408	422	-1	-1	-1	-1	-1	-1	-1	-1	-1	-1	-1	-1	-1	-1	-1	-1	-1	-1	-1
9	39	42	44	45	47	54	85	89	121	165	189	508	-1	-1	-1	-1	-1	-1	-1	-1	-1	-1	-1	-1	-1	-1	-1	-1
14	35	36	37	41	48	55	59	161	333	418	466	484	-1	-1	-1	-1	-1	-1	-1	-1	-1	-1	-1	-1	-1	-1	-1	-1
13	24	25	37	39	41	51	52	60	62	67	83	95	154	194	236	280	301	-1	-1	-1	-1	-1	-1	-1	-1	-1	-1	-1
4	11	17	25	26	34	37	56	57	58	59	62	78	88	89	101	122	142	265	436	488	-1	-1	-1	-1	-1	-1	-1	-1
11	32	34	38	50	54	63	81	96	107	140	279	294	315	327	363	-1	-1	-1	-1	-1	-1	-1	-1	-1	-1	-1	-1	-1
8	16	20	33	36	38	44	46	57	58	59	61	63	111	294	443	490	502	-1	-1	-1	-1	-1	-1	-1	-1	-1	-1	-1
6	11	33	37	40	41	42	50	55	60	142	177	199	255	263	290	308	385	413	438	490	-1	-1	-1	-1	-1	-1	-1	-1
0	33	34	63	79	89	91	116	118	130	156	294	298	-1	-1	-1	-1	-1	-1	-1	-1	-1	-1	-1	-1	-1	-1	-1	-1
1	19	34	35	42	49	53	64	65	106	146	148	161	202	296	327	380	412	439	478	-1	-1	-1	-1	-1	-1	-1	-1	-1
26	28	32	33	39	46	49	67	70	93	111	161	228	374	-1	-1	-1	-1	-1	-1	-1	-1	-1	-1	-1	-1	-1	-1	-1
22	47	51	52	60	87	406	421	-1	-1	-1	-1	-1	-1	-1	-1	-1	-1	-1	-1	-1	-1	-1	-1	-1	-1	-1	-1	-1
14	15	31	40	42	49	64	70	76	120	228	294	359	413	-1	-1	-1	-1	-1	-1	-1	-1	-1	-1	-1	-1	-1	-1	-1
8	34	38	40	44	45	50	54	60	62	75	116	164	187	222	367	411	435	502	-1	-1	-1	-1	-1	-1	-1	-1	-1	-1
18	24	37	42	49	55	67	69	71	72	75	82	86	91	93	100	107	110	116	127	152	159	209	247	321	441	471	-1	-1
13	26	45	69	74	80	82	86	95	106	107	114	194	-1	-1	-1	-1	-1	-1	-1	-1	-1	-1	-1	-1	-1	-1	-1	-1
27	36	70	76	77	78	84	90	211	265	303	401	483	497	-1	-1	-1	-1	-1	-1	-1	-1	-1	-1	-1	-1	-1	-1	-1
3	5	10	29	61	64	75	77	80	84	86	95	233	241	277	298	300	411	475	495	506	-1	-1	-1	-1	-1	-1	-1	-1
32	47	62	66	74	78	80	82	90	94	260	297	334	421	444	496	-1	-1	-1	-1	-1	-1	-1	-1	-1	-1	-1	-1	-1
21	32	46	75	80	84	92	93	95	97	104	115	122	177	208	302	445	466	507	-1	-1	-1	-1	-1	-1	-1	-1	-1	-1
6	24	48	54	66	68	77	84	87	88	90	99	137	160	213	222	249	294	439	468	471	-1	-1	-1	-1	-1	-1	-1	-1
0	15	32	45	48	53	61	63	67	77	82	83	86	87	117	123	124	180	200	215	324	466	467	488	-1	-1	-1	-1	-1
16	25	46	81	84	88	90	93	185	204	269	417	434	455	506	-1	-1	-1	-1	-1	-1	-1	-1	-1	-1	-1	-1	-1	-1
23	60	66	69	72	81	86	92	94	101	117	236	322	374	378	472	-1	-1	-1	-1	-1	-1	-1	-1	-1	-1	-1	-1	-1
30	66	75	80	81	87	90	93	95	175	267	375	428	482	491	508	-1	-1	-1	-1	-1	-1	-1	-1	-1	-1	-1	-1	-1
5	16	19	35	44	59	61	66	67	69	77	80	85	91	92	103	107	110	217	238	276	289	352	401	457	-1	-1	-1	-1
7	20	55	63	75	88	90	106	117	200	438	511	-1	-1	-1	-1	-1	-1	-1	-1	-1	-1	-1	-1	-1	-1	-1	-1	-1
17	42	68	73	75	87	94	122	215	339	475	-1	-1	-1	-1	-1	-1	-1	-1	-1	-1	-1	-1	-1	-1	-1	-1	-1	-1
5	69	70	72	81	86	89	103	104	108	127	234	311	319	427	459	-1	-1	-1	-1	-1	-1	-1	-1	-1	-1	-1	-1	-1
31	41	62	65	81	88	91	99	106	114	164	258	264	361	411	-1	-1	-1	-1	-1	-1	-1	-1	-1	-1	-1	-1	-1	-1
6	13	26	65	81	89	91	92	95	99	141	144	295	309	312	357	438	477	-1	-1	-1	-1	-1	-1	-1	-1	-1	-1	-1
2	7	44	45	48	68	74	80	85	95	101	107	111	374	480	506	-1	-1	-1	-1	-1	-1	-1	-1	-1	-1	-1	-1	-1
29	33	56	65	68	72	88	92	100	117	118	166	-1	-1	-1	-1	-1	-1	-1	-1	-1	-1	-1	-1	-1	-1	-1	-1	-1
30	50	67	76	77	80	81	84	94	95	103	107	119	416	-1	-1	-1	-1	-1	-1	-1	-1	-1	-1	-1	-1	-1	-1	-1
24	29	40	66	74	85	87	93	103	105	108	109	114	129	157	158	191	201	281	322	349	380	477	496	-1	-1	-1	-1	-1
6	13	16	49	64	73	74	75	77	87	115	368	431	439	450	467	501	-1	-1	-1	-1	-1	-1	-1	-1	-1	-1	-1	-1
47	64	73	77	83	91	93	94	100	109	301	315	365	406	474	494	500	-1	-1	-1	-1	-1	-1	-1	-1	-1	-1	-1	-1
18	20	22	54	63	65	66	80	85	89	95	116	117	126	194	210	214	-1	-1	-1	-1	-1	-1	-1	-1	-1	-1	-1	-1
5	20	22	26	55	65	71	128	142	200	335	-1	-1	-1	-1	-1	-1	-1	-1	-1	-1	-1	-1	-1	-1	-1	-1	-1	-1
1	44	50	72	74	79	80	84	87	117	122	204	328	361	421	462	-1	-1	-1	-1	-1	-1	-1	-1	-1	-1	-1	-1	-1
43	57	62	70	74	80	82	84	89	96	99	106	107	119	151	201	240	298	299	322	376	389	419	511	-1	-1	-1	-1	-1
27	60	66	81	88	93	95	127	167	242	305	308	-1	-1	-1	-1	-1	-1	-1	-1	-1	-1	-1	-1	-1	-1	-1	-1	-1
7	9	29	39	46	72	76	85	86	97	113	168	200	208	216	288	-1	-1	-1	-1	-1	-1	-1	-1	-1	-1	-1	-1	-1
40	42	56	65	69	71	79	91	94	95	122	131	144	160	233	239	290	313	426	455	503	-1	-1	-1	-1	-1	-1	-1	-1
31	37	62	70	76	77	79	81	83	84	90	91	93	103	146	184	268	341	401	-1	-1	-1	-1	-1	-1	-1	-1	-1	-1
68	69	71	73	75	80	81	83	93	266	286	-1	-1	-1	-1	-1	-1	-1	-1	-1	-1	-1	-1	-1	-1	-1	-1	-1	-1
6	12	46	56	78	98	99	100	101	105	118	122	154	194	232	302	325	354	405	468	-1	-1	-1	-1	-1	-1	-1	-1	-1
14	15	41	98	99	100	102	103	108	111	112	115	123	126	282	424	455	-1	-1	-1	-1	-1	-1	-1	-1	-1	-1	-1	-1
14	49	52	63	95	102	104	115	117	118	144	400	459	-1	-1	-1	-1	-1	-1	-1	-1	-1	-1	-1	-1	-1	-1	-1	-1
29	62	97	106	108	111	114	116	120	161	296	439	463	-1	-1	-1	-1	-1	-1	-1	-1	-1	-1	-1	-1	-1	-1	-1	-1
22	38	47	65	83	86	106	109	119	123	125	170	257	-1	-1	-1	-1	-1	-1	-1	-1	-1	-1	-1	-1	-1	-1	-1	-1
23	28	30	47	97	106	109	115	121	124	135	159	379	-1	-1	-1	-1	-1	-1	-1	-1	-1	-1	-1	-1	-1	-1	-1	-1
8	15	25	36	47	87	90	91	101	110	112	113	191	207	271	320	-1	-1	-1	-1	-1	-1	-1	-1	-1	-1	-1	-1	-1
2	19	45	62	78	97	99	100	104	107	111	114	123	161	173	287	294	-1	-1	-1	-1	-1	-1	-1	-1	-1	-1	-1	-1
10	14	17	35	76	96	103	107	110	112	115	117	119	177	210	241	270	312	343	357	405	421	436	-1	-1	-1	-1	-1	-1
16	29	43	54	56	58	68	72	82	92	103	109	110	113	115	116	127	204	409	430	460	-1	-1	-1	-1	-1	-1	-1	-1
2	50	87	99	101	112	113	114	118	120	126	138	157	211	335	345	368	385	501	-1	-1	-1	-1	-1	-1	-1	-1	-1	-1
0	41	62	70	90	99	101	106	112	120	127	228	253	406	-1	-1	-1	-1	-1	-1	-1	-1	-1	-1	-1	-1	-1	-1	-1
96	97	102	112	115	119	120	121	127	213	247	338	364	456	-1	-1	-1	-1	-1	-1	-1	-1	-1	-1	-1	-1	-1	-1	-1
5	6	11	31	43	68	88	200	306	386	-1	-1	-1	-1	-1	-1	-1	-1	-1	-1	-1	-1	-1	-1	-1	-1	-1	-1	-1
7	10	50	67	77	95	100	102	104	126	297	302	389	-1	-1	-1	-1	-1	-1	-1	-1	-1	-1	-1	-1	-1	-1	-1	-1
42	49	96	99	112	124	126	177	308	365	-1	-1	-1	-1	-1	-1	-1	-1	-1	-1	-1	-1	-1	-1	-1	-1	-1	-1	-1
37	59	66	71	83	93	97	99	101	103	105	109	115	119	125	157	224	277	304	381	396	501	-1	-1	-1	-1	-1	-1	-1
9	19	20	22	32	43	44	56	62	89	97	98	101	102	103	115	119	172	259	-1	-1	-1	-1	-1	-1	-1	-1	-1	-1
13	16	19	22	35	58	74	92	105	109	111	112	113	122	123	124	127	153	160	399	442	453	-1	-1	-1	-1	-1	-1	-1
74	96	99	102	104	108	120	121	123	124	156	164	215	226	290	299	399	496	-1	-1	-1	-1	-1	-1	-1	-1	-1	-1	-1
33	44	101	103	108	113	115	121	123	126	127	129	200	246	327	375	423	-1	-1	-1	-1	-1	-1	-1	-1	-1	-1	-1	-1
11	23	24	31	97	105	110	111	118	121	122	127	174	197	207	255	448	-1	-1	-1	-1	-1	-1	-1	-1	-1	-1	-1	-1
7	17	37	39	42	49	57	79	96	103	104	106	109	113	116	120	189	240	241	332	465	468	470	-1	-1	-1	-1	-1	-1
21	26	29	42	49	64	114	117	124	159	311	386	398	422	496	504	-1	-1	-1	-1	-1	-1	-1	-1	-1	-1	-1	-1	-1
11	14	19	66	77	96	98	103	114	122	150	261	342	494	-1	-1	-1	-1	-1	-1	-1	-1	-1	-1	-1	-1	-1	-1	-1
6	8	33	37	59	82	101	102	105	110	112	116	119	125	126	215	229	279	329	332	429	486	-1	-1	-1	-1	-1	-1	-1
5	42	48	62	78	90	96	99	108	115	116	117	120	127	292	297	305	367	424	430	475	-1	-1	-1	-1	-1	-1	-1	-1
45	48	62	88	99	105	106	111	115	118	120	121	122	199	236	245	351	486	505	-1	-1	-1	-1	-1	-1	-1	-1	-1	-1
1	21	32	41	58	97	110	119	125	213	250	342	493	-1	-1	-1	-1	-1	-1	-1	-1	-1	-1	-1	-1	-1	-1	-1	-1
0	6	40	73	94	96	100	101	102	104	118	122	123	126	362	463	-1	-1	-1	-1	-1	-1	-1	-1	-1	-1	-1	-1	-1
5	13	23	45	96	99	100	106	108	109	110	114	121	123	124	127	159	182	190	200	219	362	413	-1	-1	-1	-1	-1	-1
0	1	76	99	103	111	120	124	129	299	344	498	-1	-1	-1	-1	-1	-1	-1	-1	-1	-1	-1	-1	-1	-1	-1	-1	-1
120	136	141	143	146	148	159	190	208	219	225	237	251	289	318	375	403	420	443	-1	-1	-1	-1	-1	-1	-1	-1	-1	-1
120	128	136	144	145	149	153	155	164	190	215	235	290	359	388	-1	-1	-1	-1	-1	-1	-1	-1	-1	-1	-1	-1	-1	-1
9	20	24	61	131	137	140	149	154	170	198	204	206	222	299	350	425	471	-1	-1	-1	-1	-1	-1	-1	-1	-1	-1	-1
37	103	128	129	132	143	147	154	195	248	255	-1	-1	-1	-1	-1	-1	-1	-1	-1	-1	-1	-1	-1	-1	-1	-1	-1	-1
16	21	29	59	60	131	138	141	152	154	156	185	193	212	230	234	254	255	261	306	-1	-1	-1	-1	-1	-1	-1	-1	-1
135	143	145	147	149	176	210	367	375	440	-1	-1	-1	-1	-1	-1	-1	-1	-1	-1	-1	-1	-1	-1	-1	-1	-1	-1	-1
91	132	136	141	142	147	150	151	157	177	179	184	215	219	268	314	397	502	-1	-1	-1	-1	-1	-1	-1	-1	-1	-1	-1
6	83	129	130	150	153	154	163	172	205	455	501	-1	-1	-1	-1	-1	-1	-1	-1	-1	-1	-1	-1	-1	-1	-1	-1	-1
129	132	137	139	156	157	188	191	193	210	223	227	228	236	239	268	322	443	455	487	-1	-1	-1	-1	-1	-1	-1	-1	-1
18	39	107	128	129	136	145	147	148	167	168	179	191	214	215	247	253	260	352	390	-1	-1	-1	-1	-1	-1	-1	-1	-1
18	90	129	130	131	134	137	140	141	147	180	183	223	233	325	364	421	-1	-1	-1	-1	-1	-1	-1	-1	-1	-1	-1	-1
25	97	122	132	140	142	144	147	152	153	155	161	171	188	210	219	244	-1	-1	-1	-1	-1	-1	-1	-1	-1	-1	-1	-1
53	113	131	152	158	183	198	228	248	251	462	-1	-1	-1	-1	-1	-1	-1	-1	-1	-1	-1	-1	-1	-1	-1	-1	-1	-1
54	57	128	133	137	138	142	157	159	188	197	207	229	237	285	308	334	337	460	-1	-1	-1	-1	-1	-1	-1	-1	-1	-1
14	63	132	138	143	144	145	146	147	157	158	179	208	240	253	259	301	352	355	379	443	-1	-1	-1	-1	-1	-1	-1	-1
137	138	146	148	150	156	169	182	205	215	-1	-1	-1	-1	-1	-1	-1	-1	-1	-1	-1	-1	-1	-1	-1	-1	-1	-1	-1
70	129	130	140	143	145	149	150	151	176	197	218	247	312	-1	-1	-1	-1	-1	-1	-1	-1	-1	-1	-1	-1	-1	-1	-1
12	39	140	153	159	201	236	238	309	384	430	-1	-1	-1	-1	-1	-1	-1	-1	-1	-1	-1	-1	-1	-1	-1	-1	-1	-1
7	29	126	131	132	133	149	150	152	156	158	163	175	186	206	213	237	297	325	355	388	480	507	-1	-1	-1	-1	-1	-1
129	130	131	132	134	137	139	140	145	149	150	155	156	158	159	176	181	204	215	218	233	235	237	274	316	326	510	-1	-1
10	14	60	133	134	135	139	140	149	153	159	171	188	204	223	233	250	345	404	430	510	511	-1	-1	-1	-1	-1	-1	-1
124	128	148	159	165	171	247	302	332	412	413	480	-1	-1	-1	-1	-1	-1	-1	-1	-1	-1	-1	-1	-1	-1	-1	-1	-1
55	100	125	127	137	138	149	151	154	156	180	198	203	206	236	245	247	350	363	430	432	-1	-1	-1	-1	-1	-1	-1	-1
61	130	131	133	136	137	138	140	141	143	144	148	158	160	180	196	215	220	283	344	373	-1	-1	-1	-1	-1	-1	-1	-1
40	91	133	134	137	141	142	144	145	151	158	207	218	228	303	403	479	-1	-1	-1	-1	-1	-1	-1	-1	-1	-1	-1	-1
90	130	134	135	137	139	140	151	161	162	179	180	189	197	198	201	205	223	237	355	400	414	478	495	-1	-1	-1	-1	-1
63	79	85	131	135	138	140	153	155	156	157	166	206	222	249	254	511	-1	-1	-1	-1	-1	-1	-1	-1	-1	-1	-1	-1
22	116	133	134	138	139	141	143	144	148	153	156	177	195	222	238	253	269	276	291	307	343	344	351	425	449	-1	-1	-1
1	65	134	139	146	147	154	249	357	428	-1	-1	-1	-1	-1	-1	-1	-1	-1	-1	-1	-1	-1	-1	-1	-1	-1	-1	-1
134	138	146	147	151	159	177	181	183	187	207	320	-1	-1	-1	-1	-1	-1	-1	-1	-1	-1	-1	-1	-1	-1	-1	-1	-1
69	131	132	133	141	145	150	151	176	181	183	188	202	227	240	241	261	269	329	356	452	455	-1	-1	-1	-1	-1	-1	-1
57	116	128	129	130	137	140	141	142	143	147	151	152	155	158	199	217	228	280	330	335	363	487	-1	-1	-1	-1	-1	-1
86	130	133	154	165	166	167	174	177	180	183	190	198	208	209	224	233	385	391	483	494	-1	-1	-1	-1	-1	-1	-1	-1
9	15	47	131	156	162	164	165	176	184	188	202	209	216	250	353	377	415	490	-1	-1	-1	-1	-1	-1	-1	-1	-1	-1
22	91	146	160	170	172	173	179	182	188	193	280	321	334	444	-1	-1	-1	-1	-1	-1	-1	-1	-1	-1	-1	-1	-1	-1
3	48	128	159	165	171	172	177	181	182	190	191	199	217	267	405	488	-1	-1	-1	-1	-1	-1	-1	-1	-1	-1	-1	-1
151	152	163	166	172	181	182	224	234	394	420	450	501	-1	-1	-1	-1	-1	-1	-1	-1	-1	-1	-1	-1	-1	-1	-1	-1
129	130	137	144	154	160	164	167	168	174	179	183	184	186	190	216	217	219	226	242	245	278	304	-1	-1	-1	-1	-1	-1
35	45	77	97	109	128	160	161	164	165	178	183	204	247	265	271	286	349	462	-1	-1	-1	-1	-1	-1	-1	-1	-1	-1
132	160	169	170	174	175	179	185	186	189	190	203	208	210	226	300	361	-1	-1	-1	-1	-1	-1	-1	-1	-1	-1	-1	-1
47	131	160	162	163	171	190	191	250	252	268	317	500	-1	-1	-1	-1	-1	-1	-1	-1	-1	-1	-1	-1	-1	-1	-1	-1
126	176	183	206	308	370	399	408	429	472	-1	-1	-1	-1	-1	-1	-1	-1	-1	-1	-1	-1	-1	-1	-1	-1	-1	-1	-1
131	154	168	174	185	186	242	282	329	348	495	500	-1	-1	-1	-1	-1	-1	-1	-1	-1	-1	-1	-1	-1	-1	-1	-1	-1
124	147	160	161	164	173	189	213	222	321	367	-1	-1	-1	-1	-1	-1	-1	-1	-1	-1	-1	-1	-1	-1	-1	-1	-1	-1
59	135	164	168	170	175	187	202	205	254	307	-1	-1	-1	-1	-1	-1	-1	-1	-1	-1	-1	-1	-1	-1	-1	-1	-1	-1
61	143	159	160	164	165	171	172	175	181	184	187	188	190	218	241	250	293	438	457	463	-1	-1	-1	-1	-1	-1	-1	-1
136	148	153	162	168	175	177	179	180	186	193	201	204	220	235	249	252	341	359	496	-1	-1	-1	-1	-1	-1	-1	-1	-1
54	91	166	170	172	174	178	189	190	211	224	251	282	464	478	-1	-1	-1	-1	-1	-1	-1	-1	-1	-1	-1	-1	-1	-1
82	87	158	161	162	165	167	168	172	174	178	181	187	188	192	206	210	229	241	243	251	373	-1	-1	-1	-1	-1	-1	-1
52	107	160	161	162	164	169	171	178	182	188	199	230	236	245	249	320	321	429	-1	-1	-1	-1	-1	-1	-1	-1	-1	-1
98	142	146	165	174	175	184	186	187	188	202	214	217	237	322	-1	-1	-1	-1	-1	-1	-1	-1	-1	-1	-1	-1	-1	-1
37	119	129	147	161	170	171	173	178	186	190	240	245	247	390	-1	-1	-1	-1	-1	-1	-1	-1	-1	-1	-1	-1	-1	-1
141	158	160	163	166	170	173	178	182	187	191	204	388	-1	-1	-1	-1	-1	-1	-1	-1	-1	-1	-1	-1	-1	-1	-1	-1
6	12	108	153	163	169	170	173	178	234	238	337	433	468	-1	-1	-1	-1	-1	-1	-1	-1	-1	-1	-1	-1	-1	-1	-1
4	5	112	134	136	165	167	169	173	176	186	191	198	201	223	232	436	-1	-1	-1	-1	-1	-1	-1	-1	-1	-1	-1	-1
92	100	107	158	161	164	185	188	190	191	206	228	240	243	255	265	430	-1	-1	-1	-1	-1	-1	-1	-1	-1	-1	-1	-1
27	129	131	159	187	188	189	190	196	203	212	226	227	235	254	294	397	402	-1	-1	-1	-1	-1	-1	-1	-1	-1	-1	-1
14	95	122	132	136	147	148	152	174	181	182	188	217	221	222	235	236	249	342	423	456	500	-1	-1	-1	-1	-1	-1	-1
2	128	156	165	167	172	173	177	182	183	191	192	202	214	215	219	237	245	270	350	417	421	-1	-1	-1	-1	-1	-1	-1
133	150	160	166	186	189	191	193	196	200	273	326	378	439	443	-1	-1	-1	-1	-1	-1	-1	-1	-1	-1	-1	-1	-1	-1
136	141	147	163	169	171	172	174	175	176	181	208	220	234	243	249	253	367	385	386	476	498	-1	-1	-1	-1	-1	-1	-1
90	124	134	151	168	171	175	180	188	191	216	219	229	240	279	381	395	465	-1	-1	-1	-1	-1	-1	-1	-1	-1	-1	-1
26	109	162	167	168	172	178	179	181	186	188	189	191	255	431	-1	-1	-1	-1	-1	-1	-1	-1	-1	-1	-1	-1	-1	-1
54	116	159	162	165	168	169	171	177	182	188	203	206	241	252	319	339	351	394	470	-1	-1	-1	-1	-1	-1	-1	-1	-1
72	146	183	244	330	-1	-1	-1	-1	-1	-1	-1	-1	-1	-1	-1	-1	-1	-1	-1	-1	-1	-1	-1	-1	-1	-1	-1	-1
9	31	55	140	161	167	173	186	197	204	205	234	241	397	453	492	-1	-1	-1	-1	-1	-1	-1	-1	-1	-1	-1	-1	-1
5	13	50	60	84	122	128	131	190	203	207	210	212	213	220	222	332	-1	-1	-1	-1	-1	-1	-1	-1	-1	-1	-1	-1
24	37	94	165	179	184	190	194	196	201	203	207	230	237	241	404	481	-1	-1	-1	-1	-1	-1	-1	-1	-1	-1	-1	-1
137	142	183	184	199	206	211	212	215	223	225	235	391	419	469	483	-1	-1	-1	-1	-1	-1	-1	-1	-1	-1	-1	-1	-1
114	155	181	202	208	221	228	232	337	348	415	417	447	-1	-1	-1	-1	-1	-1	-1	-1	-1	-1	-1	-1	-1	-1	-1	-1
158	160	183	194	197	202	209	214	221	223	230	235	-1	-1	-1	-1	-1	-1	-1	-1	-1	-1	-1	-1	-1	-1	-1	-1	-1
154	156	169	192	195	203	204	210	214	218	219	221	222	223	234	238	250	272	276	-1	-1	-1	-1	-1	-1	-1	-1	-1	-1
19	59	125	147	156	165	205	207	213	215	217	221	223	240	255	274	333	337	369	-1	-1	-1	-1	-1	-1	-1	-1	-1	-1
81	162	174	200	206	218	220	283	293	-1	-1	-1	-1	-1	-1	-1	-1	-1	-1	-1	-1	-1	-1	-1	-1	-1	-1	-1	-1
26	38	141	147	198	199	218	220	228	231	364	374	409	499	-1	-1	-1	-1	-1	-1	-1	-1	-1	-1	-1	-1	-1	-1	-1
51	137	179	184	193	195	200	206	207	209	217	221	235	328	373	-1	-1	-1	-1	-1	-1	-1	-1	-1	-1	-1	-1	-1	-1
136	183	201	202	205	208	209	211	219	236	338	390	404	480	492	-1	-1	-1	-1	-1	-1	-1	-1	-1	-1	-1	-1	-1	-1
147	162	165	177	183	189	192	195	198	201	204	212	214	246	499	-1	-1	-1	-1	-1	-1	-1	-1	-1	-1	-1	-1	-1	-1
48	60	90	111	131	136	161	202	203	208	214	216	223	233	257	361	465	486	-1	-1	-1	-1	-1	-1	-1	-1	-1	-1	-1
37	103	121	124	137	159	201	208	221	245	265	-1	-1	-1	-1	-1	-1	-1	-1	-1	-1	-1	-1	-1	-1	-1	-1	-1	-1
9	132	169	180	198	199	200	202	204	207	217	220	235	238	242	306	308	335	430	510	-1	-1	-1	-1	-1	-1	-1	-1	-1
55	135	141	145	185	188	192	195	207	208	212	216	221	238	341	373	380	382	394	-1	-1	-1	-1	-1	-1	-1	-1	-1	-1
6	22	79	174	177	180	184	202	203	213	225	291	359	411	420	441	473	-1	-1	-1	-1	-1	-1	-1	-1	-1	-1	-1	-1
24	69	149	183	193	200	214	336	355	399	411	455	480	-1	-1	-1	-1	-1	-1	-1	-1	-1	-1	-1	-1	-1	-1	-1	-1
5	121	141	158	167	168	197	199	202	203	205	219	223	269	295	371	407	423	435	509	-1	-1	-1	-1	-1	-1	-1	-1	-1
33	43	60	76	103	129	135	165	190	192	200	202	210	214	218	231	239	245	335	445	-1	-1	-1	-1	-1	-1	-1	-1	-1
59	100	107	129	139	169	193	195	197	205	217	274	370	-1	-1	-1	-1	-1	-1	-1	-1	-1	-1	-1	-1	-1	-1	-1	-1
28	106	132	139	152	169	171	193	195	200	202	206	213	216	219	230	235	250	274	312	321	385	489	-1	-1	-1	-1	-1	-1
195	196	198	203	205	206	208	211	217	222	236	305	-1	-1	-1	-1	-1	-1	-1	-1	-1	-1	-1	-1	-1	-1	-1	-1	-1
64	129	139	192	203	206	208	213	221	226	237	248	339	360	409	500	-1	-1	-1	-1	-1	-1	-1	-1	-1	-1	-1	-1	-1
52	82	148	188	194	197	203	207	212	215	219	239	255	259	317	405	470	-1	-1	-1	-1	-1	-1	-1	-1	-1	-1	-1	-1
73	118	128	144	195	196	197	198	200	202	203	208	209	212	213	215	223	390	509	-1	-1	-1	-1	-1	-1	-1	-1	-1	-1
1	7	23	84	126	132	154	178	192	207	213	215	217	418	473	-1	-1	-1	-1	-1	-1	-1	-1	-1	-1	-1	-1	-1	-1
17	53	154	163	177	186	188	197	203	204	215	220	223	226	273	473	-1	-1	-1	-1	-1	-1	-1	-1	-1	-1	-1	-1	-1
65	152	160	192	194	195	198	199	201	205	206	214	217	218	244	298	336	406	456	479	-1	-1	-1	-1	-1	-1	-1	-1	-1
11	152	167	176	197	200	201	207	208	218	219	247	248	249	319	363	391	450	-1	-1	-1	-1	-1	-1	-1	-1	-1	-1	-1
50	121	140	166	186	223	226	229	247	254	269	281	374	484	-1	-1	-1	-1	-1	-1	-1	-1	-1	-1	-1	-1	-1	-1	-1
25	165	166	208	229	233	235	238	239	242	244	245	247	249	-1	-1	-1	-1	-1	-1	-1	-1	-1	-1	-1	-1	-1	-1	-1
17	177	180	186	197	206	218	229	238	242	243	249	253	270	309	438	-1	-1	-1	-1	-1	-1	-1	-1	-1	-1	-1	-1	-1
120	143	182	203	225	230	235	237	241	261	376	377	436	-1	-1	-1	-1	-1	-1	-1	-1	-1	-1	-1	-1	-1	-1	-1	-1
12	22	129	138	145	160	169	178	200	203	206	246	253	254	258	264	297	482	-1	-1	-1	-1	-1	-1	-1	-1	-1	-1	-1
46	151	159	161	183	189	191	198	208	224	232	243	244	245	254	350	366	383	-1	-1	-1	-1	-1	-1	-1	-1	-1	-1	-1
44	162	179	184	196	203	221	222	224	252	254	278	314	384	392	405	479	490	-1	-1	-1	-1	-1	-1	-1	-1	-1	-1	-1
103	131	153	162	183	191	195	204	215	224	238	245	247	250	254	260	275	499	-1	-1	-1	-1	-1	-1	-1	-1	-1	-1	-1
14	61	62	119	152	163	200	201	202	203	210	225	226	227	235	236	237	238	243	250	313	479	499	-1	-1	-1	-1	-1	-1
39	49	79	85	143	178	189	194	225	228	231	242	245	246	248	269	327	369	371	376	-1	-1	-1	-1	-1	-1	-1	-1	-1
34	58	162	170	175	177	226	229	232	235	236	239	251	255	258	306	374	502	-1	-1	-1	-1	-1	-1	-1	-1	-1	-1	-1
41	154	173	181	208	227	228	230	241	381	383	423	452	468	-1	-1	-1	-1	-1	-1	-1	-1	-1	-1	-1	-1	-1	-1	-1
91	131	141	143	149	160	188	226	230	240	244	247	251	271	468	-1	-1	-1	-1	-1	-1	-1	-1	-1	-1	-1	-1	-1	-1
45	147	180	201	224	225	230	233	235	236	238	242	249	270	501	-1	-1	-1	-1	-1	-1	-1	-1	-1	-1	-1	-1	-1	-1
38	145	163	169	170	215	229	234	235	241	245	250	279	291	354	416	-1	-1	-1	-1	-1	-1	-1	-1	-1	-1	-1	-1	-1
81	139	146	149	156	176	183	236	237	240	247	250	253	270	283	425	428	446	-1	-1	-1	-1	-1	-1	-1	-1	-1	-1	-1
49	119	150	218	225	230	232	234	238	244	245	247	250	323	447	485	501	-1	-1	-1	-1	-1	-1	-1	-1	-1	-1	-1	-1
178	184	202	214	217	226	238	240	242	244	245	251	252	406	417	459	-1	-1	-1	-1	-1	-1	-1	-1	-1	-1	-1	-1	-1
70	94	137	173	230	248	324	343	436	-1	-1	-1	-1	-1	-1	-1	-1	-1	-1	-1	-1	-1	-1	-1	-1	-1	-1	-1	-1
1	61	68	182	192	221	231	237	244	252	383	418	435	-1	-1	-1	-1	-1	-1	-1	-1	-1	-1	-1	-1	-1	-1	-1	-1
66	143	162	179	182	207	220	226	228	233	249	251	255	338	349	363	379	383	-1	-1	-1	-1	-1	-1	-1	-1	-1	-1	-1
172	192	199	232	240	242	243	244	247	252	343	485	506	-1	-1	-1	-1	-1	-1	-1	-1	-1	-1	-1	-1	-1	-1	-1	-1
3	127	128	136	142	211	228	231	235	238	245	253	375	376	455	-1	-1	-1	-1	-1	-1	-1	-1	-1	-1	-1	-1	-1	-1
30	76	136	147	160	182	213	224	230	236	237	239	242	243	244	252	277	372	-1	-1	-1	-1	-1	-1	-1	-1	-1	-1	-1
140	141	147	171	182	226	231	235	238	246	254	-1	-1	-1	-1	-1	-1	-1	-1	-1	-1	-1	-1	-1	-1	-1	-1	-1	-1
47	53	56	89	128	130	133	134	153	155	205	226	227	239	468	474	-1	-1	-1	-1	-1	-1	-1	-1	-1	-1	-1	-1	-1
2	70	133	140	190	229	235	237	248	254	399	509	-1	-1	-1	-1	-1	-1	-1	-1	-1	-1	-1	-1	-1	-1	-1	-1	-1
131	149	182	229	230	232	233	236	241	245	250	-1	-1	-1	-1	-1	-1	-1	-1	-1	-1	-1	-1	-1	-1	-1	-1	-1	-1
0	15	53	68	139	187	191	205	221	228	230	231	232	233	236	244	245	248	251	306	455	-1	-1	-1	-1	-1	-1	-1	-1
28	42	100	132	179	191	224	245	246	367	387	394	416	-1	-1	-1	-1	-1	-1	-1	-1	-1	-1	-1	-1	-1	-1	-1	-1
12	19	61	87	144	147	202	211	212	227	231	232	240	242	244	288	331	447	487	-1	-1	-1	-1	-1	-1	-1	-1	-1	-1
151	160	170	179	227	228	231	234	235	236	245	253	-1	-1	-1	-1	-1	-1	-1	-1	-1	-1	-1	-1	-1	-1	-1	-1	-1
71	261	265	270	279	283	302	336	354	362	380	404	426	-1	-1	-1	-1	-1	-1	-1	-1	-1	-1	-1	-1	-1	-1	-1	-1
77	82	256	276	277	279	284	287	300	337	345	391	423	-1	-1	-1	-1	-1	-1	-1	-1	-1	-1	-1	-1	-1	-1	-1	-1
24	29	39	143	259	268	274	279	284	285	298	303	324	339	353	360	370	407	480	-1	-1	-1	-1	-1	-1	-1	-1	-1	-1
198	220	257	267	268	277	289	308	315	316	317	344	372	484	-1	-1	-1	-1	-1	-1	-1	-1	-1	-1	-1	-1	-1	-1	-1
99	158	215	269	278	280	282	286	292	307	333	369	-1	-1	-1	-1	-1	-1	-1	-1	-1	-1	-1	-1	-1	-1	-1	-1	-1
130	235	257	258	268	276	284	287	335	341	380	388	427	428	477	485	-1	-1	-1	-1	-1	-1	-1	-1	-1	-1	-1	-1	-1
60	160	251	260	264	268	269	274	284	323	361	371	373	382	401	404	-1	-1	-1	-1	-1	-1	-1	-1	-1	-1	-1	-1	-1
20	123	265	273	275	284	285	291	419	429	507	-1	-1	-1	-1	-1	-1	-1	-1	-1	-1	-1	-1	-1	-1	-1	-1	-1	-1
152	169	267	272	288	294	308	330	360	367	421	-1	-1	-1	-1	-1	-1	-1	-1	-1	-1	-1	-1	-1	-1	-1	-1	-1	-1
97	112	253	256	263	264	267	269	273	280	287	312	316	352	366	371	428	500	-1	-1	-1	-1	-1	-1	-1	-1	-1	-1	-1
28	141	257	264	265	278	282	283	306	344	355	378	-1	-1	-1	-1	-1	-1	-1	-1	-1	-1	-1	-1	-1	-1	-1	-1	-1
113	160	258	262	274	275	281	293	296	329	363	410	417	472	483	499	506	-1	-1	-1	-1	-1	-1	-1	-1	-1	-1	-1	-1
27	34	65	257	267	269	272	281	317	328	334	342	353	484	-1	-1	-1	-1	-1	-1	-1	-1	-1	-1	-1	-1	-1	-1	-1
3	208	260	266	275	283	289	309	326	352	364	367	379	-1	-1	-1	-1	-1	-1	-1	-1	-1	-1	-1	-1	-1	-1	-1	-1
164	227	258	260	261	268	278	283	330	378	420	468	-1	-1	-1	-1	-1	-1	-1	-1	-1	-1	-1	-1	-1	-1	-1	-1	-1
49	64	87	137	179	190	242	263	269	279	282	288	316	320	336	402	506	507	-1	-1	-1	-1	-1	-1	-1	-1	-1	-1	-1
98	243	259	267	273	274	285	287	295	462	467	-1	-1	-1	-1	-1	-1	-1	-1	-1	-1	-1	-1	-1	-1	-1	-1	-1	-1
44	86	142	153	208	239	256	257	258	267	268	271	276	279	283	298	383	450	485	-1	-1	-1	-1	-1	-1	-1	-1	-1	-1
37	132	233	258	262	265	286	296	309	319	382	467	-1	-1	-1	-1	-1	-1	-1	-1	-1	-1	-1	-1	-1	-1	-1	-1	-1
52	122	201	217	266	268	276	277	278	279	291	318	431	473	487	-1	-1	-1	-1	-1	-1	-1	-1	-1	-1	-1	-1	-1	-1
66	70	93	98	259	271	275	283	287	309	328	330	334	344	370	437	-1	-1	-1	-1	-1	-1	-1	-1	-1	-1	-1	-1	-1
168	213	247	258	270	271	275	281	286	300	345	373	382	447	-1	-1	-1	-1	-1	-1	-1	-1	-1	-1	-1	-1	-1	-1	-1
124	126	231	243	256	261	264	266	267	273	277	281	282	284	286	292	301	306	365	368	375	420	439	441	-1	-1	-1	-1	-1
14	47	243	261	262	272	274	276	278	281	286	287	318	322	323	368	374	377	378	455	500	-1	-1	-1	-1	-1	-1	-1	-1
37	73	137	221	244	260	261	270	273	278	284	286	297	302	309	312	459	-1	-1	-1	-1	-1	-1	-1	-1	-1	-1	-1	-1
110	256	261	266	269	273	277	278	280	303	329	348	350	355	357	361	369	389	433	495	-1	-1	-1	-1	-1	-1	-1	-1	-1
72	269	275	278	285	294	324	338	370	378	-1	-1	-1	-1	-1	-1	-1	-1	-1	-1	-1	-1	-1	-1	-1	-1	-1	-1	-1
39	95	119	125	244	256	262	264	270	271	274	275	276	293	299	334	349	378	-1	-1	-1	-1	-1	-1	-1	-1	-1	-1	-1
77	248	259	260	263	266	267	268	273	281	282	283	293	298	366	464	500	-1	-1	-1	-1	-1	-1	-1	-1	-1	-1	-1	-1
196	256	263	266	271	273	276	277	278	283	339	404	-1	-1	-1	-1	-1	-1	-1	-1	-1	-1	-1	-1	-1	-1	-1	-1	-1
12	37	63	264	267	270	277	281	283	285	287	288	368	400	402	497	503	-1	-1	-1	-1	-1	-1	-1	-1	-1	-1	-1	-1
10	78	118	261	270	271	273	276	277	280	281	283	286	310	328	336	341	354	445	-1	-1	-1	-1	-1	-1	-1	-1	-1	-1
62	295	297	299	310	311	312	323	330	339	394	415	480	-1	-1	-1	-1	-1	-1	-1	-1	-1	-1	-1	-1	-1	-1	-1	-1
4	109	115	259	263	281	288	296	327	329	340	351	380	383	418	-1	-1	-1	-1	-1	-1	-1	-1	-1	-1	-1	-1	-1	-1
167	267	289	293	295	305	307	312	314	315	346	380	438	499	-1	-1	-1	-1	-1	-1	-1	-1	-1	-1	-1	-1	-1	-1	-1
108	177	185	223	285	289	290	304	306	309	311	316	319	345	386	396	398	481	493	-1	-1	-1	-1	-1	-1	-1	-1	-1	-1
41	66	147	205	268	273	288	289	291	295	296	298	308	310	325	337	348	363	-1	-1	-1	-1	-1	-1	-1	-1	-1	-1	-1
5	21	96	135	155	177	219	256	259	287	288	296	303	304	307	315	353	359	417	-1	-1	-1	-1	-1	-1	-1	-1	-1	-1
24	72	90	157	266	288	289	290	297	310	315	317	318	319	468	498	506	-1	-1	-1	-1	-1	-1	-1	-1	-1	-1	-1	-1
19	118	160	288	291	292	299	300	314	316	327	353	364	383	427	462	-1	-1	-1	-1	-1	-1	-1	-1	-1	-1	-1	-1	-1
95	179	236	272	276	293	294	305	309	310	328	329	344	350	352	396	-1	-1	-1	-1	-1	-1	-1	-1	-1	-1	-1	-1	-1
112	190	196	229	256	262	267	273	274	276	290	291	299	302	309	310	313	316	322	329	346	351	383	466	-1	-1	-1	-1	-1
20	51	190	281	290	303	322	326	332	344	389	399	481	508	-1	-1	-1	-1	-1	-1	-1	-1	-1	-1	-1	-1	-1	-1	-1
220	289	303	308	317	326	369	374	425	461	478	510	-1	-1	-1	-1	-1	-1	-1	-1	-1	-1	-1	-1	-1	-1	-1	-1	-1
11	228	266	288	289	291	298	299	303	305	309	310	315	320	334	346	463	508	-1	-1	-1	-1	-1	-1	-1	-1	-1	-1	-1
29	89	195	268	285	288	289	295	300	305	308	310	311	314	327	348	358	360	377	-1	-1	-1	-1	-1	-1	-1	-1	-1	-1
81	111	118	133	181	211	212	256	257	272	274	288	293	300	306	308	446	483	-1	-1	-1	-1	-1	-1	-1	-1	-1	-1	-1
85	117	250	267	268	269	289	290	294	295	307	309	314	316	317	319	339	374	496	-1	-1	-1	-1	-1	-1	-1	-1	-1	-1
4	75	89	93	96	107	119	135	262	264	273	288	290	292	293	294	295	296	297	303	308	309	310	313	461	469	481	489	493
96	129	205	264	294	297	301	302	303	307	309	311	317	318	334	359	438	468	-1	-1	-1	-1	-1	-1	-1	-1	-1	-1	-1
21	33	125	132	223	235	269	271	290	296	300	378	432	480	489	-1	-1	-1	-1	-1	-1	-1	-1	-1	-1	-1	-1	-1	-1
28	132	256	261	266	286	290	291	295	301	311	312	317	325	326	468	-1	-1	-1	-1	-1	-1	-1	-1	-1	-1	-1	-1	-1
281	284	289	295	296	300	302	307	339	350	373	376	391	401	406	461	505	-1	-1	-1	-1	-1	-1	-1	-1	-1	-1	-1	-1
245	289	290	315	318	329	346	442	480	508	-1	-1	-1	-1	-1	-1	-1	-1	-1	-1	-1	-1	-1	-1	-1	-1	-1	-1	-1
84	108	264	270	277	286	289	292	298	305	311	327	352	371	380	383	484	-1	-1	-1	-1	-1	-1	-1	-1	-1	-1	-1	-1
284	291	292	294	295	299	301	304	308	310	321	325	335	339	340	342	347	488	-1	-1	-1	-1	-1	-1	-1	-1	-1	-1	-1
60	77	159	174	198	294	297	301	302	303	306	310	315	318	329	378	386	402	-1	-1	-1	-1	-1	-1	-1	-1	-1	-1	-1
2	263	274	292	298	299	308	310	316	317	318	383	-1	-1	-1	-1	-1	-1	-1	-1	-1	-1	-1	-1	-1	-1	-1	-1	-1
56	219	262	283	287	291	296	302	304	313	316	336	353	356	360	373	449	467	-1	-1	-1	-1	-1	-1	-1	-1	-1	-1	-1
137	181	268	279	286	293	294	300	303	306	317	329	331	355	357	370	390	468	-1	-1	-1	-1	-1	-1	-1	-1	-1	-1	-1
41	64	96	151	205	221	238	291	298	301	304	307	311	315	323	330	335	336	341	348	361	368	371	382	443	508	-1	-1	-1
11	35	51	247	264	281	294	299	302	307	309	312	315	318	332	354	365	368	378	401	417	431	-1	-1	-1	-1	-1	-1	-1
50	53	121	261	293	294	295	306	308	311	373	389	426	497	-1	-1	-1	-1	-1	-1	-1	-1	-1	-1	-1	-1	-1	-1	-1
1	39	41	76	219	244	253	271	277	283	290	295	296	297	300	303	309	314	328	329	336	346	363	488	508	-1	-1	-1	-1
142	246	282	325	331	334	336	337	340	345	347	354	416	-1	-1	-1	-1	-1	-1	-1	-1	-1	-1	-1	-1	-1	-1	-1	-1
27	170	202	246	259	325	338	340	343	345	348	364	373	452	504	-1	-1	-1	-1	-1	-1	-1	-1	-1	-1	-1	-1	-1	-1
138	221	252	262	277	284	301	304	311	320	332	335	351	365	368	373	422	469	483	502	-1	-1	-1	-1	-1	-1	-1	-1	-1
83	94	293	299	327	331	335	343	346	347	376	470	-1	-1	-1	-1	-1	-1	-1	-1	-1	-1	-1	-1	-1	-1	-1	-1	-1
215	267	269	272	320	323	327	328	331	333	334	337	339	344	345	346	404	414	458	-1	-1	-1	-1	-1	-1	-1	-1	-1	-1
88	256	293	294	312	321	324	331	336	351	362	379	-1	-1	-1	-1	-1	-1	-1	-1	-1	-1	-1	-1	-1	-1	-1	-1	-1
18	85	111	228	279	312	315	320	321	322	323	325	333	341	345	346	351	356	371	396	501	-1	-1	-1	-1	-1	-1	-1	-1
278	326	330	335	339	340	348	349	362	365	454	500	-1	-1	-1	-1	-1	-1	-1	-1	-1	-1	-1	-1	-1	-1	-1	-1	-1
49	112	158	272	296	306	320	322	329	335	342	344	380	439	444	448	452	480	-1	-1	-1	-1	-1	-1	-1	-1	-1	-1	-1
38	48	180	199	256	258	262	268	270	290	327	333	350	351	361	369	382	393	-1	-1	-1	-1	-1	-1	-1	-1	-1	-1	-1
52	274	297	301	306	331	333	360	376	401	458	462	506	-1	-1	-1	-1	-1	-1	-1	-1	-1	-1	-1	-1	-1	-1	-1	-1
26	54	246	259	275	276	281	286	298	305	325	332	349	361	362	430	-1	-1	-1	-1	-1	-1	-1	-1	-1	-1	-1	-1	-1
17	115	198	266	276	311	320	322	335	339	344	346	379	440	-1	-1	-1	-1	-1	-1	-1	-1	-1	-1	-1	-1	-1	-1	-1
22	258	270	309	311	330	334	336	340	341	343	344	349	360	365	366	379	-1	-1	-1	-1	-1	-1	-1	-1	-1	-1	-1	-1
56	61	176	210	258	264	320	337	340	341	343	344	347	360	-1	-1	-1	-1	-1	-1	-1	-1	-1	-1	-1	-1	-1	-1	-1
3	33	84	284	297	323	330	342	355	438	-1	-1	-1	-1	-1	-1	-1	-1	-1	-1	-1	-1	-1	-1	-1	-1	-1	-1	-1
0	5	89	94	98	136	197	199	278	308	314	322	327	332	335	338	344	397	427	467	504	-1	-1	-1	-1	-1	-1	-1	-1
40	69	101	301	305	315	321	325	329	333	335	340	345	347	356	357	358	361	365	380	381	444	464	469	-1	-1	-1	-1	-1
178	249	281	321	323	326	331	335	336	349	371	378	412	475	-1	-1	-1	-1	-1	-1	-1	-1	-1	-1	-1	-1	-1	-1	-1
92	181	188	264	320	321	325	331	337	338	340	343	345	352	486	-1	-1	-1	-1	-1	-1	-1	-1	-1	-1	-1	-1	-1	-1
113	148	244	282	291	292	308	309	321	323	326	327	328	335	341	342	347	348	350	353	366	410	411	445	-1	-1	-1	-1	-1
19	162	294	315	316	320	321	324	328	329	330	332	343	347	351	401	467	473	482	496	-1	-1	-1	-1	-1	-1	-1	-1	-1
0	19	107	172	209	256	261	279	282	314	329	331	335	336	338	340	354	373	403	419	-1	-1	-1	-1	-1	-1	-1	-1	-1
39	70	95	254	256	283	318	319	320	330	346	350	364	375	-1	-1	-1	-1	-1	-1	-1	-1	-1	-1	-1	-1	-1	-1	-1
1	61	147	263	291	296	304	325	327	331	335	343	371	408	502	-1	-1	-1	-1	-1	-1	-1	-1	-1	-1	-1	-1	-1	-1
67	107	182	220	245	261	298	320	322	324	331	332	337	341	346	351	414	471	474	-1	-1	-1	-1	-1	-1	-1	-1	-1	-1
54	71	171	230	256	290	293	315	316	323	326	334	337	340	351	414	-1	-1	-1	-1	-1	-1	-1	-1	-1	-1	-1	-1	-1
67	115	174	219	226	258	268	315	318	321	323	325	327	331	333	337	340	342	351	383	390	-1	-1	-1	-1	-1	-1	-1	-1
197	276	290	299	318	322	329	338	343	345	356	373	375	406	425	511	-1	-1	-1	-1	-1	-1	-1	-1	-1	-1	-1	-1	-1
102	197	284	322	341	342	345	348	427	-1	-1	-1	-1	-1	-1	-1	-1	-1	-1	-1	-1	-1	-1	-1	-1	-1	-1	-1	-1
243	271	313	314	322	323	327	332	341	346	365	370	476	502	-1	-1	-1	-1	-1	-1	-1	-1	-1	-1	-1	-1	-1	-1	-1
143	236	260	278	328	330	333	346	348	397	473	493	-1	-1	-1	-1	-1	-1	-1	-1	-1	-1	-1	-1	-1	-1	-1	-1	-1
69	162	170	184	286	306	308	353	354	360	361	365	378	381	388	424	-1	-1	-1	-1	-1	-1	-1	-1	-1	-1	-1	-1	-1
20	258	281	292	340	345	350	355	357	371	374	378	383	-1	-1	-1	-1	-1	-1	-1	-1	-1	-1	-1	-1	-1	-1	-1	-1
37	157	160	173	294	309	336	362	370	372	431	497	-1	-1	-1	-1	-1	-1	-1	-1	-1	-1	-1	-1	-1	-1	-1	-1	-1
101	137	211	246	303	305	313	354	358	361	368	371	374	379	381	383	396	403	419	422	433	457	498	-1	-1	-1	-1	-1	-1
1	105	126	278	320	323	343	357	363	365	371	375	380	382	505	-1	-1	-1	-1	-1	-1	-1	-1	-1	-1	-1	-1	-1	-1
35	193	194	257	279	305	314	316	332	343	355	361	363	364	369	370	374	383	-1	-1	-1	-1	-1	-1	-1	-1	-1	-1	-1
146	186	261	290	292	332	334	356	366	370	371	377	382	503	505	-1	-1	-1	-1	-1	-1	-1	-1	-1	-1	-1	-1	-1	-1
32	35	44	262	273	278	287	297	301	307	315	336	357	364	371	378	443	447	462	-1	-1	-1	-1	-1	-1	-1	-1	-1	-1
7	54	117	348	352	353	358	367	370	371	382	408	419	459	498	-1	-1	-1	-1	-1	-1	-1	-1	-1	-1	-1	-1	-1	-1
134	262	286	305	333	340	352	353	355	356	359	360	449	489	-1	-1	-1	-1	-1	-1	-1	-1	-1	-1	-1	-1	-1	-1	-1
16	46	146	162	291	323	333	355	356	368	371	383	401	409	421	475	-1	-1	-1	-1	-1	-1	-1	-1	-1	-1	-1	-1	-1
273	288	292	304	360	367	369	370	374	376	377	378	381	-1	-1	-1	-1	-1	-1	-1	-1	-1	-1	-1	-1	-1	-1	-1	-1
3	77	123	124	138	175	264	279	284	288	323	332	357	358	367	372	373	376	381	383	397	466	-1	-1	-1	-1	-1	-1	-1
204	245	250	256	262	269	273	362	366	369	373	376	377	378	382	424	-1	-1	-1	-1	-1	-1	-1	-1	-1	-1	-1	-1	-1
15	124	132	135	194	287	300	363	364	365	371	372	373	375	390	506	-1	-1	-1	-1	-1	-1	-1	-1	-1	-1	-1	-1	-1
93	262	276	283	310	319	352	366	370	-1	-1	-1	-1	-1	-1	-1	-1	-1	-1	-1	-1	-1	-1	-1	-1	-1	-1	-1	-1
122	146	167	189	270	297	302	316	349	350	358	360	374	379	380	382	454	-1	-1	-1	-1	-1	-1	-1	-1	-1	-1	-1	-1
61	62	125	148	163	213	257	277	303	322	334	335	350	352	363	366	373	374	376	383	440	-1	-1	-1	-1	-1	-1	-1	-1
64	145	213	235	269	334	337	338	352	358	369	373	380	382	383	429	507	-1	-1	-1	-1	-1	-1	-1	-1	-1	-1	-1	-1
199	256	286	289	357	359	366	379	380	-1	-1	-1	-1	-1	-1	-1	-1	-1	-1	-1	-1	-1	-1	-1	-1	-1	-1	-1	-1
261	292	342	348	354	357	364	370	376	380	453	-1	-1	-1	-1	-1	-1	-1	-1	-1	-1	-1	-1	-1	-1	-1	-1	-1	-1
5	9	76	87	112	115	154	256	258	271	274	309	325	359	360	367	378	435	473	493	-1	-1	-1	-1	-1	-1	-1	-1	-1
86	112	172	254	262	277	331	346	355	361	367	369	372	375	376	382	383	445	483	-1	-1	-1	-1	-1	-1	-1	-1	-1	-1
34	142	160	256	267	303	326	336	352	354	356	357	364	370	371	373	379	381	383	387	446	483	502	-1	-1	-1	-1	-1	-1
73	178	283	284	315	324	336	363	364	367	379	427	-1	-1	-1	-1	-1	-1	-1	-1	-1	-1	-1	-1	-1	-1	-1	-1	-1
10	156	251	258	278	280	285	286	335	352	356	362	364	365	369	375	378	379	383	448	458	460	474	477	511	-1	-1	-1	-1
195	264	269	282	332	340	357	359	381	437	439	-1	-1	-1	-1	-1	-1	-1	-1	-1	-1	-1	-1	-1	-1	-1	-1	-1	-1
41	117	134	143	257	261	270	329	334	353	361	365	366	373	376	378	408	460	505	-1	-1	-1	-1	-1	-1	-1	-1	-1	-1
19	106	149	215	221	241	266	269	326	333	354	360	363	364	370	376	378	496	-1	-1	-1	-1	-1	-1	-1	-1	-1	-1	-1
113	318	336	354	358	362	364	365	385	455	-1	-1	-1	-1	-1	-1	-1	-1	-1	-1	-1	-1	-1	-1	-1	-1	-1	-1	-1
84	103	167	217	316	355	361	363	368	375	380	-1	-1	-1	-1	-1	-1	-1	-1	-1	-1	-1	-1	-1	-1	-1	-1	-1	-1
50	65	107	108	113	122	258	271	279	342	356	360	367	370	382	470	483	-1	-1	-1	-1	-1	-1	-1	-1	-1	-1	-1	-1
52	134	171	393	402	404	408	410	437	474	502	-1	-1	-1	-1	-1	-1	-1	-1	-1	-1	-1	-1	-1	-1	-1	-1	-1	-1
156	166	327	389	394	401	403	405	409	411	412	437	440	441	457	487	-1	-1	-1	-1	-1	-1	-1	-1	-1	-1	-1	-1	-1
13	48	87	114	350	384	393	394	397	398	402	403	405	409	411	415	422	434	438	447	459	480	503	504	-1	-1	-1	-1	-1
22	116	237	239	255	257	262	294	324	385	390	394	398	399	400	403	406	407	412	414	415	451	-1	-1	-1	-1	-1	-1	-1
2	17	95	194	306	330	334	390	392	393	399	403	405	413	433	473	485	509	-1	-1	-1	-1	-1	-1	-1	-1	-1	-1	-1
72	76	161	180	393	394	395	403	419	486	493	500	501	-1	-1	-1	-1	-1	-1	-1	-1	-1	-1	-1	-1	-1	-1	-1	-1
100	216	274	306	385	387	393	394	395	397	402	404	414	421	434	454	472	500	507	-1	-1	-1	-1	-1	-1	-1	-1	-1	-1
21	25	99	125	141	179	318	386	389	397	399	401	402	409	414	433	436	441	446	454	459	468	489	494	497	-1	-1	-1	-1
57	65	182	207	212	366	383	384	387	390	395	401	408	427	451	483	493	-1	-1	-1	-1	-1	-1	-1	-1	-1	-1	-1	-1
314	329	348	386	388	399	403	410	428	431	482	487	-1	-1	-1	-1	-1	-1	-1	-1	-1	-1	-1	-1	-1	-1	-1	-1	-1
132	138	162	297	369	383	386	388	393	396	397	399	410	413	414	445	459	486	487	492	-1	-1	-1	-1	-1	-1	-1	-1	-1
30	94	165	330	385	392	397	403	406	409	423	427	429	436	451	454	470	478	480	488	-1	-1	-1	-1	-1	-1	-1	-1	-1
2	62	106	113	124	232	267	384	385	391	397	398	399	400	408	426	428	458	-1	-1	-1	-1	-1	-1	-1	-1	-1	-1	-1
48	64	325	387	390	400	410	411	443	452	476	508	-1	-1	-1	-1	-1	-1	-1	-1	-1	-1	-1	-1	-1	-1	-1	-1	-1
24	41	304	390	401	402	406	407	410	444	469	-1	-1	-1	-1	-1	-1	-1	-1	-1	-1	-1	-1	-1	-1	-1	-1	-1	-1
65	148	167	226	233	388	389	390	391	400	405	406	410	415	440	-1	-1	-1	-1	-1	-1	-1	-1	-1	-1	-1	-1	-1	-1
9	98	241	343	387	389	401	406	412	414	415	434	447	485	496	500	-1	-1	-1	-1	-1	-1	-1	-1	-1	-1	-1	-1	-1
13	68	80	362	369	380	393	396	399	400	407	418	458	459	466	469	496	-1	-1	-1	-1	-1	-1	-1	-1	-1	-1	-1	-1
12	175	277	357	391	396	400	403	406	413	414	415	419	435	450	466	495	509	-1	-1	-1	-1	-1	-1	-1	-1	-1	-1	-1
44	108	119	193	329	384	387	389	391	400	402	406	408	413	415	420	444	460	482	-1	-1	-1	-1	-1	-1	-1	-1	-1	-1
16	144	187	333	386	387	392	393	398	400	402	407	409	413	463	494	502	507	510	-1	-1	-1	-1	-1	-1	-1	-1	-1	-1
43	94	318	390	406	408	409	418	433	471	511	-1	-1	-1	-1	-1	-1	-1	-1	-1	-1	-1	-1	-1	-1	-1	-1	-1	-1
136	244	249	312	390	401	411	479	501	-1	-1	-1	-1	-1	-1	-1	-1	-1	-1	-1	-1	-1	-1	-1	-1	-1	-1	-1	-1
4	44	201	212	259	300	385	391	398	399	400	406	415	431	453	459	465	483	505	506	-1	-1	-1	-1	-1	-1	-1	-1	-1
62	116	129	142	234	254	298	311	371	387	393	399	419	449	489	507	-1	-1	-1	-1	-1	-1	-1	-1	-1	-1	-1	-1	-1
110	152	273	338	347	366	384	396	403	411	412	430	473	494	507	-1	-1	-1	-1	-1	-1	-1	-1	-1	-1	-1	-1	-1	-1
173	192	240	267	272	280	341	389	394	395	404	409	415	423	474	478	479	484	505	511	-1	-1	-1	-1	-1	-1	-1	-1	-1
50	80	86	144	208	267	275	355	385	388	399	400	407	410	429	492	494	-1	-1	-1	-1	-1	-1	-1	-1	-1	-1	-1	-1
263	275	374	386	388	391	394	395	396	407	408	409	410	418	428	462	510	-1	-1	-1	-1	-1	-1	-1	-1	-1	-1	-1	-1
43	61	84	147	199	250	329	338	394	396	399	402	421	450	456	459	510	-1	-1	-1	-1	-1	-1	-1	-1	-1	-1	-1	-1
64	125	249	304	342	385	390	391	407	410	412	420	439	-1	-1	-1	-1	-1	-1	-1	-1	-1	-1	-1	-1	-1	-1	-1	-1
22	25	46	60	126	341	392	396	399	404	405	435	437	471	478	483	491	493	-1	-1	-1	-1	-1	-1	-1	-1	-1	-1	-1
110	115	128	224	304	372	396	401	405	415	417	418	419	425	428	434	438	444	446	-1	-1	-1	-1	-1	-1	-1	-1	-1	-1
2	74	122	153	213	252	300	303	371	401	415	430	431	436	440	448	449	453	481	490	-1	-1	-1	-1	-1	-1	-1	-1	-1
115	191	216	220	224	242	269	291	388	403	416	424	430	435	436	441	447	496	-1	-1	-1	-1	-1	-1	-1	-1	-1	-1	-1
26	237	395	397	407	423	429	430	435	436	437	438	444	446	451	453	464	482	-1	-1	-1	-1	-1	-1	-1	-1	-1	-1	-1
105	166	178	180	254	267	290	292	346	400	410	426	436	437	443	456	482	492	-1	-1	-1	-1	-1	-1	-1	-1	-1	-1	-1
69	94	101	312	317	326	388	404	412	428	429	438	441	442	483	496	-1	-1	-1	-1	-1	-1	-1	-1	-1	-1	-1	-1	-1
35	64	74	102	408	414	419	421	425	426	430	433	435	436	442	449	509	-1	-1	-1	-1	-1	-1	-1	-1	-1	-1	-1	-1
49	86	146	155	167	344	387	406	408	425	430	432	436	444	445	450	453	456	466	474	488	490	506	-1	-1	-1	-1	-1	-1
90	278	323	333	412	429	435	438	441	442	469	486	-1	-1	-1	-1	-1	-1	-1	-1	-1	-1	-1	-1	-1	-1	-1	-1	-1
157	171	173	313	341	407	415	423	429	446	447	459	466	473	497	502	506	-1	-1	-1	-1	-1	-1	-1	-1	-1	-1	-1	-1
7	55	83	158	255	284	286	404	419	424	434	436	444	451	496	498	505	-1	-1	-1	-1	-1	-1	-1	-1	-1	-1	-1	-1
3	10	111	153	317	401	410	418	419	421	425	426	431	433	437	441	443	445	464	475	503	510	511	-1	-1	-1	-1	-1	-1
56	94	173	308	415	417	427	430	435	438	443	449	498	-1	-1	-1	-1	-1	-1	-1	-1	-1	-1	-1	-1	-1	-1	-1	-1
41	137	161	168	187	199	344	356	381	388	390	398	416	417	427	438	447	453	484	-1	-1	-1	-1	-1	-1	-1	-1	-1	-1
33	97	138	148	292	361	410	424	425	434	436	437	438	439	490	508	-1	-1	-1	-1	-1	-1	-1	-1	-1	-1	-1	-1	-1
68	415	416	420	422	425	426	429	432	441	446	450	462	474	480	492	-1	-1	-1	-1	-1	-1	-1	-1	-1	-1	-1	-1	-1
48	146	167	262	375	407	416	419	426	429	430	433	435	441	448	-1	-1	-1	-1	-1	-1	-1	-1	-1	-1	-1	-1	-1	-1
247	341	390	417	424	429	446	449	451	457	461	-1	-1	-1	-1	-1	-1	-1	-1	-1	-1	-1	-1	-1	-1	-1	-1	-1	-1
10	118	164	169	243	371	378	395	416	417	418	421	425	435	442	456	506	-1	-1	-1	-1	-1	-1	-1	-1	-1	-1	-1	-1
10	57	112	279	295	297	344	389	404	423	431	434	438	445	451	508	510	-1	-1	-1	-1	-1	-1	-1	-1	-1	-1	-1	-1
84	222	363	382	405	418	419	420	426	442	500	-1	-1	-1	-1	-1	-1	-1	-1	-1	-1	-1	-1	-1	-1	-1	-1	-1	-1
18	129	160	180	226	242	313	395	421	428	430	432	433	456	460	470	471	-1	-1	-1	-1	-1	-1	-1	-1	-1	-1	-1	-1
17	43	115	204	382	385	393	409	413	419	437	439	442	445	454	466	485	-1	-1	-1	-1	-1	-1	-1	-1	-1	-1	-1	-1
162	212	236	252	312	396	403	424	437	461	481	-1	-1	-1	-1	-1	-1	-1	-1	-1	-1	-1	-1	-1	-1	-1	-1	-1	-1
408	410	416	431	434	439	463	471	488	-1	-1	-1	-1	-1	-1	-1	-1	-1	-1	-1	-1	-1	-1	-1	-1	-1	-1	-1	-1
10	125	147	313	379	392	414	423	426	429	437	452	463	465	473	485	505	-1	-1	-1	-1	-1	-1	-1	-1	-1	-1	-1	-1
112	296	405	418	426	434	466	471	495	-1	-1	-1	-1	-1	-1	-1	-1	-1	-1	-1	-1	-1	-1	-1	-1	-1	-1	-1	-1
25	115	167	236	400	404	416	417	425	428	435	437	440	441	446	456	470	479	482	493	494	509	-1	-1	-1	-1	-1	-1	-1
53	277	305	399	400	403	411	416	417	428	433	434	435	457	466	469	482	509	-1	-1	-1	-1	-1	-1	-1	-1	-1	-1	-1
69	196	295	375	422	424	426	429	439	464	507	510	511	-1	-1	-1	-1	-1	-1	-1	-1	-1	-1	-1	-1	-1	-1	-1	-1
33	83	144	186	205	291	386	409	418	421	423	435	441	445	458	464	501	506	-1	-1	-1	-1	-1	-1	-1	-1	-1	-1	-1
53	90	145	169	174	180	240	329	360	408	416	417	422	428	434	436	443	444	446	475	483	489	502	-1	-1	-1	-1	-1	-1
117	187	218	219	229	262	266	284	333	340	452	454	470	474	504	508	511	-1	-1	-1	-1	-1	-1	-1	-1	-1	-1	-1	-1
101	107	183	376	426	432	446	464	466	469	477	479	-1	-1	-1	-1	-1	-1	-1	-1	-1	-1	-1	-1	-1	-1	-1	-1	-1
19	166	273	385	420	454	457	458	460	465	471	478	479	-1	-1	-1	-1	-1	-1	-1	-1	-1	-1	-1	-1	-1	-1	-1	-1
45	86	217	250	259	267	447	448	462	463	464	469	471	473	-1	-1	-1	-1	-1	-1	-1	-1	-1	-1	-1	-1	-1	-1	-1
18	49	232	324	329	408	453	465	467	469	474	493	499	-1	-1	-1	-1	-1	-1	-1	-1	-1	-1	-1	-1	-1	-1	-1	-1
219	277	300	389	396	402	427	458	466	476	493	494	495	503	-1	-1	-1	-1	-1	-1	-1	-1	-1	-1	-1	-1	-1	-1	-1
31	62	102	209	221	231	296	347	395	397	401	403	416	425	450	452	453	470	477	494	508	-1	-1	-1	-1	-1	-1	-1	-1
107	238	292	342	389	442	448	453	467	469	471	475	476	486	-1	-1	-1	-1	-1	-1	-1	-1	-1	-1	-1	-1	-1	-1	-1
94	132	175	183	246	256	302	419	450	454	457	468	472	473	474	475	476	477	490	499	-1	-1	-1	-1	-1	-1	-1	-1	-1
250	251	391	393	427	448	459	467	469	475	478	505	-1	-1	-1	-1	-1	-1	-1	-1	-1	-1	-1	-1	-1	-1	-1	-1	-1
22	258	384	399	438	456	462	463	468	473	499	-1	-1	-1	-1	-1	-1	-1	-1	-1	-1	-1	-1	-1	-1	-1	-1	-1	-1
0	9	142	243	277	333	387	392	408	420	421	451	458	463	476	-1	-1	-1	-1	-1	-1	-1	-1	-1	-1	-1	-1	-1	-1
3	91	154	198	382	390	393	399	403	413	421	448	458	463	464	465	476	504	-1	-1	-1	-1	-1	-1	-1	-1	-1	-1	-1
24	42	67	236	278	288	390	432	448	454	457	464	467	473	476	478	480	505	-1	-1	-1	-1	-1	-1	-1	-1	-1	-1	-1
27	41	181	204	221	233	310	394	412	427	438	453	455	459	474	475	477	487	490	-1	-1	-1	-1	-1	-1	-1	-1	-1	-1
199	281	296	322	385	399	405	414	430	448	450	472	473	475	477	-1	-1	-1	-1	-1	-1	-1	-1	-1	-1	-1	-1	-1	-1
30	35	75	152	390	419	455	465	468	471	474	476	-1	-1	-1	-1	-1	-1	-1	-1	-1	-1	-1	-1	-1	-1	-1	-1	-1
75	145	218	228	364	389	400	418	432	460	472	477	-1	-1	-1	-1	-1	-1	-1	-1	-1	-1	-1	-1	-1	-1	-1	-1	-1
167	266	326	338	387	411	454	471	478	484	506	-1	-1	-1	-1	-1	-1	-1	-1	-1	-1	-1	-1	-1	-1	-1	-1	-1	-1
46	161	185	208	255	285	307	318	398	399	456	457	458	462	463	465	469	478	499	-1	-1	-1	-1	-1	-1	-1	-1	-1	-1
324	353	381	449	450	451	459	460	464	469	470	471	475	498	-1	-1	-1	-1	-1	-1	-1	-1	-1	-1	-1	-1	-1	-1	-1
59	63	117	259	272	354	405	414	455	456	458	464	466	475	479	481	-1	-1	-1	-1	-1	-1	-1	-1	-1	-1	-1	-1	-1
33	95	129	207	307	354	356	389	394	411	453	455	460	461	467	468	474	475	478	484	-1	-1	-1	-1	-1	-1	-1	-1	-1
15	130	136	259	347	389	403	405	408	419	460	469	478	481	-1	-1	-1	-1	-1	-1	-1	-1	-1	-1	-1	-1	-1	-1	-1
45	110	122	207	358	445	451	461	463	470	477	478	484	-1	-1	-1	-1	-1	-1	-1	-1	-1	-1	-1	-1	-1	-1	-1	-1
249	266	274	433	455	456	457	462	465	468	472	476	477	479	482	-1	-1	-1	-1	-1	-1	-1	-1	-1	-1	-1	-1	-1	-1
71	322	356	358	412	416	419	443	450	453	455	456	457	460	461	462	463	469	471	500	511	-1	-1	-1	-1	-1	-1	-1	-1
15	162	295	376	390	407	439	454	459	461	465	467	474	477	496	-1	-1	-1	-1	-1	-1	-1	-1	-1	-1	-1	-1	-1	-1
109	232	233	243	399	420	444	451	455	460	462	466	467	487	507	-1	-1	-1	-1	-1	-1	-1	-1	-1	-1	-1	-1	-1	-1
145	348	352	397	421	439	440	453	459	463	474	478	491	-1	-1	-1	-1	-1	-1	-1	-1	-1	-1	-1	-1	-1	-1	-1	-1
8	138	195	328	389	391	426	437	448	449	450	451	454	467	493	501	-1	-1	-1	-1	-1	-1	-1	-1	-1	-1	-1	-1	-1
7	70	96	217	229	396	419	421	438	446	448	453	457	459	463	467	468	473	474	475	509	-1	-1	-1	-1	-1	-1	-1	-1
16	83	116	122	128	136	252	437	445	446	455	464	473	479	483	494	499	501	504	509	510	511	-1	-1	-1	-1	-1	-1	-1
50	63	132	143	346	384	387	393	398	406	420	435	448	482	484	507	510	-1	-1	-1	-1	-1	-1	-1	-1	-1	-1	-1	-1
20	35	115	228	283	313	400	443	447	474	487	491	493	499	510	-1	-1	-1	-1	-1	-1	-1	-1	-1	-1	-1	-1	-1	-1
28	49	181	256	349	417	420	445	461	479	492	493	494	501	504	508	511	-1	-1	-1	-1	-1	-1	-1	-1	-1	-1	-1	-1
104	111	366	384	468	482	490	494	496	499	500	505	510	511	-1	-1	-1	-1	-1	-1	-1	-1	-1	-1	-1	-1	-1	-1	-1
112	117	295	362	396	411	424	434	437	442	449	450	480	481	483	489	494	502	508	-1	-1	-1	-1	-1	-1	-1	-1	-1	-1
16	291	417	424	432	443	450	468	469	485	488	489	491	495	496	500	502	503	505	-1	-1	-1	-1	-1	-1	-1	-1	-1	-1
171	249	266	311	360	361	389	393	422	456	482	486	494	496	509	-1	-1	-1	-1	-1	-1	-1	-1	-1	-1	-1	-1	-1	-1
107	130	276	311	343	350	408	424	477	490	494	495	496	497	500	502	503	-1	-1	-1	-1	-1	-1	-1	-1	-1	-1	-1	-1
70	87	343	364	387	390	425	434	438	452	463	473	483	484	485	494	498	501	503	504	509	511	-1	-1	-1	-1	-1	-1	-1
329	387	408	420	428	433	474	494	495	503	506	508	509	-1	-1	-1	-1	-1	-1	-1	-1	-1	-1	-1	-1	-1	-1	-1	-1
187	212	231	260	363	384	386	387	399	420	440	447	486	497	502	510	-1	-1	-1	-1	-1	-1	-1	-1	-1	-1	-1	-1	-1
107	189	212	262	327	360	401	424	428	439	440	453	484	487	489	494	501	-1	-1	-1	-1	-1	-1	-1	-1	-1	-1	-1	-1
6	22	26	65	97	356	395	430	455	488	502	504	510	511	-1	-1	-1	-1	-1	-1	-1	-1	-1	-1	-1	-1	-1	-1	-1
64	105	261	289	336	401	406	410	450	479	484	485	487	488	491	495	499	504	507	-1	-1	-1	-1	-1	-1	-1	-1	-1	-1
10	35	71	93	179	299	311	341	393	407	423	437	457	470	481	482	483	503	507	510	-1	-1	-1	-1	-1	-1	-1	-1	-1
84	162	231	253	266	324	418	474	487	494	509	-1	-1	-1	-1	-1	-1	-1	-1	-1	-1	-1	-1	-1	-1	-1	-1	-1	-1
72	169	174	192	370	386	391	393	405	417	445	481	483	502	503	504	509	-1	-1	-1	-1	-1	-1	-1	-1	-1	-1	-1	-1
164	184	200	226	228	390	448	466	473	482	484	491	494	501	-1	-1	-1	-1	-1	-1	-1	-1	-1	-1	-1	-1	-1	-1	-1
51	58	149	187	347	392	437	484	486	505	510	511	-1	-1	-1	-1	-1	-1	-1	-1	-1	-1	-1	-1	-1	-1	-1	-1	-1
53	69	97	291	358	397	404	419	422	427	438	446	451	452	455	473	482	487	489	492	495	506	508	-1	-1	-1	-1	-1	-1
123	428	465	480	482	483	484	485	494	500	503	509	-1	-1	-1	-1	-1	-1	-1	-1	-1	-1	-1	-1	-1	-1	-1	-1	-1
24	62	108	123	260	289	373	410	433	453	466	473	490	491	495	500	501	504	508	510	-1	-1	-1	-1	-1	-1	-1	-1	-1
59	116	171	221	368	400	405	410	423	434	443	488	496	497	500	502	509	-1	-1	-1	-1	-1	-1	-1	-1	-1	-1	-1	-1
207	210	248	269	433	482	487	494	497	507	-1	-1	-1	-1	-1	-1	-1	-1	-1	-1	-1	-1	-1	-1	-1	-1	-1	-1	-1
68	154	177	183	212	235	411	478	482	488	501	502	503	507	-1	-1	-1	-1	-1	-1	-1	-1	-1	-1	-1	-1	-1	-1	-1
43	136	220	310	386	388	430	443	480	502	503	-1	-1	-1	-1	-1	-1	-1	-1	-1	-1	-1	-1	-1	-1	-1	-1	-1	-1
94	144	230	450	467	475	490	492	495	500	505	506	511	-1	-1	-1	-1	-1	-1	-1	-1	-1	-1	-1	-1	-1	-1	-1	-1
6	138	166	180	261	377	389	419	425	439	447	481	488	490	496	500	511	-1	-1	-1	-1	-1	-1	-1	-1	-1	-1	-1	-1
197	216	219	233	236	416	418	458	464	470	477	478	482	483	487	489	495	497	501	502	503	508	511	-1	-1	-1	-1	-1	-1
126	137	142	169	171	317	394	397	398	408	413	488	494	501	503	509	-1	-1	-1	-1	-1	-1	-1	-1	-1	-1	-1	-1	-1
74	218	277	302	306	325	440	460	491	501	-1	-1	-1	-1	-1	-1	-1	-1	-1	-1	-1	-1	-1	-1	-1	-1	-1	-1	-1
#0.06079804990262481