6	26	28	39	50	62	171	190	503	-1	-1	-1	-1	-1	-1	-1	-1	-1	-1	-1	-1	-1
2	5	8	13	21	28	37	50	171	385	666	-1	-1	-1	-1	-1	-1	-1	-1	-1	-1	-1
23	25	32	35	115	130	180	249	449	506	654	-1	-1	-1	-1	-1	-1	-1	-1	-1	-1	-1
14	15	44	54	87	114	115	164	338	524	645	-1	-1	-1	-1	-1	-1	-1	-1	-1	-1	-1
10	22	32	41	44	74	95	119	136	143	205	374	664	-1	-1	-1	-1	-1	-1	-1	-1	-1
9	33	59	99	116	130	164	182	300	408	-1	-1	-1	-1	-1	-1	-1	-1	-1	-1	-1	-1
3	12	15	27	31	45	46	104	117	231	346	559	-1	-1	-1	-1	-1	-1	-1	-1	-1	-1
3	9	25	60	73	89	103	252	380	478	582	607	671	675	-1	-1	-1	-1	-1	-1	-1	-1
1	11	12	20	27	32	38	72	307	577	-1	-1	-1	-1	-1	-1	-1	-1	-1	-1	-1	-1
10	11	19	34	38	46	73	98	168	175	319	459	690	-1	-1	-1	-1	-1	-1	-1	-1	-1
0	13	22	23	38	140	143	145	359	-1	-1	-1	-1	-1	-1	-1	-1	-1	-1	-1	-1	-1
1	14	21	36	42	87	109	110	144	157	240	333	471	-1	-1	-1	-1	-1	-1	-1	-1	-1
11	14	28	32	33	41	43	177	266	375	594	662	687	-1	-1	-1	-1	-1	-1	-1	-1	-1
6	8	10	15	18	23	33	45	85	95	599	608	651	-1	-1	-1	-1	-1	-1	-1	-1	-1
23	29	42	56	144	184	600	-1	-1	-1	-1	-1	-1	-1	-1	-1	-1	-1	-1	-1	-1	-1
0	11	27	43	44	47	93	131	171	199	624	-1	-1	-1	-1	-1	-1	-1	-1	-1	-1	-1
62	121	142	143	518	547	694	-1	-1	-1	-1	-1	-1	-1	-1	-1	-1	-1	-1	-1	-1	-1
11	22	31	40	68	92	132	155	161	354	498	561	636	-1	-1	-1	-1	-1	-1	-1	-1	-1
2	10	28	29	36	95	159	259	327	400	577	-1	-1	-1	-1	-1	-1	-1	-1	-1	-1	-1
6	43	48	88	198	326	463	-1	-1	-1	-1	-1	-1	-1	-1	-1	-1	-1	-1	-1	-1	-1
1	29	116	134	136	264	290	534	649	657	-1	-1	-1	-1	-1	-1	-1	-1	-1	-1	-1	-1
14	102	137	142	143	149	231	415	649	-1	-1	-1	-1	-1	-1	-1	-1	-1	-1	-1	-1	-1
11	34	119	408	667	-1	-1	-1	-1	-1	-1	-1	-1	-1	-1	-1	-1	-1	-1	-1	-1	-1
3	8	19	36	63	96	135	457	-1	-1	-1	-1	-1	-1	-1	-1	-1	-1	-1	-1	-1	-1
5	38	41	109	118	119	181	328	686	-1	-1	-1	-1	-1	-1	-1	-1	-1	-1	-1	-1	-1
4	103	177	332	651	-1	-1	-1	-1	-1	-1	-1	-1	-1	-1	-1	-1	-1	-1	-1	-1	-1
29	43	50	125	155	159	449	491	567	686	696	748	-1	-1	-1	-1	-1	-1	-1	-1	-1	-1
29	42	45	110	132	205	669	-1	-1	-1	-1	-1	-1	-1	-1	-1	-1	-1	-1	-1	-1	-1
18	23	34	62	70	180	327	507	-1	-1	-1	-1	-1	-1	-1	-1	-1	-1	-1	-1	-1	-1
5	38	170	174	207	480	538	584	-1	-1	-1	-1	-1	-1	-1	-1	-1	-1	-1	-1	-1	-1
0	61	131	187	-1	-1	-1	-1	-1	-1	-1	-1	-1	-1	-1	-1	-1	-1	-1	-1	-1	-1
11	35	38	358	555	644	-1	-1	-1	-1	-1	-1	-1	-1	-1	-1	-1	-1	-1	-1	-1	-1
17	19	24	25	30	34	36	45	87	114	130	140	362	387	395	698	-1	-1	-1	-1	-1	-1
22	44	108	163	195	202	225	393	528	586	-1	-1	-1	-1	-1	-1	-1	-1	-1	-1	-1	-1
3	8	13	18	19	27	44	49	116	652	736	740	-1	-1	-1	-1	-1	-1	-1	-1	-1	-1
0	23	61	111	438	517	548	749	-1	-1	-1	-1	-1	-1	-1	-1	-1	-1	-1	-1	-1	-1
15	43	66	154	544	-1	-1	-1	-1	-1	-1	-1	-1	-1	-1	-1	-1	-1	-1	-1	-1	-1
10	45	224	372	-1	-1	-1	-1	-1	-1	-1	-1	-1	-1	-1	-1	-1	-1	-1	-1	-1	-1
2	11	16	26	53	84	135	632	642	-1	-1	-1	-1	-1	-1	-1	-1	-1	-1	-1	-1	-1
7	13	24	80	83	111	112	128	164	197	234	340	411	614	646	695	-1	-1	-1	-1	-1	-1
7	21	32	118	186	193	202	232	259	320	389	575	698	-1	-1	-1	-1	-1	-1	-1	-1	-1
6	20	24	46	62	85	267	346	641	715	-1	-1	-1	-1	-1	-1	-1	-1	-1	-1	-1	-1
4	15	16	17	18	44	71	120	135	550	607	716	737	-1	-1	-1	-1	-1	-1	-1	-1	-1
12	15	17	38	40	87	149	179	187	297	351	523	592	600	663	724	-1	-1	-1	-1	-1	-1
2	8	29	35	37	66	67	381	-1	-1	-1	-1	-1	-1	-1	-1	-1	-1	-1	-1	-1	-1
1	21	23	27	29	37	47	107	437	618	-1	-1	-1	-1	-1	-1	-1	-1	-1	-1	-1	-1
67	79	86	89	90	138	156	164	375	394	-1	-1	-1	-1	-1	-1	-1	-1	-1	-1	-1	-1
4	57	60	75	77	83	88	91	176	226	-1	-1	-1	-1	-1	-1	-1	-1	-1	-1	-1	-1
30	52	57	61	65	69	72	118	142	562	-1	-1	-1	-1	-1	-1	-1	-1	-1	-1	-1	-1
12	47	101	129	140	182	250	345	362	679	-1	-1	-1	-1	-1	-1	-1	-1	-1	-1	-1	-1
58	66	71	84	87	142	489	629	-1	-1	-1	-1	-1	-1	-1	-1	-1	-1	-1	-1	-1	-1
18	27	29	57	66	81	83	89	91	287	425	721	-1	-1	-1	-1	-1	-1	-1	-1	-1	-1
34	69	70	82	141	179	333	-1	-1	-1	-1	-1	-1	-1	-1	-1	-1	-1	-1	-1	-1	-1
56	66	81	103	133	301	726	-1	-1	-1	-1	-1	-1	-1	-1	-1	-1	-1	-1	-1	-1	-1
24	70	76	81	124	137	298	631	716	-1	-1	-1	-1	-1	-1	-1	-1	-1	-1	-1	-1	-1
10	15	39	52	64	70	73	86	110	149	363	427	-1	-1	-1	-1	-1	-1	-1	-1	-1	-1
10	11	40	43	52	60	70	80	99	107	119	144	155	417	576	709	-1	-1	-1	-1	-1	-1
14	37	68	70	94	96	102	116	195	-1	-1	-1	-1	-1	-1	-1	-1	-1	-1	-1	-1	-1
8	47	80	88	161	435	659	-1	-1	-1	-1	-1	-1	-1	-1	-1	-1	-1	-1	-1	-1	-1
19	29	49	62	66	72	77	78	82	91	96	158	166	168	717	-1	-1	-1	-1	-1	-1	-1
65	129	164	180	535	644	692	-1	-1	-1	-1	-1	-1	-1	-1	-1	-1	-1	-1	-1	-1	-1
4	37	50	60	67	83	152	626	647	652	-1	-1	-1	-1	-1	-1	-1	-1	-1	-1	-1	-1
131	432	-1	-1	-1	-1	-1	-1	-1	-1	-1	-1	-1	-1	-1	-1	-1	-1	-1	-1	-1	-1
21	36	79	93	702	-1	-1	-1	-1	-1	-1	-1	-1	-1	-1	-1	-1	-1	-1	-1	-1	-1
44	72	74	132	337	514	-1	-1	-1	-1	-1	-1	-1	-1	-1	-1	-1	-1	-1	-1	-1	-1
0	34	60	73	132	139	235	396	440	478	516	614	617	-1	-1	-1	-1	-1	-1	-1	-1	-1
68	70	74	79	89	91	104	105	235	279	387	479	483	496	534	602	701	-1	-1	-1	-1	-1
16	52	57	71	78	82	84	87	98	156	335	394	469	502	-1	-1	-1	-1	-1	-1	-1	-1
11	65	73	82	91	115	475	-1	-1	-1	-1	-1	-1	-1	-1	-1	-1	-1	-1	-1	-1	-1
28	43	51	65	80	124	185	200	509	524	723	744	-1	-1	-1	-1	-1	-1	-1	-1	-1	-1
9	36	45	48	60	149	653	-1	-1	-1	-1	-1	-1	-1	-1	-1	-1	-1	-1	-1	-1	-1
13	28	45	69	74	76	81	82	93	120	139	260	309	372	-1	-1	-1	-1	-1	-1	-1	-1
30	48	63	79	82	89	152	259	608	639	-1	-1	-1	-1	-1	-1	-1	-1	-1	-1	-1	-1
1	50	52	57	68	86	87	110	119	647	-1	-1	-1	-1	-1	-1	-1	-1	-1	-1	-1	-1
29	44	53	56	62	67	76	152	177	288	436	-1	-1	-1	-1	-1	-1	-1	-1	-1	-1	-1
16	48	59	66	68	73	89	168	193	529	558	578	660	666	-1	-1	-1	-1	-1	-1	-1	-1
14	44	48	63	72	84	88	90	91	140	144	177	319	465	573	723	-1	-1	-1	-1	-1	-1
50	66	75	85	299	-1	-1	-1	-1	-1	-1	-1	-1	-1	-1	-1	-1	-1	-1	-1	-1	-1
42	63	84	88	110	173	179	299	355	577	-1	-1	-1	-1	-1	-1	-1	-1	-1	-1	-1	-1
17	73	81	82	85	107	146	185	660	674	-1	-1	-1	-1	-1	-1	-1	-1	-1	-1	-1	-1
28	48	58	60	65	66	83	111	134	200	222	347	358	659	704	-1	-1	-1	-1	-1	-1	-1
46	53	57	58	70	94	176	178	182	245	283	293	469	645	-1	-1	-1	-1	-1	-1	-1	-1
25	33	80	104	273	328	549	-1	-1	-1	-1	-1	-1	-1	-1	-1	-1	-1	-1	-1	-1	-1
60	74	82	119	134	186	189	246	296	385	-1	-1	-1	-1	-1	-1	-1	-1	-1	-1	-1	-1
1	58	62	63	72	75	81	132	160	328	605	-1	-1	-1	-1	-1	-1	-1	-1	-1	-1	-1
3	67	89	103	119	123	278	671	-1	-1	-1	-1	-1	-1	-1	-1	-1	-1	-1	-1	-1	-1
12	17	58	59	60	65	76	89	91	177	181	192	519	557	-1	-1	-1	-1	-1	-1	-1	-1
22	51	53	57	66	75	107	116	167	276	315	339	554	567	-1	-1	-1	-1	-1	-1	-1	-1
48	58	61	62	75	173	523	-1	-1	-1	-1	-1	-1	-1	-1	-1	-1	-1	-1	-1	-1	-1
36	40	41	72	87	94	112	114	419	421	504	643	-1	-1	-1	-1	-1	-1	-1	-1	-1	-1
68	70	175	221	622	-1	-1	-1	-1	-1	-1	-1	-1	-1	-1	-1	-1	-1	-1	-1	-1	-1
46	63	72	80	82	87	98	109	418	606	673	-1	-1	-1	-1	-1	-1	-1	-1	-1	-1	-1
39	61	63	89	99	108	118	149	167	388	601	-1	-1	-1	-1	-1	-1	-1	-1	-1	-1	-1
0	7	32	55	94	137	145	169	180	709	-1	-1	-1	-1	-1	-1	-1	-1	-1	-1	-1	-1
36	72	111	114	121	129	133	135	137	154	175	186	346	516	-1	-1	-1	-1	-1	-1	-1	-1
9	46	94	101	106	115	116	123	137	162	-1	-1	-1	-1	-1	-1	-1	-1	-1	-1	-1	-1
7	77	110	118	126	153	272	346	547	705	746	-1	-1	-1	-1	-1	-1	-1	-1	-1	-1	-1
29	35	46	74	82	92	93	96	141	176	302	432	-1	-1	-1	-1	-1	-1	-1	-1	-1	-1
12	99	102	120	129	650	-1	-1	-1	-1	-1	-1	-1	-1	-1	-1	-1	-1	-1	-1	-1	-1
21	30	78	81	92	105	118	143	-1	-1	-1	-1	-1	-1	-1	-1	-1	-1	-1	-1	-1	-1
11	20	105	122	181	218	248	382	-1	-1	-1	-1	-1	-1	-1	-1	-1	-1	-1	-1	-1	-1
118	147	169	205	328	630	725	-1	-1	-1	-1	-1	-1	-1	-1	-1	-1	-1	-1	-1	-1	-1
51	60	85	98	112	117	124	131	136	140	160	162	501	538	554	-1	-1	-1	-1	-1	-1	-1
46	51	90	99	113	145	308	334	-1	-1	-1	-1	-1	-1	-1	-1	-1	-1	-1	-1	-1	-1
32	83	97	107	111	127	130	135	178	403	530	-1	-1	-1	-1	-1	-1	-1	-1	-1	-1	-1
1	21	48	74	91	94	103	104	107	115	122	129	133	178	284	571	-1	-1	-1	-1	-1	-1
7	21	29	128	265	-1	-1	-1	-1	-1	-1	-1	-1	-1	-1	-1	-1	-1	-1	-1	-1	-1
22	40	72	96	105	114	125	156	446	531	617	-1	-1	-1	-1	-1	-1	-1	-1	-1	-1	-1
70	106	113	134	137	153	257	277	420	513	-1	-1	-1	-1	-1	-1	-1	-1	-1	-1	-1	-1
44	94	103	186	-1	-1	-1	-1	-1	-1	-1	-1	-1	-1	-1	-1	-1	-1	-1	-1	-1	-1
74	80	114	115	126	131	195	520	-1	-1	-1	-1	-1	-1	-1	-1	-1	-1	-1	-1	-1	-1
79	84	115	134	140	377	727	729	-1	-1	-1	-1	-1	-1	-1	-1	-1	-1	-1	-1	-1	-1
3	69	124	128	137	181	307	433	471	681	709	715	-1	-1	-1	-1	-1	-1	-1	-1	-1	-1
23	112	114	122	127	128	129	168	290	309	-1	-1	-1	-1	-1	-1	-1	-1	-1	-1	-1	-1
49	96	98	101	108	117	131	483	525	-1	-1	-1	-1	-1	-1	-1	-1	-1	-1	-1	-1	-1
18	34	107	124	126	127	147	161	182	366	372	734	741	-1	-1	-1	-1	-1	-1	-1	-1	-1
92	94	552	-1	-1	-1	-1	-1	-1	-1	-1	-1	-1	-1	-1	-1	-1	-1	-1	-1	-1	-1
4	24	47	58	70	78	107	109	152	167	290	368	-1	-1	-1	-1	-1	-1	-1	-1	-1	-1
13	34	52	65	87	122	132	137	170	188	315	329	473	489	528	619	-1	-1	-1	-1	-1	-1
76	80	84	92	136	268	331	554	-1	-1	-1	-1	-1	-1	-1	-1	-1	-1	-1	-1	-1	-1
11	110	114	121	154	175	364	393	535	632	673	740	-1	-1	-1	-1	-1	-1	-1	-1	-1	-1
23	40	50	71	96	106	110	156	159	257	260	370	450	612	-1	-1	-1	-1	-1	-1	-1	-1
12	51	83	95	102	107	111	126	131	134	-1	-1	-1	-1	-1	-1	-1	-1	-1	-1	-1	-1
28	65	101	103	115	125	126	152	176	234	-1	-1	-1	-1	-1	-1	-1	-1	-1	-1	-1	-1
0	96	98	130	160	307	392	464	573	-1	-1	-1	-1	-1	-1	-1	-1	-1	-1	-1	-1	-1
34	45	85	107	110	117	120	126	137	280	418	607	-1	-1	-1	-1	-1	-1	-1	-1	-1	-1
122	125	127	128	182	206	218	392	651	715	-1	-1	-1	-1	-1	-1	-1	-1	-1	-1	-1	-1
98	112	134	173	503	-1	-1	-1	-1	-1	-1	-1	-1	-1	-1	-1	-1	-1	-1	-1	-1	-1
20	44	72	97	105	107	110	127	129	159	202	387	672	-1	-1	-1	-1	-1	-1	-1	-1	-1
29	39	102	105	178	624	-1	-1	-1	-1	-1	-1	-1	-1	-1	-1	-1	-1	-1	-1	-1	-1
9	12	62	68	105	129	136	435	509	637	690	-1	-1	-1	-1	-1	-1	-1	-1	-1	-1	-1
110	125	130	148	178	237	263	314	612	-1	-1	-1	-1	-1	-1	-1	-1	-1	-1	-1	-1	-1
32	77	99	105	112	133	145	151	179	250	480	491	-1	-1	-1	-1	-1	-1	-1	-1	-1	-1
56	77	78	95	102	126	151	173	249	399	-1	-1	-1	-1	-1	-1	-1	-1	-1	-1	-1	-1
65	87	103	110	132	244	331	550	656	701	719	-1	-1	-1	-1	-1	-1	-1	-1	-1	-1	-1
4	65	102	112	115	124	178	-1	-1	-1	-1	-1	-1	-1	-1	-1	-1	-1	-1	-1	-1	-1
49	79	84	93	102	115	119	124	126	185	586	719	-1	-1	-1	-1	-1	-1	-1	-1	-1	-1
51	55	77	78	83	88	119	130	151	446	541	567	688	-1	-1	-1	-1	-1	-1	-1	-1	-1
1	2	146	151	157	179	208	716	-1	-1	-1	-1	-1	-1	-1	-1	-1	-1	-1	-1	-1	-1
11	91	158	424	719	-1	-1	-1	-1	-1	-1	-1	-1	-1	-1	-1	-1	-1	-1	-1	-1	-1
47	69	73	89	141	143	146	175	180	334	340	416	424	567	698	-1	-1	-1	-1	-1	-1	-1
52	89	109	156	163	189	206	582	-1	-1	-1	-1	-1	-1	-1	-1	-1	-1	-1	-1	-1	-1
4	63	64	94	106	111	137	170	175	182	197	202	213	309	432	-1	-1	-1	-1	-1	-1	-1
4	47	61	62	75	76	104	107	116	134	142	148	156	165	169	170	171	302	445	510	515	519
8	57	99	174	176	182	-1	-1	-1	-1	-1	-1	-1	-1	-1	-1	-1	-1	-1	-1	-1	-1
4	107	147	174	177	400	499	545	624	744	-1	-1	-1	-1	-1	-1	-1	-1	-1	-1	-1	-1
84	101	135	154	167	190	250	489	599	672	-1	-1	-1	-1	-1	-1	-1	-1	-1	-1	-1	-1
28	132	140	165	220	319	654	-1	-1	-1	-1	-1	-1	-1	-1	-1	-1	-1	-1	-1	-1	-1
24	96	106	151	152	160	163	165	282	359	381	449	624	727	-1	-1	-1	-1	-1	-1	-1	-1
48	114	169	511	-1	-1	-1	-1	-1	-1	-1	-1	-1	-1	-1	-1	-1	-1	-1	-1	-1	-1
5	12	49	71	73	118	143	148	153	155	176	180	185	349	395	505	525	-1	-1	-1	-1	-1
13	93	141	161	172	200	405	-1	-1	-1	-1	-1	-1	-1	-1	-1	-1	-1	-1	-1	-1	-1
9	21	96	126	147	156	248	312	545	567	575	688	749	-1	-1	-1	-1	-1	-1	-1	-1	-1
104	141	174	175	182	-1	-1	-1	-1	-1	-1	-1	-1	-1	-1	-1	-1	-1	-1	-1	-1	-1
0	35	40	50	179	265	-1	-1	-1	-1	-1	-1	-1	-1	-1	-1	-1	-1	-1	-1	-1	-1
13	46	54	72	99	109	141	147	152	154	160	165	183	218	473	636	723	-1	-1	-1	-1	-1
139	161	164	278	453	529	698	-1	-1	-1	-1	-1	-1	-1	-1	-1	-1	-1	-1	-1	-1	-1
3	32	116	156	-1	-1	-1	-1	-1	-1	-1	-1	-1	-1	-1	-1	-1	-1	-1	-1	-1	-1
124	152	181	221	257	435	455	-1	-1	-1	-1	-1	-1	-1	-1	-1	-1	-1	-1	-1	-1	-1
34	145	166	176	384	710	-1	-1	-1	-1	-1	-1	-1	-1	-1	-1	-1	-1	-1	-1	-1	-1
1	137	141	143	229	254	743	-1	-1	-1	-1	-1	-1	-1	-1	-1	-1	-1	-1	-1	-1	-1
30	56	149	154	269	518	554	-1	-1	-1	-1	-1	-1	-1	-1	-1	-1	-1	-1	-1	-1	-1
0	4	34	56	63	70	74	82	93	127	148	149	155	173	179	279	289	389	421	738	-1	-1
21	84	86	103	141	150	169	175	286	413	486	665	-1	-1	-1	-1	-1	-1	-1	-1	-1	-1
28	30	40	110	118	135	143	145	154	156	167	183	298	306	387	508	-1	-1	-1	-1	-1	-1
28	41	63	66	107	151	152	164	178	181	309	366	693	-1	-1	-1	-1	-1	-1	-1	-1	-1
39	75	131	143	206	377	380	592	-1	-1	-1	-1	-1	-1	-1	-1	-1	-1	-1	-1	-1	-1
19	67	118	150	171	173	178	202	236	291	423	576	697	-1	-1	-1	-1	-1	-1	-1	-1	-1
47	93	144	149	164	454	-1	-1	-1	-1	-1	-1	-1	-1	-1	-1	-1	-1	-1	-1	-1	-1
88	101	142	153	171	175	180	339	456	512	535	-1	-1	-1	-1	-1	-1	-1	-1	-1	-1	-1
118	143	330	373	422	481	491	-1	-1	-1	-1	-1	-1	-1	-1	-1	-1	-1	-1	-1	-1	-1
16	72	75	80	84	89	153	159	169	204	430	577	712	-1	-1	-1	-1	-1	-1	-1	-1	-1
24	39	78	81	128	142	149	152	178	180	239	596	642	-1	-1	-1	-1	-1	-1	-1	-1	-1
4	60	141	148	149	154	171	182	236	278	338	388	455	623	724	-1	-1	-1	-1	-1	-1	-1
109	122	141	144	147	163	164	176	530	-1	-1	-1	-1	-1	-1	-1	-1	-1	-1	-1	-1	-1
17	69	160	165	228	470	719	-1	-1	-1	-1	-1	-1	-1	-1	-1	-1	-1	-1	-1	-1	-1
7	86	93	114	126	150	159	179	405	-1	-1	-1	-1	-1	-1	-1	-1	-1	-1	-1	-1	-1
61	75	109	113	149	157	160	165	173	359	401	433	518	670	679	-1	-1	-1	-1	-1	-1	-1
49	76	164	182	413	438	-1	-1	-1	-1	-1	-1	-1	-1	-1	-1	-1	-1	-1	-1	-1	-1
14	20	55	91	139	144	159	170	320	506	508	582	-1	-1	-1	-1	-1	-1	-1	-1	-1	-1
5	72	108	117	142	144	145	149	150	170	176	345	703	711	-1	-1	-1	-1	-1	-1	-1	-1
14	37	59	81	96	112	138	141	144	153	172	436	482	596	-1	-1	-1	-1	-1	-1	-1	-1
158	562	706	-1	-1	-1	-1	-1	-1	-1	-1	-1	-1	-1	-1	-1	-1	-1	-1	-1	-1	-1
89	117	139	147	167	168	437	-1	-1	-1	-1	-1	-1	-1	-1	-1	-1	-1	-1	-1	-1	-1
89	97	222	228	-1	-1	-1	-1	-1	-1	-1	-1	-1	-1	-1	-1	-1	-1	-1	-1	-1	-1
17	79	91	107	188	210	213	215	217	223	332	723	-1	-1	-1	-1	-1	-1	-1	-1	-1	-1
18	122	170	176	187	192	197	200	202	207	219	224	256	430	-1	-1	-1	-1	-1	-1	-1	-1
131	212	263	338	368	412	558	671	696	-1	-1	-1	-1	-1	-1	-1	-1	-1	-1	-1	-1	-1
52	61	190	202	357	367	523	535	724	-1	-1	-1	-1	-1	-1	-1	-1	-1	-1	-1	-1	-1
32	195	196	208	211	215	224	510	724	-1	-1	-1	-1	-1	-1	-1	-1	-1	-1	-1	-1	-1
194	198	217	220	227	237	272	279	366	534	654	683	-1	-1	-1	-1	-1	-1	-1	-1	-1	-1
193	197	198	215	219	225	275	297	302	310	366	476	514	607	-1	-1	-1	-1	-1	-1	-1	-1
196	197	217	219	226	227	241	286	329	413	689	716	745	-1	-1	-1	-1	-1	-1	-1	-1	-1
0	196	200	203	251	341	-1	-1	-1	-1	-1	-1	-1	-1	-1	-1	-1	-1	-1	-1	-1	-1
24	92	149	185	189	206	218	277	374	689	-1	-1	-1	-1	-1	-1	-1	-1	-1	-1	-1	-1
73	107	179	192	193	194	206	255	290	292	345	348	369	597	-1	-1	-1	-1	-1	-1	-1	-1
17	60	200	214	331	354	443	-1	-1	-1	-1	-1	-1	-1	-1	-1	-1	-1	-1	-1	-1	-1
186	192	281	314	345	437	542	553	698	-1	-1	-1	-1	-1	-1	-1	-1	-1	-1	-1	-1	-1
44	84	131	185	197	209	227	265	635	690	-1	-1	-1	-1	-1	-1	-1	-1	-1	-1	-1	-1
61	75	192	193	201	326	342	365	373	427	-1	-1	-1	-1	-1	-1	-1	-1	-1	-1	-1	-1
189	212	215	223	224	366	537	601	-1	-1	-1	-1	-1	-1	-1	-1	-1	-1	-1	-1	-1	-1
187	195	199	228	314	690	-1	-1	-1	-1	-1	-1	-1	-1	-1	-1	-1	-1	-1	-1	-1	-1
125	185	186	276	357	366	513	-1	-1	-1	-1	-1	-1	-1	-1	-1	-1	-1	-1	-1	-1	-1
115	211	220	274	326	352	404	410	505	623	-1	-1	-1	-1	-1	-1	-1	-1	-1	-1	-1	-1
188	196	203	209	234	238	249	275	291	297	299	304	324	331	393	-1	-1	-1	-1	-1	-1	-1
188	223	226	349	371	573	-1	-1	-1	-1	-1	-1	-1	-1	-1	-1	-1	-1	-1	-1	-1	-1
164	217	219	223	593	634	729	-1	-1	-1	-1	-1	-1	-1	-1	-1	-1	-1	-1	-1	-1	-1
151	186	187	197	199	203	212	221	254	323	331	364	392	565	663	-1	-1	-1	-1	-1	-1	-1
123	187	194	205	229	284	488	535	624	646	-1	-1	-1	-1	-1	-1	-1	-1	-1	-1	-1	-1
207	214	217	220	238	280	291	-1	-1	-1	-1	-1	-1	-1	-1	-1	-1	-1	-1	-1	-1	-1
69	188	221	244	348	386	522	-1	-1	-1	-1	-1	-1	-1	-1	-1	-1	-1	-1	-1	-1	-1
115	117	190	193	199	205	213	221	312	329	342	499	721	-1	-1	-1	-1	-1	-1	-1	-1	-1
14	64	176	198	213	241	255	347	388	544	636	-1	-1	-1	-1	-1	-1	-1	-1	-1	-1	-1
74	190	206	224	229	232	264	490	-1	-1	-1	-1	-1	-1	-1	-1	-1	-1	-1	-1	-1	-1
17	190	207	211	254	265	497	551	668	-1	-1	-1	-1	-1	-1	-1	-1	-1	-1	-1	-1	-1
184	188	192	213	222	226	227	293	459	584	650	-1	-1	-1	-1	-1	-1	-1	-1	-1	-1	-1
71	171	185	191	201	221	224	278	357	609	677	-1	-1	-1	-1	-1	-1	-1	-1	-1	-1	-1
187	188	243	261	282	307	353	363	-1	-1	-1	-1	-1	-1	-1	-1	-1	-1	-1	-1	-1	-1
198	201	212	248	297	-1	-1	-1	-1	-1	-1	-1	-1	-1	-1	-1	-1	-1	-1	-1	-1	-1
189	205	246	308	347	358	386	-1	-1	-1	-1	-1	-1	-1	-1	-1	-1	-1	-1	-1	-1	-1
156	196	203	205	214	222	229	234	259	299	361	516	716	-1	-1	-1	-1	-1	-1	-1	-1	-1
134	152	184	203	210	219	234	270	299	309	323	346	356	432	605	624	653	-1	-1	-1	-1	-1
35	188	189	191	192	208	218	274	279	327	360	369	505	648	-1	-1	-1	-1	-1	-1	-1	-1
51	189	191	211	221	228	237	241	296	327	329	330	372	519	-1	-1	-1	-1	-1	-1	-1	-1
188	200	209	228	251	254	317	327	516	614	749	-1	-1	-1	-1	-1	-1	-1	-1	-1	-1	-1
206	216	240	381	402	479	576	609	630	-1	-1	-1	-1	-1	-1	-1	-1	-1	-1	-1	-1	-1
194	199	212	220	259	272	306	-1	-1	-1	-1	-1	-1	-1	-1	-1	-1	-1	-1	-1	-1	-1
115	190	205	223	224	225	228	468	552	723	-1	-1	-1	-1	-1	-1	-1	-1	-1	-1	-1	-1
71	185	193	195	199	202	205	217	220	223	229	249	266	361	547	555	558	658	725	-1	-1	-1
185	188	190	195	206	212	214	223	285	293	624	-1	-1	-1	-1	-1	-1	-1	-1	-1	-1	-1
10	42	189	239	247	269	272	-1	-1	-1	-1	-1	-1	-1	-1	-1	-1	-1	-1	-1	-1	-1
37	57	77	142	232	233	239	242	295	305	359	582	653	678	-1	-1	-1	-1	-1	-1	-1	-1
69	192	252	257	259	272	288	504	701	-1	-1	-1	-1	-1	-1	-1	-1	-1	-1	-1	-1	-1
111	242	252	349	381	-1	-1	-1	-1	-1	-1	-1	-1	-1	-1	-1	-1	-1	-1	-1	-1	-1
25	198	246	256	260	326	520	549	642	-1	-1	-1	-1	-1	-1	-1	-1	-1	-1	-1	-1	-1
79	191	230	249	275	353	382	385	532	621	-1	-1	-1	-1	-1	-1	-1	-1	-1	-1	-1	-1
193	224	239	245	246	355	392	404	409	523	604	-1	-1	-1	-1	-1	-1	-1	-1	-1	-1	-1
251	267	268	270	280	301	310	379	505	539	552	636	-1	-1	-1	-1	-1	-1	-1	-1	-1	-1
196	247	321	502	578	-1	-1	-1	-1	-1	-1	-1	-1	-1	-1	-1	-1	-1	-1	-1	-1	-1
203	211	223	233	235	253	258	270	271	273	276	310	513	519	-1	-1	-1	-1	-1	-1	-1	-1
199	200	210	245	254	259	261	269	360	373	454	581	-1	-1	-1	-1	-1	-1	-1	-1	-1	-1
149	154	242	245	253	269	273	286	326	386	434	479	484	730	-1	-1	-1	-1	-1	-1	-1	-1
212	226	246	247	272	325	615	-1	-1	-1	-1	-1	-1	-1	-1	-1	-1	-1	-1	-1	-1	-1
170	209	214	234	237	240	242	252	254	261	307	325	423	545	661	-1	-1	-1	-1	-1	-1	-1
224	242	263	264	268	297	300	306	370	547	570	614	722	-1	-1	-1	-1	-1	-1	-1	-1	-1
74	242	248	252	260	263	266	312	353	366	513	518	604	638	729	-1	-1	-1	-1	-1	-1	-1
34	230	240	258	275	296	308	320	339	448	457	516	649	-1	-1	-1	-1	-1	-1	-1	-1	-1
220	231	254	263	360	364	632	640	-1	-1	-1	-1	-1	-1	-1	-1	-1	-1	-1	-1	-1	-1
56	239	242	250	256	263	366	370	604	-1	-1	-1	-1	-1	-1	-1	-1	-1	-1	-1	-1	-1
239	245	299	336	523	-1	-1	-1	-1	-1	-1	-1	-1	-1	-1	-1	-1	-1	-1	-1	-1	-1
68	233	236	244	251	252	266	351	363	404	533	552	-1	-1	-1	-1	-1	-1	-1	-1	-1	-1
96	216	228	231	241	286	300	304	327	341	351	364	487	684	-1	-1	-1	-1	-1	-1	-1	-1
70	190	236	269	289	305	472	577	599	638	727	-1	-1	-1	-1	-1	-1	-1	-1	-1	-1	-1
122	231	237	240	256	259	261	564	593	644	-1	-1	-1	-1	-1	-1	-1	-1	-1	-1	-1	-1
58	85	230	237	257	258	277	299	370	508	558	-1	-1	-1	-1	-1	-1	-1	-1	-1	-1	-1
222	234	244	245	250	260	266	316	363	695	698	713	714	-1	-1	-1	-1	-1	-1	-1	-1	-1
213	232	234	240	242	247	304	566	601	643	655	-1	-1	-1	-1	-1	-1	-1	-1	-1	-1	-1
107	203	232	239	243	252	259	273	291	297	320	340	341	381	595	602	-1	-1	-1	-1	-1	-1
71	111	213	239	243	245	369	424	437	708	725	-1	-1	-1	-1	-1	-1	-1	-1	-1	-1	-1
130	137	188	247	274	275	303	321	448	614	-1	-1	-1	-1	-1	-1	-1	-1	-1	-1	-1	-1
51	192	215	233	235	238	244	255	265	333	362	406	475	-1	-1	-1	-1	-1	-1	-1	-1	-1
145	234	236	247	250	281	305	324	373	421	526	624	635	746	-1	-1	-1	-1	-1	-1	-1	-1
232	267	309	327	513	687	-1	-1	-1	-1	-1	-1	-1	-1	-1	-1	-1	-1	-1	-1	-1	-1
237	247	260	262	308	345	369	-1	-1	-1	-1	-1	-1	-1	-1	-1	-1	-1	-1	-1	-1	-1
226	246	247	248	254	325	336	-1	-1	-1	-1	-1	-1	-1	-1	-1	-1	-1	-1	-1	-1	-1
121	195	246	248	253	274	312	636	-1	-1	-1	-1	-1	-1	-1	-1	-1	-1	-1	-1	-1	-1
107	170	234	248	260	284	552	633	714	-1	-1	-1	-1	-1	-1	-1	-1	-1	-1	-1	-1	-1
43	99	189	246	252	254	271	322	345	388	721	-1	-1	-1	-1	-1	-1	-1	-1	-1	-1	-1
211	239	245	260	331	373	622	-1	-1	-1	-1	-1	-1	-1	-1	-1	-1	-1	-1	-1	-1	-1
18	48	206	213	248	261	268	294	300	309	320	325	328	343	359	470	595	698	-1	-1	-1	-1
205	232	241	264	299	330	348	364	513	585	-1	-1	-1	-1	-1	-1	-1	-1	-1	-1	-1	-1
131	193	248	250	253	255	261	296	354	401	470	-1	-1	-1	-1	-1	-1	-1	-1	-1	-1	-1
17	194	205	231	246	255	264	292	304	326	418	523	-1	-1	-1	-1	-1	-1	-1	-1	-1	-1
69	202	239	245	249	262	267	398	447	-1	-1	-1	-1	-1	-1	-1	-1	-1	-1	-1	-1	-1
206	230	234	250	368	371	420	-1	-1	-1	-1	-1	-1	-1	-1	-1	-1	-1	-1	-1	-1	-1
218	220	249	253	255	256	278	299	323	331	346	435	514	543	656	665	-1	-1	-1	-1	-1	-1
44	109	209	227	257	274	284	285	320	329	395	446	502	616	-1	-1	-1	-1	-1	-1	-1	-1
123	224	289	296	303	368	690	-1	-1	-1	-1	-1	-1	-1	-1	-1	-1	-1	-1	-1	-1	-1
187	193	197	208	225	254	277	284	293	309	312	333	357	448	454	692	-1	-1	-1	-1	-1	-1
42	51	134	187	280	300	319	331	360	734	-1	-1	-1	-1	-1	-1	-1	-1	-1	-1	-1	-1
50	222	276	291	301	304	310	311	314	445	533	699	721	738	-1	-1	-1	-1	-1	-1	-1	-1
159	202	208	235	251	298	311	312	314	315	319	466	608	-1	-1	-1	-1	-1	-1	-1	-1	-1
41	244	273	281	294	309	412	481	616	617	-1	-1	-1	-1	-1	-1	-1	-1	-1	-1	-1	-1
36	153	268	293	295	315	320	380	612	-1	-1	-1	-1	-1	-1	-1	-1	-1	-1	-1	-1	-1
199	233	244	281	287	307	313	341	348	397	537	686	-1	-1	-1	-1	-1	-1	-1	-1	-1	-1
21	265	281	292	298	318	340	385	414	511	-1	-1	-1	-1	-1	-1	-1	-1	-1	-1	-1	-1
96	184	241	247	279	305	312	314	368	613	641	717	-1	-1	-1	-1	-1	-1	-1	-1	-1	-1
146	254	260	280	282	289	300	349	661	725	-1	-1	-1	-1	-1	-1	-1	-1	-1	-1	-1	-1
6	194	199	203	226	269	286	299	317	319	353	401	592	-1	-1	-1	-1	-1	-1	-1	-1	-1
305	313	343	346	349	353	354	368	377	539	623	-1	-1	-1	-1	-1	-1	-1	-1	-1	-1	-1
83	162	316	374	403	407	422	658	-1	-1	-1	-1	-1	-1	-1	-1	-1	-1	-1	-1	-1	-1
245	281	315	320	337	384	544	-1	-1	-1	-1	-1	-1	-1	-1	-1	-1	-1	-1	-1	-1	-1
104	215	235	261	302	317	647	673	-1	-1	-1	-1	-1	-1	-1	-1	-1	-1	-1	-1	-1	-1
245	259	263	297	298	300	302	316	668	-1	-1	-1	-1	-1	-1	-1	-1	-1	-1	-1	-1	-1
0	194	288	290	313	581	-1	-1	-1	-1	-1	-1	-1	-1	-1	-1	-1	-1	-1	-1	-1	-1
148	163	199	291	301	309	320	321	347	487	556	-1	-1	-1	-1	-1	-1	-1	-1	-1	-1	-1
79	228	285	294	301	303	305	318	546	572	-1	-1	-1	-1	-1	-1	-1	-1	-1	-1	-1	-1
59	197	216	227	267	283	304	315	317	582	606	663	-1	-1	-1	-1	-1	-1	-1	-1	-1	-1
44	90	193	289	293	301	305	329	340	688	-1	-1	-1	-1	-1	-1	-1	-1	-1	-1	-1	-1
48	56	172	187	243	279	286	300	301	310	347	430	536	-1	-1	-1	-1	-1	-1	-1	-1	-1
198	254	285	291	363	373	707	-1	-1	-1	-1	-1	-1	-1	-1	-1	-1	-1	-1	-1	-1	-1
118	190	206	208	216	220	233	314	316	469	513	-1	-1	-1	-1	-1	-1	-1	-1	-1	-1	-1
39	142	256	258	260	268	279	306	313	315	329	639	-1	-1	-1	-1	-1	-1	-1	-1	-1	-1
292	362	366	420	447	493	-1	-1	-1	-1	-1	-1	-1	-1	-1	-1	-1	-1	-1	-1	-1	-1
159	244	253	276	278	279	286	293	306	335	418	491	500	555	-1	-1	-1	-1	-1	-1	-1	-1
77	221	234	259	265	309	310	411	420	749	-1	-1	-1	-1	-1	-1	-1	-1	-1	-1	-1	-1
211	233	260	277	301	316	321	341	353	487	-1	-1	-1	-1	-1	-1	-1	-1	-1	-1	-1	-1
45	155	269	282	286	315	321	474	621	732	742	-1	-1	-1	-1	-1	-1	-1	-1	-1	-1	-1
153	165	274	280	287	292	305	311	326	330	-1	-1	-1	-1	-1	-1	-1	-1	-1	-1	-1	-1
154	188	231	245	277	294	299	333	651	-1	-1	-1	-1	-1	-1	-1	-1	-1	-1	-1	-1	-1
187	253	278	297	319	348	373	495	696	-1	-1	-1	-1	-1	-1	-1	-1	-1	-1	-1	-1	-1
179	193	212	279	281	284	321	344	489	-1	-1	-1	-1	-1	-1	-1	-1	-1	-1	-1	-1	-1
79	231	281	283	292	294	296	298	313	317	472	488	566	669	683	-1	-1	-1	-1	-1	-1	-1
59	109	158	203	218	278	321	324	586	722	-1	-1	-1	-1	-1	-1	-1	-1	-1	-1	-1	-1
174	278	285	315	320	330	374	387	473	724	-1	-1	-1	-1	-1	-1	-1	-1	-1	-1	-1	-1
89	183	214	239	268	272	284	318	319	320	637	-1	-1	-1	-1	-1	-1	-1	-1	-1	-1	-1
203	276	279	285	304	317	526	-1	-1	-1	-1	-1	-1	-1	-1	-1	-1	-1	-1	-1	-1	-1
170	272	274	283	304	341	382	401	597	732	-1	-1	-1	-1	-1	-1	-1	-1	-1	-1	-1	-1
46	190	202	316	585	-1	-1	-1	-1	-1	-1	-1	-1	-1	-1	-1	-1	-1	-1	-1	-1	-1
61	150	192	267	289	310	366	-1	-1	-1	-1	-1	-1	-1	-1	-1	-1	-1	-1	-1	-1	-1
218	282	285	287	288	293	295	305	321	330	358	367	638	-1	-1	-1	-1	-1	-1	-1	-1	-1
84	158	233	236	262	314	317	320	339	347	354	358	-1	-1	-1	-1	-1	-1	-1	-1	-1	-1
216	271	300	312	325	326	328	363	384	393	481	552	639	-1	-1	-1	-1	-1	-1	-1	-1	-1
264	345	348	351	352	366	398	529	599	-1	-1	-1	-1	-1	-1	-1	-1	-1	-1	-1	-1	-1
248	268	332	335	337	340	341	344	348	359	370	737	-1	-1	-1	-1	-1	-1	-1	-1	-1	-1
133	269	280	296	319	337	339	340	349	399	628	-1	-1	-1	-1	-1	-1	-1	-1	-1	-1	-1
16	252	320	328	332	344	355	582	703	-1	-1	-1	-1	-1	-1	-1	-1	-1	-1	-1	-1	-1
46	190	240	243	262	270	323	338	349	364	478	-1	-1	-1	-1	-1	-1	-1	-1	-1	-1	-1
231	241	248	260	339	350	353	357	363	506	-1	-1	-1	-1	-1	-1	-1	-1	-1	-1	-1	-1
206	223	243	244	303	320	326	333	352	363	-1	-1	-1	-1	-1	-1	-1	-1	-1	-1	-1	-1
239	249	281	302	318	342	344	352	360	362	408	598	628	672	706	-1	-1	-1	-1	-1	-1	-1
60	61	140	209	287	344	350	353	361	364	553	624	709	-1	-1	-1	-1	-1	-1	-1	-1	-1
3	345	350	351	360	362	466	589	-1	-1	-1	-1	-1	-1	-1	-1	-1	-1	-1	-1	-1	-1
290	297	322	343	364	491	523	660	747	-1	-1	-1	-1	-1	-1	-1	-1	-1	-1	-1	-1	-1
300	305	353	365	509	-1	-1	-1	-1	-1	-1	-1	-1	-1	-1	-1	-1	-1	-1	-1	-1	-1
234	319	324	332	338	356	367	383	557	-1	-1	-1	-1	-1	-1	-1	-1	-1	-1	-1	-1	-1
135	337	347	458	537	621	742	-1	-1	-1	-1	-1	-1	-1	-1	-1	-1	-1	-1	-1	-1	-1
270	291	329	338	504	-1	-1	-1	-1	-1	-1	-1	-1	-1	-1	-1	-1	-1	-1	-1	-1	-1
45	103	108	190	282	330	344	352	355	361	363	416	730	-1	-1	-1	-1	-1	-1	-1	-1	-1
201	235	239	247	270	294	325	328	329	338	353	637	-1	-1	-1	-1	-1	-1	-1	-1	-1	-1
163	192	206	231	241	247	266	288	322	338	359	702	-1	-1	-1	-1	-1	-1	-1	-1	-1	-1
116	219	267	306	315	322	340	344	350	355	364	367	670	671	-1	-1	-1	-1	-1	-1	-1	-1
212	303	309	331	343	-1	-1	-1	-1	-1	-1	-1	-1	-1	-1	-1	-1	-1	-1	-1	-1	-1
0	5	41	270	317	324	351	354	365	-1	-1	-1	-1	-1	-1	-1	-1	-1	-1	-1	-1	-1
200	287	338	342	357	378	538	690	721	-1	-1	-1	-1	-1	-1	-1	-1	-1	-1	-1	-1	-1
216	263	291	316	342	350	356	358	578	672	678	-1	-1	-1	-1	-1	-1	-1	-1	-1	-1	-1
42	247	278	310	316	325	331	332	333	615	652	666	742	-1	-1	-1	-1	-1	-1	-1	-1	-1
205	259	268	323	329	331	335	342	352	356	361	746	-1	-1	-1	-1	-1	-1	-1	-1	-1	-1
310	325	334	338	341	351	355	418	-1	-1	-1	-1	-1	-1	-1	-1	-1	-1	-1	-1	-1	-1
176	192	235	315	322	335	351	358	366	367	419	537	607	670	-1	-1	-1	-1	-1	-1	-1	-1
208	299	344	353	404	-1	-1	-1	-1	-1	-1	-1	-1	-1	-1	-1	-1	-1	-1	-1	-1	-1
112	284	321	339	354	358	372	387	494	525	-1	-1	-1	-1	-1	-1	-1	-1	-1	-1	-1	-1
216	275	327	331	336	340	344	353	361	505	620	686	699	708	738	-1	-1	-1	-1	-1	-1	-1
240	327	354	356	378	745	-1	-1	-1	-1	-1	-1	-1	-1	-1	-1	-1	-1	-1	-1	-1	-1
3	80	325	349	352	355	364	-1	-1	-1	-1	-1	-1	-1	-1	-1	-1	-1	-1	-1	-1	-1
63	232	251	263	291	324	326	337	339	354	361	481	498	623	-1	-1	-1	-1	-1	-1	-1	-1
243	295	326	341	360	487	616	657	-1	-1	-1	-1	-1	-1	-1	-1	-1	-1	-1	-1	-1	-1
77	261	315	337	349	350	367	507	-1	-1	-1	-1	-1	-1	-1	-1	-1	-1	-1	-1	-1	-1
278	293	321	334	341	348	407	-1	-1	-1	-1	-1	-1	-1	-1	-1	-1	-1	-1	-1	-1	-1
46	198	211	280	354	355	453	474	708	-1	-1	-1	-1	-1	-1	-1	-1	-1	-1	-1	-1	-1
193	228	231	240	294	331	342	356	503	566	646	720	-1	-1	-1	-1	-1	-1	-1	-1	-1	-1
23	195	243	271	272	331	332	337	614	-1	-1	-1	-1	-1	-1	-1	-1	-1	-1	-1	-1	-1
209	315	319	331	344	346	366	367	528	620	-1	-1	-1	-1	-1	-1	-1	-1	-1	-1	-1	-1
287	345	372	477	-1	-1	-1	-1	-1	-1	-1	-1	-1	-1	-1	-1	-1	-1	-1	-1	-1	-1
63	189	230	256	270	277	326	327	357	360	473	-1	-1	-1	-1	-1	-1	-1	-1	-1	-1	-1
110	317	341	369	574	-1	-1	-1	-1	-1	-1	-1	-1	-1	-1	-1	-1	-1	-1	-1	-1	-1
251	261	324	332	338	347	365	-1	-1	-1	-1	-1	-1	-1	-1	-1	-1	-1	-1	-1	-1	-1
155	268	305	325	335	336	345	361	407	684	-1	-1	-1	-1	-1	-1	-1	-1	-1	-1	-1	-1
306	355	372	373	377	381	402	440	-1	-1	-1	-1	-1	-1	-1	-1	-1	-1	-1	-1	-1	-1
112	227	292	359	376	377	378	381	455	535	580	594	620	632	717	-1	-1	-1	-1	-1	-1	-1
46	315	323	369	379	393	411	643	-1	-1	-1	-1	-1	-1	-1	-1	-1	-1	-1	-1	-1	-1
44	230	245	375	398	445	614	632	-1	-1	-1	-1	-1	-1	-1	-1	-1	-1	-1	-1	-1	-1
290	326	336	342	367	404	405	412	-1	-1	-1	-1	-1	-1	-1	-1	-1	-1	-1	-1	-1	-1
120	274	290	349	395	404	406	413	676	-1	-1	-1	-1	-1	-1	-1	-1	-1	-1	-1	-1	-1
87	303	399	408	419	494	502	-1	-1	-1	-1	-1	-1	-1	-1	-1	-1	-1	-1	-1	-1	-1
190	374	380	387	397	446	452	479	511	523	527	-1	-1	-1	-1	-1	-1	-1	-1	-1	-1	-1
48	67	173	370	372	380	383	392	397	448	522	553	-1	-1	-1	-1	-1	-1	-1	-1	-1	-1
9	391	420	435	461	544	549	683	-1	-1	-1	-1	-1	-1	-1	-1	-1	-1	-1	-1	-1	-1
348	398	411	413	458	460	467	496	520	540	706	-1	-1	-1	-1	-1	-1	-1	-1	-1	-1	-1
94	118	370	386	387	399	408	410	413	512	516	531	537	744	-1	-1	-1	-1	-1	-1	-1	-1
48	324	378	395	408	463	495	496	500	-1	-1	-1	-1	-1	-1	-1	-1	-1	-1	-1	-1	-1
379	409	554	719	-1	-1	-1	-1	-1	-1	-1	-1	-1	-1	-1	-1	-1	-1	-1	-1	-1	-1
27	43	456	481	503	540	557	571	732	-1	-1	-1	-1	-1	-1	-1	-1	-1	-1	-1	-1	-1
134	158	235	308	370	371	373	375	387	409	449	527	535	551	558	665	667	702	-1	-1	-1	-1
321	377	390	393	412	475	495	510	553	599	701	-1	-1	-1	-1	-1	-1	-1	-1	-1	-1	-1
372	384	391	393	394	398	402	403	413	467	496	517	615	692	-1	-1	-1	-1	-1	-1	-1	-1
5	70	77	108	368	384	390	434	517	519	-1	-1	-1	-1	-1	-1	-1	-1	-1	-1	-1	-1
174	372	384	402	404	406	421	429	442	468	474	490	535	547	-1	-1	-1	-1	-1	-1	-1	-1
41	132	250	277	370	376	407	449	485	500	520	557	-1	-1	-1	-1	-1	-1	-1	-1	-1	-1
186	213	233	334	378	381	382	410	539	542	684	716	-1	-1	-1	-1	-1	-1	-1	-1	-1	-1
48	371	385	402	417	450	453	528	558	643	-1	-1	-1	-1	-1	-1	-1	-1	-1	-1	-1	-1
369	385	449	487	535	584	743	-1	-1	-1	-1	-1	-1	-1	-1	-1	-1	-1	-1	-1	-1	-1
154	372	378	381	406	429	434	685	735	739	-1	-1	-1	-1	-1	-1	-1	-1	-1	-1	-1	-1
34	185	368	373	391	423	541	-1	-1	-1	-1	-1	-1	-1	-1	-1	-1	-1	-1	-1	-1	-1
272	324	396	406	413	424	462	513	-1	-1	-1	-1	-1	-1	-1	-1	-1	-1	-1	-1	-1	-1
263	369	374	376	377	381	410	468	603	680	-1	-1	-1	-1	-1	-1	-1	-1	-1	-1	-1	-1
77	280	382	386	398	417	500	553	-1	-1	-1	-1	-1	-1	-1	-1	-1	-1	-1	-1	-1	-1
170	307	376	403	408	412	527	540	551	557	573	581	653	-1	-1	-1	-1	-1	-1	-1	-1	-1
157	209	369	377	378	399	477	528	539	554	583	586	-1	-1	-1	-1	-1	-1	-1	-1	-1	-1
408	416	464	534	-1	-1	-1	-1	-1	-1	-1	-1	-1	-1	-1	-1	-1	-1	-1	-1	-1	-1
395	407	452	466	599	-1	-1	-1	-1	-1	-1	-1	-1	-1	-1	-1	-1	-1	-1	-1	-1	-1
368	388	392	395	397	409	533	-1	-1	-1	-1	-1	-1	-1	-1	-1	-1	-1	-1	-1	-1	-1
194	388	397	403	410	601	-1	-1	-1	-1	-1	-1	-1	-1	-1	-1	-1	-1	-1	-1	-1	-1
24	190	407	431	672	-1	-1	-1	-1	-1	-1	-1	-1	-1	-1	-1	-1	-1	-1	-1	-1	-1
60	120	316	387	488	558	707	721	-1	-1	-1	-1	-1	-1	-1	-1	-1	-1	-1	-1	-1	-1
304	387	394	401	413	480	537	-1	-1	-1	-1	-1	-1	-1	-1	-1	-1	-1	-1	-1	-1	-1
160	197	236	317	381	424	433	434	451	488	540	559	612	-1	-1	-1	-1	-1	-1	-1	-1	-1
70	370	391	394	453	460	463	527	559	644	-1	-1	-1	-1	-1	-1	-1	-1	-1	-1	-1	-1
83	272	326	369	376	389	396	462	479	647	667	728	-1	-1	-1	-1	-1	-1	-1	-1	-1	-1
3	49	294	368	376	396	424	432	437	451	509	-1	-1	-1	-1	-1	-1	-1	-1	-1	-1	-1
150	297	381	382	390	393	480	495	508	523	590	734	-1	-1	-1	-1	-1	-1	-1	-1	-1	-1
401	406	419	493	504	508	511	521	-1	-1	-1	-1	-1	-1	-1	-1	-1	-1	-1	-1	-1	-1
73	195	230	373	378	379	391	426	470	518	-1	-1	-1	-1	-1	-1	-1	-1	-1	-1	-1	-1
52	371	377	396	459	480	502	533	643	-1	-1	-1	-1	-1	-1	-1	-1	-1	-1	-1	-1	-1
267	280	281	426	438	442	449	455	486	537	545	-1	-1	-1	-1	-1	-1	-1	-1	-1	-1	-1
318	388	414	419	427	438	439	582	-1	-1	-1	-1	-1	-1	-1	-1	-1	-1	-1	-1	-1	-1
181	432	437	445	450	458	508	559	563	-1	-1	-1	-1	-1	-1	-1	-1	-1	-1	-1	-1	-1
145	254	274	397	433	440	444	456	473	506	-1	-1	-1	-1	-1	-1	-1	-1	-1	-1	-1	-1
124	374	382	402	421	425	427	437	443	450	470	730	-1	-1	-1	-1	-1	-1	-1	-1	-1	-1
78	361	395	403	417	427	445	447	480	513	-1	-1	-1	-1	-1	-1	-1	-1	-1	-1	-1	-1
53	183	195	414	425	437	458	464	483	537	-1	-1	-1	-1	-1	-1	-1	-1	-1	-1	-1	-1
4	409	414	418	428	429	457	458	473	553	-1	-1	-1	-1	-1	-1	-1	-1	-1	-1	-1	-1
256	374	429	434	443	447	450	453	572	728	734	-1	-1	-1	-1	-1	-1	-1	-1	-1	-1	-1
338	342	443	446	447	457	471	623	-1	-1	-1	-1	-1	-1	-1	-1	-1	-1	-1	-1	-1	-1
123	260	291	386	427	454	462	467	748	-1	-1	-1	-1	-1	-1	-1	-1	-1	-1	-1	-1	-1
438	491	503	-1	-1	-1	-1	-1	-1	-1	-1	-1	-1	-1	-1	-1	-1	-1	-1	-1	-1	-1
21	126	371	427	442	554	608	-1	-1	-1	-1	-1	-1	-1	-1	-1	-1	-1	-1	-1	-1	-1
23	324	420	439	457	609	651	692	734	-1	-1	-1	-1	-1	-1	-1	-1	-1	-1	-1	-1	-1
158	422	429	432	449	453	457	465	509	555	-1	-1	-1	-1	-1	-1	-1	-1	-1	-1	-1	-1
320	427	443	488	500	507	562	640	675	690	-1	-1	-1	-1	-1	-1	-1	-1	-1	-1	-1	-1
30	71	357	380	382	399	418	426	427	457	496	-1	-1	-1	-1	-1	-1	-1	-1	-1	-1	-1
173	226	395	401	422	423	427	432	440	458	515	723	734	-1	-1	-1	-1	-1	-1	-1	-1	-1
7	84	137	361	392	424	441	451	467	487	494	516	625	721	-1	-1	-1	-1	-1	-1	-1	-1
170	198	280	421	424	437	442	454	678	-1	-1	-1	-1	-1	-1	-1	-1	-1	-1	-1	-1	-1
24	175	414	417	422	430	444	458	555	578	-1	-1	-1	-1	-1	-1	-1	-1	-1	-1	-1	-1
134	439	440	442	632	-1	-1	-1	-1	-1	-1	-1	-1	-1	-1	-1	-1	-1	-1	-1	-1	-1
81	110	384	387	392	411	414	425	525	534	535	546	738	-1	-1	-1	-1	-1	-1	-1	-1	-1
368	422	424	432	444	445	464	569	579	740	-1	-1	-1	-1	-1	-1	-1	-1	-1	-1	-1	-1
116	251	429	475	572	-1	-1	-1	-1	-1	-1	-1	-1	-1	-1	-1	-1	-1	-1	-1	-1	-1
285	307	411	431	453	485	499	508	530	-1	-1	-1	-1	-1	-1	-1	-1	-1	-1	-1	-1	-1
55	345	432	454	457	476	500	517	-1	-1	-1	-1	-1	-1	-1	-1	-1	-1	-1	-1	-1	-1
383	386	396	406	430	435	445	463	529	693	-1	-1	-1	-1	-1	-1	-1	-1	-1	-1	-1	-1
118	234	301	434	441	449	451	526	698	731	-1	-1	-1	-1	-1	-1	-1	-1	-1	-1	-1	-1
123	415	427	441	447	455	511	543	635	-1	-1	-1	-1	-1	-1	-1	-1	-1	-1	-1	-1	-1
413	426	445	452	462	469	474	482	489	495	506	715	-1	-1	-1	-1	-1	-1	-1	-1	-1	-1
314	380	407	414	415	436	438	441	452	456	474	483	552	648	-1	-1	-1	-1	-1	-1	-1	-1
137	422	437	447	449	467	492	494	509	550	553	-1	-1	-1	-1	-1	-1	-1	-1	-1	-1	-1
258	416	429	437	442	517	-1	-1	-1	-1	-1	-1	-1	-1	-1	-1	-1	-1	-1	-1	-1	-1
13	214	412	416	420	423	430	440	446	452	499	530	-1	-1	-1	-1	-1	-1	-1	-1	-1	-1
139	191	192	422	425	436	452	490	559	618	-1	-1	-1	-1	-1	-1	-1	-1	-1	-1	-1	-1
421	431	454	459	495	518	551	671	742	-1	-1	-1	-1	-1	-1	-1	-1	-1	-1	-1	-1	-1
9	40	171	342	415	416	459	489	731	-1	-1	-1	-1	-1	-1	-1	-1	-1	-1	-1	-1	-1
272	383	418	421	441	449	458	459	498	577	-1	-1	-1	-1	-1	-1	-1	-1	-1	-1	-1	-1
19	269	333	507	645	667	-1	-1	-1	-1	-1	-1	-1	-1	-1	-1	-1	-1	-1	-1	-1	-1
30	284	404	414	436	437	438	440	456	458	482	550	554	636	705	737	-1	-1	-1	-1	-1	-1
128	220	387	393	414	419	423	425	439	440	443	447	459	478	487	717	-1	-1	-1	-1	-1	-1
7	259	414	425	431	434	450	465	504	-1	-1	-1	-1	-1	-1	-1	-1	-1	-1	-1	-1	-1
94	101	174	271	394	417	419	433	446	449	456	495	512	526	566	714	-1	-1	-1	-1	-1	-1
416	425	432	451	459	469	492	531	-1	-1	-1	-1	-1	-1	-1	-1	-1	-1	-1	-1	-1	-1
258	378	430	437	441	479	482	545	551	606	612	676	-1	-1	-1	-1	-1	-1	-1	-1	-1	-1
116	372	398	468	474	476	506	697	749	-1	-1	-1	-1	-1	-1	-1	-1	-1	-1	-1	-1	-1
404	473	492	578	-1	-1	-1	-1	-1	-1	-1	-1	-1	-1	-1	-1	-1	-1	-1	-1	-1	-1
152	419	429	460	466	671	-1	-1	-1	-1	-1	-1	-1	-1	-1	-1	-1	-1	-1	-1	-1	-1
8	217	441	461	497	504	542	667	-1	-1	-1	-1	-1	-1	-1	-1	-1	-1	-1	-1	-1	-1
221	405	414	433	438	440	488	493	502	686	-1	-1	-1	-1	-1	-1	-1	-1	-1	-1	-1	-1
246	400	424	452	472	525	532	660	687	-1	-1	-1	-1	-1	-1	-1	-1	-1	-1	-1	-1	-1
77	101	427	449	474	492	498	530	-1	-1	-1	-1	-1	-1	-1	-1	-1	-1	-1	-1	-1	-1
460	477	497	-1	-1	-1	-1	-1	-1	-1	-1	-1	-1	-1	-1	-1	-1	-1	-1	-1	-1	-1
382	428	492	493	494	495	497	511	520	532	723	-1	-1	-1	-1	-1	-1	-1	-1	-1	-1	-1
10	83	408	445	467	476	502	586	633	679	-1	-1	-1	-1	-1	-1	-1	-1	-1	-1	-1	-1
57	392	436	454	501	515	-1	-1	-1	-1	-1	-1	-1	-1	-1	-1	-1	-1	-1	-1	-1	-1
87	158	409	456	463	488	491	517	542	-1	-1	-1	-1	-1	-1	-1	-1	-1	-1	-1	-1	-1
119	380	473	491	494	498	506	587	600	740	-1	-1	-1	-1	-1	-1	-1	-1	-1	-1	-1	-1
407	419	442	482	654	678	688	-1	-1	-1	-1	-1	-1	-1	-1	-1	-1	-1	-1	-1	-1	-1
170	205	410	417	422	425	462	-1	-1	-1	-1	-1	-1	-1	-1	-1	-1	-1	-1	-1	-1	-1
151	311	336	470	481	493	502	507	537	697	-1	-1	-1	-1	-1	-1	-1	-1	-1	-1	-1	-1
57	158	243	300	349	381	461	472	494	510	512	555	562	589	601	-1	-1	-1	-1	-1	-1	-1
152	177	221	426	480	482	484	501	508	539	-1	-1	-1	-1	-1	-1	-1	-1	-1	-1	-1	-1
54	335	377	420	426	432	445	479	480	517	537	620	687	736	-1	-1	-1	-1	-1	-1	-1	-1
216	375	443	451	473	477	493	501	504	510	540	-1	-1	-1	-1	-1	-1	-1	-1	-1	-1	-1
62	364	371	376	388	444	467	484	497	504	525	559	-1	-1	-1	-1	-1	-1	-1	-1	-1	-1
188	463	474	479	483	493	501	533	643	-1	-1	-1	-1	-1	-1	-1	-1	-1	-1	-1	-1	-1
435	461	474	484	490	-1	-1	-1	-1	-1	-1	-1	-1	-1	-1	-1	-1	-1	-1	-1	-1	-1
183	234	407	460	476	495	503	700	-1	-1	-1	-1	-1	-1	-1	-1	-1	-1	-1	-1	-1	-1
74	83	214	291	396	397	405	443	462	496	602	-1	-1	-1	-1	-1	-1	-1	-1	-1	-1	-1
396	402	471	482	484	498	501	504	575	-1	-1	-1	-1	-1	-1	-1	-1	-1	-1	-1	-1	-1
332	385	418	454	478	490	505	-1	-1	-1	-1	-1	-1	-1	-1	-1	-1	-1	-1	-1	-1	-1
12	35	73	453	472	474	477	486	490	596	-1	-1	-1	-1	-1	-1	-1	-1	-1	-1	-1	-1
16	106	176	461	464	472	501	504	518	645	-1	-1	-1	-1	-1	-1	-1	-1	-1	-1	-1	-1
347	415	448	454	459	472	484	485	498	499	503	510	528	532	592	599	689	-1	-1	-1	-1	-1
85	122	312	395	424	456	472	485	496	504	-1	-1	-1	-1	-1	-1	-1	-1	-1	-1	-1	-1
179	227	232	301	428	464	472	503	504	555	600	695	-1	-1	-1	-1	-1	-1	-1	-1	-1	-1
21	62	126	311	332	333	360	419	469	484	503	513	-1	-1	-1	-1	-1	-1	-1	-1	-1	-1
421	455	467	477	490	491	520	611	705	721	-1	-1	-1	-1	-1	-1	-1	-1	-1	-1	-1	-1
132	485	486	489	503	543	-1	-1	-1	-1	-1	-1	-1	-1	-1	-1	-1	-1	-1	-1	-1	-1
165	370	461	464	466	478	487	522	695	737	-1	-1	-1	-1	-1	-1	-1	-1	-1	-1	-1	-1
460	472	473	486	487	492	497	502	532	533	710	-1	-1	-1	-1	-1	-1	-1	-1	-1	-1	-1
71	372	396	463	496	532	542	557	-1	-1	-1	-1	-1	-1	-1	-1	-1	-1	-1	-1	-1	-1
56	138	226	335	376	420	461	465	471	475	480	484	692	-1	-1	-1	-1	-1	-1	-1	-1	-1
31	202	424	463	470	479	480	485	495	514	-1	-1	-1	-1	-1	-1	-1	-1	-1	-1	-1	-1
165	236	451	481	485	495	501	523	-1	-1	-1	-1	-1	-1	-1	-1	-1	-1	-1	-1	-1	-1
376	420	465	505	530	534	541	-1	-1	-1	-1	-1	-1	-1	-1	-1	-1	-1	-1	-1	-1	-1
161	416	419	457	470	472	499	508	713	-1	-1	-1	-1	-1	-1	-1	-1	-1	-1	-1	-1	-1
28	186	388	466	473	484	493	495	502	505	517	535	-1	-1	-1	-1	-1	-1	-1	-1	-1	-1
168	170	300	443	450	467	470	547	702	-1	-1	-1	-1	-1	-1	-1	-1	-1	-1	-1	-1	-1
193	261	369	420	470	494	-1	-1	-1	-1	-1	-1	-1	-1	-1	-1	-1	-1	-1	-1	-1	-1
81	190	381	512	534	540	555	-1	-1	-1	-1	-1	-1	-1	-1	-1	-1	-1	-1	-1	-1	-1
87	212	394	423	537	551	613	-1	-1	-1	-1	-1	-1	-1	-1	-1	-1	-1	-1	-1	-1	-1
9	125	200	286	431	454	541	555	-1	-1	-1	-1	-1	-1	-1	-1	-1	-1	-1	-1	-1	-1
22	418	544	-1	-1	-1	-1	-1	-1	-1	-1	-1	-1	-1	-1	-1	-1	-1	-1	-1	-1	-1
166	192	232	257	378	427	435	437	449	495	506	514	519	529	538	539	-1	-1	-1	-1	-1	-1
125	195	438	496	497	508	537	546	551	557	646	655	-1	-1	-1	-1	-1	-1	-1	-1	-1	-1
303	334	427	429	442	499	507	530	534	544	545	546	549	-1	-1	-1	-1	-1	-1	-1	-1	-1
164	484	490	491	515	519	520	523	528	549	550	573	641	-1	-1	-1	-1	-1	-1	-1	-1	-1
106	425	465	497	522	535	538	552	590	-1	-1	-1	-1	-1	-1	-1	-1	-1	-1	-1	-1	-1
405	431	434	441	466	513	543	547	-1	-1	-1	-1	-1	-1	-1	-1	-1	-1	-1	-1	-1	-1
197	258	341	460	519	520	532	543	548	-1	-1	-1	-1	-1	-1	-1	-1	-1	-1	-1	-1	-1
153	367	381	394	408	436	478	515	532	535	644	688	-1	-1	-1	-1	-1	-1	-1	-1	-1	-1
90	171	437	509	517	519	529	553	658	716	-1	-1	-1	-1	-1	-1	-1	-1	-1	-1	-1	-1
23	454	522	530	534	541	551	-1	-1	-1	-1	-1	-1	-1	-1	-1	-1	-1	-1	-1	-1	-1
483	509	512	516	519	-1	-1	-1	-1	-1	-1	-1	-1	-1	-1	-1	-1	-1	-1	-1	-1	-1
346	512	537	538	541	542	550	-1	-1	-1	-1	-1	-1	-1	-1	-1	-1	-1	-1	-1	-1	-1
141	281	470	533	536	678	-1	-1	-1	-1	-1	-1	-1	-1	-1	-1	-1	-1	-1	-1	-1	-1
214	403	469	538	540	546	576	-1	-1	-1	-1	-1	-1	-1	-1	-1	-1	-1	-1	-1	-1	-1
184	457	514	521	528	538	543	718	-1	-1	-1	-1	-1	-1	-1	-1	-1	-1	-1	-1	-1	-1
45	453	454	495	498	578	-1	-1	-1	-1	-1	-1	-1	-1	-1	-1	-1	-1	-1	-1	-1	-1
168	189	333	381	398	422	469	494	503	507	514	518	-1	-1	-1	-1	-1	-1	-1	-1	-1	-1
181	411	524	529	537	545	547	557	-1	-1	-1	-1	-1	-1	-1	-1	-1	-1	-1	-1	-1	-1
107	398	435	457	487	530	534	542	635	-1	-1	-1	-1	-1	-1	-1	-1	-1	-1	-1	-1	-1
101	104	412	419	422	455	477	500	540	545	546	729	-1	-1	-1	-1	-1	-1	-1	-1	-1	-1
265	430	437	444	472	506	515	524	527	532	-1	-1	-1	-1	-1	-1	-1	-1	-1	-1	-1	-1
127	384	385	388	412	415	459	464	475	500	529	533	646	-1	-1	-1	-1	-1	-1	-1	-1	-1
378	413	423	451	475	507	515	518	523	525	527	550	604	-1	-1	-1	-1	-1	-1	-1	-1	-1
14	69	81	221	328	412	416	456	510	545	-1	-1	-1	-1	-1	-1	-1	-1	-1	-1	-1	-1
215	305	513	551	556	624	665	-1	-1	-1	-1	-1	-1	-1	-1	-1	-1	-1	-1	-1	-1	-1
109	139	197	399	440	499	511	512	517	531	540	680	-1	-1	-1	-1	-1	-1	-1	-1	-1	-1
77	418	458	511	542	745	-1	-1	-1	-1	-1	-1	-1	-1	-1	-1	-1	-1	-1	-1	-1	-1
41	332	438	511	515	516	540	559	-1	-1	-1	-1	-1	-1	-1	-1	-1	-1	-1	-1	-1	-1
138	152	338	404	431	434	435	446	495	512	514	523	532	533	534	552	560	649	716	-1	-1	-1
117	241	323	467	507	519	533	535	543	-1	-1	-1	-1	-1	-1	-1	-1	-1	-1	-1	-1	-1
407	491	506	525	542	559	-1	-1	-1	-1	-1	-1	-1	-1	-1	-1	-1	-1	-1	-1	-1	-1
43	74	164	323	509	513	517	527	544	555	-1	-1	-1	-1	-1	-1	-1	-1	-1	-1	-1	-1
373	451	466	469	473	497	508	518	528	548	-1	-1	-1	-1	-1	-1	-1	-1	-1	-1	-1	-1
513	526	531	535	539	540	669	-1	-1	-1	-1	-1	-1	-1	-1	-1	-1	-1	-1	-1	-1	-1
427	514	517	547	577	650	-1	-1	-1	-1	-1	-1	-1	-1	-1	-1	-1	-1	-1	-1	-1	-1
395	482	543	547	568	678	-1	-1	-1	-1	-1	-1	-1	-1	-1	-1	-1	-1	-1	-1	-1	-1
30	170	485	500	525	526	541	559	638	-1	-1	-1	-1	-1	-1	-1	-1	-1	-1	-1	-1	-1
71	110	116	413	424	426	434	457	508	512	514	516	534	543	-1	-1	-1	-1	-1	-1	-1	-1
1	267	316	510	514	530	531	635	-1	-1	-1	-1	-1	-1	-1	-1	-1	-1	-1	-1	-1	-1
9	55	97	113	221	336	374	393	458	476	517	530	624	649	-1	-1	-1	-1	-1	-1	-1	-1
260	290	385	435	460	466	481	525	530	539	549	654	674	705	-1	-1	-1	-1	-1	-1	-1	-1
215	400	412	441	488	494	516	520	530	532	540	553	564	-1	-1	-1	-1	-1	-1	-1	-1	-1
202	355	427	490	513	542	553	555	572	579	583	633	-1	-1	-1	-1	-1	-1	-1	-1	-1	-1
155	237	362	419	425	429	475	513	583	587	-1	-1	-1	-1	-1	-1	-1	-1	-1	-1	-1	-1
156	386	393	401	404	434	469	498	511	587	663	722	-1	-1	-1	-1	-1	-1	-1	-1	-1	-1
43	74	118	164	239	269	276	374	430	552	560	577	585	586	593	-1	-1	-1	-1	-1	-1	-1
153	430	451	557	579	585	593	596	747	-1	-1	-1	-1	-1	-1	-1	-1	-1	-1	-1	-1	-1
170	303	456	544	561	566	576	583	589	592	630	-1	-1	-1	-1	-1	-1	-1	-1	-1	-1	-1
141	214	350	444	474	481	582	588	-1	-1	-1	-1	-1	-1	-1	-1	-1	-1	-1	-1	-1	-1
75	246	248	378	530	550	561	569	573	574	578	592	-1	-1	-1	-1	-1	-1	-1	-1	-1	-1
129	276	511	536	568	570	660	-1	-1	-1	-1	-1	-1	-1	-1	-1	-1	-1	-1	-1	-1	-1
84	548	553	556	557	559	572	585	591	620	696	701	-1	-1	-1	-1	-1	-1	-1	-1	-1	-1
552	667	673	688	-1	-1	-1	-1	-1	-1	-1	-1	-1	-1	-1	-1	-1	-1	-1	-1	-1	-1
323	337	422	472	561	569	570	593	597	-1	-1	-1	-1	-1	-1	-1	-1	-1	-1	-1	-1	-1
40	130	131	146	208	245	413	442	574	581	615	665	672	-1	-1	-1	-1	-1	-1	-1	-1	-1
356	370	382	480	526	554	555	570	577	593	594	597	636	727	-1	-1	-1	-1	-1	-1	-1	-1
20	150	158	164	357	402	558	584	590	686	734	738	-1	-1	-1	-1	-1	-1	-1	-1	-1	-1
72	92	243	462	559	573	594	648	655	673	747	-1	-1	-1	-1	-1	-1	-1	-1	-1	-1	-1
198	552	579	582	605	633	663	689	-1	-1	-1	-1	-1	-1	-1	-1	-1	-1	-1	-1	-1	-1
20	70	236	292	557	603	619	639	723	-1	-1	-1	-1	-1	-1	-1	-1	-1	-1	-1	-1	-1
31	372	533	553	555	559	629	732	-1	-1	-1	-1	-1	-1	-1	-1	-1	-1	-1	-1	-1	-1
82	281	502	558	567	569	579	585	590	606	674	699	707	-1	-1	-1	-1	-1	-1	-1	-1	-1
212	300	333	521	554	574	577	579	595	609	613	644	645	664	709	734	-1	-1	-1	-1	-1	-1
471	516	562	563	658	-1	-1	-1	-1	-1	-1	-1	-1	-1	-1	-1	-1	-1	-1	-1	-1	-1
30	33	63	204	317	334	452	554	558	564	595	615	628	630	643	663	690	719	724	-1	-1	-1
118	142	377	387	556	571	584	665	670	695	-1	-1	-1	-1	-1	-1	-1	-1	-1	-1	-1	-1
51	97	225	377	557	561	564	569	592	639	685	-1	-1	-1	-1	-1	-1	-1	-1	-1	-1	-1
30	173	211	240	312	350	438	569	570	575	579	588	597	644	687	-1	-1	-1	-1	-1	-1	-1
2	210	225	256	553	558	572	574	693	-1	-1	-1	-1	-1	-1	-1	-1	-1	-1	-1	-1	-1
145	307	553	595	604	632	700	-1	-1	-1	-1	-1	-1	-1	-1	-1	-1	-1	-1	-1	-1	-1
79	194	210	252	424	560	564	579	593	600	722	-1	-1	-1	-1	-1	-1	-1	-1	-1	-1	-1
242	292	399	553	554	585	630	660	671	-1	-1	-1	-1	-1	-1	-1	-1	-1	-1	-1	-1	-1
181	430	561	567	568	588	658	676	702	-1	-1	-1	-1	-1	-1	-1	-1	-1	-1	-1	-1	-1
53	118	226	537	552	554	589	609	622	625	672	-1	-1	-1	-1	-1	-1	-1	-1	-1	-1	-1
554	574	575	582	583	591	594	642	718	733	-1	-1	-1	-1	-1	-1	-1	-1	-1	-1	-1	-1
6	28	61	567	580	602	737	-1	-1	-1	-1	-1	-1	-1	-1	-1	-1	-1	-1	-1	-1	-1
108	462	568	584	600	664	705	-1	-1	-1	-1	-1	-1	-1	-1	-1	-1	-1	-1	-1	-1	-1
38	91	580	604	634	645	679	720	738	-1	-1	-1	-1	-1	-1	-1	-1	-1	-1	-1	-1	-1
32	550	573	587	623	642	646	716	719	-1	-1	-1	-1	-1	-1	-1	-1	-1	-1	-1	-1	-1
264	304	312	348	622	624	629	662	723	-1	-1	-1	-1	-1	-1	-1	-1	-1	-1	-1	-1	-1
202	259	475	552	563	572	609	636	673	690	732	733	739	-1	-1	-1	-1	-1	-1	-1	-1	-1
33	346	558	573	586	636	655	696	-1	-1	-1	-1	-1	-1	-1	-1	-1	-1	-1	-1	-1	-1
39	397	558	562	563	565	581	582	596	597	610	639	-1	-1	-1	-1	-1	-1	-1	-1	-1	-1
46	105	254	301	517	556	572	592	607	618	702	709	728	-1	-1	-1	-1	-1	-1	-1	-1	-1
416	565	566	570	649	719	-1	-1	-1	-1	-1	-1	-1	-1	-1	-1	-1	-1	-1	-1	-1	-1
97	481	556	559	569	570	713	-1	-1	-1	-1	-1	-1	-1	-1	-1	-1	-1	-1	-1	-1	-1
257	500	603	653	656	695	-1	-1	-1	-1	-1	-1	-1	-1	-1	-1	-1	-1	-1	-1	-1	-1
459	553	557	562	593	600	623	686	-1	-1	-1	-1	-1	-1	-1	-1	-1	-1	-1	-1	-1	-1
52	319	600	614	621	630	642	643	682	698	-1	-1	-1	-1	-1	-1	-1	-1	-1	-1	-1	-1
169	198	266	380	598	602	632	635	-1	-1	-1	-1	-1	-1	-1	-1	-1	-1	-1	-1	-1	-1
108	328	530	536	576	603	609	620	629	-1	-1	-1	-1	-1	-1	-1	-1	-1	-1	-1	-1	-1
100	121	437	452	495	559	700	706	-1	-1	-1	-1	-1	-1	-1	-1	-1	-1	-1	-1	-1	-1
18	115	264	476	608	612	619	621	639	670	709	749	-1	-1	-1	-1	-1	-1	-1	-1	-1	-1
82	151	290	628	635	709	723	-1	-1	-1	-1	-1	-1	-1	-1	-1	-1	-1	-1	-1	-1	-1
570	589	611	649	653	724	-1	-1	-1	-1	-1	-1	-1	-1	-1	-1	-1	-1	-1	-1	-1	-1
236	353	629	666	678	698	-1	-1	-1	-1	-1	-1	-1	-1	-1	-1	-1	-1	-1	-1	-1	-1
13	401	439	468	605	618	623	632	637	711	721	-1	-1	-1	-1	-1	-1	-1	-1	-1	-1	-1
200	247	367	577	611	613	614	661	726	729	-1	-1	-1	-1	-1	-1	-1	-1	-1	-1	-1	-1
10	88	89	237	289	364	413	574	598	606	609	623	634	669	-1	-1	-1	-1	-1	-1	-1	-1
65	603	632	633	640	713	738	747	-1	-1	-1	-1	-1	-1	-1	-1	-1	-1	-1	-1	-1	-1
125	303	607	623	640	647	735	-1	-1	-1	-1	-1	-1	-1	-1	-1	-1	-1	-1	-1	-1	-1
41	269	605	633	668	703	-1	-1	-1	-1	-1	-1	-1	-1	-1	-1	-1	-1	-1	-1	-1	-1
24	419	533	572	605	610	624	633	643	702	704	-1	-1	-1	-1	-1	-1	-1	-1	-1	-1	-1
45	448	504	562	602	641	658	703	-1	-1	-1	-1	-1	-1	-1	-1	-1	-1	-1	-1	-1	-1
308	567	611	616	622	633	654	697	719	-1	-1	-1	-1	-1	-1	-1	-1	-1	-1	-1	-1	-1
34	278	417	436	473	600	623	636	706	727	-1	-1	-1	-1	-1	-1	-1	-1	-1	-1	-1	-1
208	601	611	620	628	675	696	707	744	-1	-1	-1	-1	-1	-1	-1	-1	-1	-1	-1	-1	-1
588	599	623	629	633	640	669	695	721	-1	-1	-1	-1	-1	-1	-1	-1	-1	-1	-1	-1	-1
591	621	632	697	-1	-1	-1	-1	-1	-1	-1	-1	-1	-1	-1	-1	-1	-1	-1	-1	-1	-1
21	115	126	222	344	624	630	633	666	686	-1	-1	-1	-1	-1	-1	-1	-1	-1	-1	-1	-1
63	174	390	473	597	602	615	625	628	723	725	-1	-1	-1	-1	-1	-1	-1	-1	-1	-1	-1
24	265	403	431	474	562	603	617	638	639	657	696	703	749	-1	-1	-1	-1	-1	-1	-1	-1
19	24	129	350	375	469	568	604	619	621	695	728	734	-1	-1	-1	-1	-1	-1	-1	-1	-1
280	375	467	538	577	598	637	-1	-1	-1	-1	-1	-1	-1	-1	-1	-1	-1	-1	-1	-1	-1
67	264	367	519	601	630	652	670	-1	-1	-1	-1	-1	-1	-1	-1	-1	-1	-1	-1	-1	-1
136	326	490	561	569	638	659	671	701	727	-1	-1	-1	-1	-1	-1	-1	-1	-1	-1	-1	-1
70	421	454	609	629	640	650	678	721	-1	-1	-1	-1	-1	-1	-1	-1	-1	-1	-1	-1	-1
319	320	403	477	604	607	623	633	718	721	-1	-1	-1	-1	-1	-1	-1	-1	-1	-1	-1	-1
604	610	662	700	707	720	-1	-1	-1	-1	-1	-1	-1	-1	-1	-1	-1	-1	-1	-1	-1	-1
624	625	664	722	-1	-1	-1	-1	-1	-1	-1	-1	-1	-1	-1	-1	-1	-1	-1	-1	-1	-1
23	149	198	210	414	439	602	610	632	646	665	684	719	-1	-1	-1	-1	-1	-1	-1	-1	-1
54	197	398	562	593	607	611	614	616	618	710	744	-1	-1	-1	-1	-1	-1	-1	-1	-1	-1
21	432	568	623	627	639	640	641	664	677	693	-1	-1	-1	-1	-1	-1	-1	-1	-1	-1	-1
209	287	562	567	598	606	629	663	672	698	-1	-1	-1	-1	-1	-1	-1	-1	-1	-1	-1	-1
216	271	308	482	490	591	596	609	619	621	627	639	665	-1	-1	-1	-1	-1	-1	-1	-1	-1
151	286	375	510	594	599	712	-1	-1	-1	-1	-1	-1	-1	-1	-1	-1	-1	-1	-1	-1	-1
238	451	533	549	606	616	621	624	628	642	-1	-1	-1	-1	-1	-1	-1	-1	-1	-1	-1	-1
65	226	292	485	588	604	609	619	634	713	714	-1	-1	-1	-1	-1	-1	-1	-1	-1	-1	-1
578	616	618	632	636	637	640	680	702	-1	-1	-1	-1	-1	-1	-1	-1	-1	-1	-1	-1	-1
202	577	609	613	631	675	689	705	747	-1	-1	-1	-1	-1	-1	-1	-1	-1	-1	-1	-1	-1
134	154	240	579	621	626	635	696	-1	-1	-1	-1	-1	-1	-1	-1	-1	-1	-1	-1	-1	-1
67	135	184	311	342	379	560	601	604	613	618	624	711	715	726	728	-1	-1	-1	-1	-1	-1
170	570	603	615	618	635	-1	-1	-1	-1	-1	-1	-1	-1	-1	-1	-1	-1	-1	-1	-1	-1
110	375	605	610	612	613	618	628	661	674	675	698	729	-1	-1	-1	-1	-1	-1	-1	-1	-1
61	378	528	665	672	675	728	-1	-1	-1	-1	-1	-1	-1	-1	-1	-1	-1	-1	-1	-1	-1
167	222	308	334	359	429	578	616	631	632	648	672	-1	-1	-1	-1	-1	-1	-1	-1	-1	-1
88	100	121	376	618	648	681	688	-1	-1	-1	-1	-1	-1	-1	-1	-1	-1	-1	-1	-1	-1
483	573	620	644	648	679	-1	-1	-1	-1	-1	-1	-1	-1	-1	-1	-1	-1	-1	-1	-1	-1
299	340	610	616	676	-1	-1	-1	-1	-1	-1	-1	-1	-1	-1	-1	-1	-1	-1	-1	-1	-1
279	552	573	646	652	669	676	684	712	-1	-1	-1	-1	-1	-1	-1	-1	-1	-1	-1	-1	-1
41	323	352	649	667	710	714	741	-1	-1	-1	-1	-1	-1	-1	-1	-1	-1	-1	-1	-1	-1
134	137	143	202	508	584	589	649	709	-1	-1	-1	-1	-1	-1	-1	-1	-1	-1	-1	-1	-1
268	491	540	558	637	686	689	-1	-1	-1	-1	-1	-1	-1	-1	-1	-1	-1	-1	-1	-1	-1
49	118	122	570	602	628	649	672	677	685	-1	-1	-1	-1	-1	-1	-1	-1	-1	-1	-1	-1
228	271	450	579	606	682	701	721	735	744	-1	-1	-1	-1	-1	-1	-1	-1	-1	-1	-1	-1
51	57	114	484	561	621	679	685	-1	-1	-1	-1	-1	-1	-1	-1	-1	-1	-1	-1	-1	-1
92	414	432	554	659	678	689	-1	-1	-1	-1	-1	-1	-1	-1	-1	-1	-1	-1	-1	-1	-1
428	599	607	652	667	696	724	-1	-1	-1	-1	-1	-1	-1	-1	-1	-1	-1	-1	-1	-1	-1
102	126	177	370	569	617	622	653	674	680	710	715	-1	-1	-1	-1	-1	-1	-1	-1	-1	-1
65	250	327	461	577	665	676	697	743	-1	-1	-1	-1	-1	-1	-1	-1	-1	-1	-1	-1	-1
153	306	610	646	659	670	671	673	700	703	716	-1	-1	-1	-1	-1	-1	-1	-1	-1	-1	-1
237	516	563	584	593	636	644	653	656	658	677	682	698	723	-1	-1	-1	-1	-1	-1	-1	-1
91	271	390	497	524	628	644	648	649	657	664	682	-1	-1	-1	-1	-1	-1	-1	-1	-1	-1
173	391	392	653	662	679	713	743	-1	-1	-1	-1	-1	-1	-1	-1	-1	-1	-1	-1	-1	-1
14	30	237	594	737	-1	-1	-1	-1	-1	-1	-1	-1	-1	-1	-1	-1	-1	-1	-1	-1	-1
60	150	154	430	491	523	547	579	607	648	654	659	670	672	743	745	-1	-1	-1	-1	-1	-1
8	74	235	238	327	372	579	614	661	671	679	-1	-1	-1	-1	-1	-1	-1	-1	-1	-1	-1
83	125	137	185	587	624	669	674	675	-1	-1	-1	-1	-1	-1	-1	-1	-1	-1	-1	-1	-1
98	276	589	604	621	662	685	686	694	700	718	-1	-1	-1	-1	-1	-1	-1	-1	-1	-1	-1
119	151	205	409	461	563	651	683	-1	-1	-1	-1	-1	-1	-1	-1	-1	-1	-1	-1	-1	-1
232	276	296	384	396	480	647	655	676	709	-1	-1	-1	-1	-1	-1	-1	-1	-1	-1	-1	-1
105	651	659	678	690	-1	-1	-1	-1	-1	-1	-1	-1	-1	-1	-1	-1	-1	-1	-1	-1	-1
280	534	583	589	599	637	645	646	650	655	675	747	-1	-1	-1	-1	-1	-1	-1	-1	-1	-1
42	182	237	461	558	677	681	695	-1	-1	-1	-1	-1	-1	-1	-1	-1	-1	-1	-1	-1	-1
132	180	187	414	663	683	687	693	699	722	743	744	-1	-1	-1	-1	-1	-1	-1	-1	-1	-1
177	583	592	650	656	684	689	-1	-1	-1	-1	-1	-1	-1	-1	-1	-1	-1	-1	-1	-1	-1
438	512	539	576	592	595	611	645	667	679	714	-1	-1	-1	-1	-1	-1	-1	-1	-1	-1	-1
17	186	649	654	655	669	724	725	-1	-1	-1	-1	-1	-1	-1	-1	-1	-1	-1	-1	-1	-1
98	463	501	555	590	685	689	710	728	745	-1	-1	-1	-1	-1	-1	-1	-1	-1	-1	-1	-1
379	395	480	572	665	667	676	731	-1	-1	-1	-1	-1	-1	-1	-1	-1	-1	-1	-1	-1	-1
135	226	638	657	664	674	683	684	686	-1	-1	-1	-1	-1	-1	-1	-1	-1	-1	-1	-1	-1
6	122	506	646	648	675	719	-1	-1	-1	-1	-1	-1	-1	-1	-1	-1	-1	-1	-1	-1	-1
5	62	349	506	600	634	646	656	673	676	-1	-1	-1	-1	-1	-1	-1	-1	-1	-1	-1	-1
663	667	671	673	678	681	685	691	-1	-1	-1	-1	-1	-1	-1	-1	-1	-1	-1	-1	-1	-1
44	91	172	390	442	594	604	611	655	660	672	676	688	-1	-1	-1	-1	-1	-1	-1	-1	-1
206	390	562	581	610	629	647	662	671	678	-1	-1	-1	-1	-1	-1	-1	-1	-1	-1	-1	-1
280	344	448	620	631	646	668	680	684	-1	-1	-1	-1	-1	-1	-1	-1	-1	-1	-1	-1	-1
125	571	592	651	656	658	681	735	-1	-1	-1	-1	-1	-1	-1	-1	-1	-1	-1	-1	-1	-1
117	134	282	570	612	652	655	659	663	676	677	686	687	707	-1	-1	-1	-1	-1	-1	-1	-1
311	607	652	668	682	684	688	694	705	-1	-1	-1	-1	-1	-1	-1	-1	-1	-1	-1	-1	-1
399	578	630	631	632	648	688	695	711	713	727	730	-1	-1	-1	-1	-1	-1	-1	-1	-1	-1
37	185	288	600	608	700	702	712	719	723	731	-1	-1	-1	-1	-1	-1	-1	-1	-1	-1	-1
91	178	486	611	614	685	704	705	718	725	729	-1	-1	-1	-1	-1	-1	-1	-1	-1	-1	-1
66	118	254	315	497	618	639	660	692	718	723	-1	-1	-1	-1	-1	-1	-1	-1	-1	-1	-1
7	258	326	572	612	651	653	725	-1	-1	-1	-1	-1	-1	-1	-1	-1	-1	-1	-1	-1	-1
77	172	218	699	705	720	729	-1	-1	-1	-1	-1	-1	-1	-1	-1	-1	-1	-1	-1	-1	-1
47	325	438	553	562	593	652	660	671	674	682	691	695	714	717	731	-1	-1	-1	-1	-1	-1
22	180	621	720	747	-1	-1	-1	-1	-1	-1	-1	-1	-1	-1	-1	-1	-1	-1	-1	-1	-1
47	296	414	592	635	658	675	699	725	729	-1	-1	-1	-1	-1	-1	-1	-1	-1	-1	-1	-1
126	162	347	524	593	614	632	712	718	-1	-1	-1	-1	-1	-1	-1	-1	-1	-1	-1	-1	-1
138	204	496	500	561	633	672	679	695	721	722	-1	-1	-1	-1	-1	-1	-1	-1	-1	-1	-1
10	345	584	666	710	-1	-1	-1	-1	-1	-1	-1	-1	-1	-1	-1	-1	-1	-1	-1	-1	-1
51	71	285	371	712	721	748	-1	-1	-1	-1	-1	-1	-1	-1	-1	-1	-1	-1	-1	-1	-1
156	580	584	676	691	723	726	729	-1	-1	-1	-1	-1	-1	-1	-1	-1	-1	-1	-1	-1	-1
239	413	584	590	708	711	722	727	729	-1	-1	-1	-1	-1	-1	-1	-1	-1	-1	-1	-1	-1
57	494	570	618	723	-1	-1	-1	-1	-1	-1	-1	-1	-1	-1	-1	-1	-1	-1	-1	-1	-1
15	22	162	405	544	707	717	718	722	-1	-1	-1	-1	-1	-1	-1	-1	-1	-1	-1	-1	-1
278	410	607	659	689	697	715	717	720	725	731	-1	-1	-1	-1	-1	-1	-1	-1	-1	-1	-1
499	612	642	696	717	722	727	733	-1	-1	-1	-1	-1	-1	-1	-1	-1	-1	-1	-1	-1	-1
161	182	193	336	488	564	616	668	712	729	-1	-1	-1	-1	-1	-1	-1	-1	-1	-1	-1	-1
11	323	324	611	656	698	722	725	726	-1	-1	-1	-1	-1	-1	-1	-1	-1	-1	-1	-1	-1
19	458	569	605	673	684	693	694	715	718	720	742	-1	-1	-1	-1	-1	-1	-1	-1	-1	-1
28	531	560	719	720	730	-1	-1	-1	-1	-1	-1	-1	-1	-1	-1	-1	-1	-1	-1	-1	-1
83	216	373	393	439	440	466	485	535	662	690	714	723	734	-1	-1	-1	-1	-1	-1	-1	-1
624	650	666	668	692	713	726	-1	-1	-1	-1	-1	-1	-1	-1	-1	-1	-1	-1	-1	-1	-1
130	201	583	602	699	718	720	724	730	-1	-1	-1	-1	-1	-1	-1	-1	-1	-1	-1	-1	-1
161	296	671	724	726	-1	-1	-1	-1	-1	-1	-1	-1	-1	-1	-1	-1	-1	-1	-1	-1	-1
162	637	654	702	712	713	721	-1	-1	-1	-1	-1	-1	-1	-1	-1	-1	-1	-1	-1	-1	-1
282	540	621	626	691	724	726	-1	-1	-1	-1	-1	-1	-1	-1	-1	-1	-1	-1	-1	-1	-1
17	189	307	348	464	553	619	693	701	703	704	707	724	730	735	-1	-1	-1	-1	-1	-1	-1
360	528	578	582	596	664	671	679	687	692	694	704	722	-1	-1	-1	-1	-1	-1	-1	-1	-1
137	208	611	618	635	653	674	694	701	722	730	-1	-1	-1	-1	-1	-1	-1	-1	-1	-1	-1
378	399	502	532	570	589	626	671	713	727	734	-1	-1	-1	-1	-1	-1	-1	-1	-1	-1	-1
39	144	305	337	347	363	415	697	700	712	725	-1	-1	-1	-1	-1	-1	-1	-1	-1	-1	-1
448	569	603	652	670	675	706	710	714	718	730	732	-1	-1	-1	-1	-1	-1	-1	-1	-1	-1
34	115	124	173	255	420	481	494	610	618	657	674	705	707	719	723	734	-1	-1	-1	-1	-1
33	76	113	219	448	638	691	699	711	-1	-1	-1	-1	-1	-1	-1	-1	-1	-1	-1	-1	-1
41	253	273	504	627	657	690	703	741	-1	-1	-1	-1	-1	-1	-1	-1	-1	-1	-1	-1	-1
66	130	157	185	271	643	647	659	692	715	727	-1	-1	-1	-1	-1	-1	-1	-1	-1	-1	-1
356	615	704	722	-1	-1	-1	-1	-1	-1	-1	-1	-1	-1	-1	-1	-1	-1	-1	-1	-1	-1
268	638	695	700	732	-1	-1	-1	-1	-1	-1	-1	-1	-1	-1	-1	-1	-1	-1	-1	-1	-1
118	593	672	695	714	715	724	728	729	-1	-1	-1	-1	-1	-1	-1	-1	-1	-1	-1	-1	-1
315	592	606	738	747	-1	-1	-1	-1	-1	-1	-1	-1	-1	-1	-1	-1	-1	-1	-1	-1	-1
653	694	-1	-1	-1	-1	-1	-1	-1	-1	-1	-1	-1	-1	-1	-1	-1	-1	-1	-1	-1	-1
181	201	230	247	263	403	434	712	-1	-1	-1	-1	-1	-1	-1	-1	-1	-1	-1	-1	-1	-1
189	202	562	581	598	624	627	691	701	719	730	-1	-1	-1	-1	-1	-1	-1	-1	-1	-1	-1
92	251	555	597	598	605	680	726	-1	-1	-1	-1	-1	-1	-1	-1	-1	-1	-1	-1	-1	-1
602	660	682	725	-1	-1	-1	-1	-1	-1	-1	-1	-1	-1	-1	-1	-1	-1	-1	-1	-1	-1
295	334	472	675	721	-1	-1	-1	-1	-1	-1	-1	-1	-1	-1	-1	-1	-1	-1	-1	-1	-1
109	391	429	562	573	-1	-1	-1	-1	-1	-1	-1	-1	-1	-1	-1	-1	-1	-1	-1	-1	-1
10	34	486	634	696	-1	-1	-1	-1	-1	-1	-1	-1	-1	-1	-1	-1	-1	-1	-1	-1	-1
183	570	571	-1	-1	-1	-1	-1	-1	-1	-1	-1	-1	-1	-1	-1	-1	-1	-1	-1	-1	-1
71	398	645	680	696	712	713	724	-1	-1	-1	-1	-1	-1	-1	-1	-1	-1	-1	-1	-1	-1
339	388	628	665	713	-1	-1	-1	-1	-1	-1	-1	-1	-1	-1	-1	-1	-1	-1	-1	-1	-1
75	98	275	489	583	637	690	-1	-1	-1	-1	-1	-1	-1	-1	-1	-1	-1	-1	-1	-1	-1
145	179	617	690	717	729	-1	-1	-1	-1	-1	-1	-1	-1	-1	-1	-1	-1	-1	-1	-1	-1
177	242	629	630	639	678	691	-1	-1	-1	-1	-1	-1	-1	-1	-1	-1	-1	-1	-1	-1	-1
210	214	553	703	720	737	-1	-1	-1	-1	-1	-1	-1	-1	-1	-1	-1	-1	-1	-1	-1	-1
155	161	459	-1	-1	-1	-1	-1	-1	-1	-1	-1	-1	-1	-1	-1	-1	-1	-1	-1	-1	-1
217	431	443	697	-1	-1	-1	-1	-1	-1	-1	-1	-1	-1	-1	-1	-1	-1	-1	-1	-1	-1
#0.10151668146131945