5	44	63	91	137	-1	-1	-1	-1	-1	-1	-1	-1	-1	-1	-1	-1	-1	-1
26	140	715	-1	-1	-1	-1	-1	-1	-1	-1	-1	-1	-1	-1	-1	-1	-1	-1
3	58	67	256	282	336	-1	-1	-1	-1	-1	-1	-1	-1	-1	-1	-1	-1	-1
4	22	23	33	37	44	119	285	329	372	468	672	-1	-1	-1	-1	-1	-1	-1
3	8	41	45	410	581	585	726	-1	-1	-1	-1	-1	-1	-1	-1	-1	-1	-1
13	35	102	174	281	344	711	734	-1	-1	-1	-1	-1	-1	-1	-1	-1	-1	-1
7	21	22	39	57	157	179	267	746	-1	-1	-1	-1	-1	-1	-1	-1	-1	-1
10	11	19	39	63	99	118	131	174	460	486	519	545	695	720	-1	-1	-1	-1
27	78	79	82	177	359	401	597	-1	-1	-1	-1	-1	-1	-1	-1	-1	-1	-1
7	11	12	30	42	68	182	316	350	-1	-1	-1	-1	-1	-1	-1	-1	-1	-1
13	37	44	50	339	630	-1	-1	-1	-1	-1	-1	-1	-1	-1	-1	-1	-1	-1
8	14	28	30	31	41	53	126	166	183	647	704	-1	-1	-1	-1	-1	-1	-1
6	19	21	280	308	-1	-1	-1	-1	-1	-1	-1	-1	-1	-1	-1	-1	-1	-1
9	11	36	178	661	-1	-1	-1	-1	-1	-1	-1	-1	-1	-1	-1	-1	-1	-1
6	24	32	114	133	202	509	540	-1	-1	-1	-1	-1	-1	-1	-1	-1	-1	-1
1	4	22	26	29	34	36	43	76	-1	-1	-1	-1	-1	-1	-1	-1	-1	-1
3	15	19	44	58	117	228	307	709	-1	-1	-1	-1	-1	-1	-1	-1	-1	-1
5	22	39	58	64	82	85	128	140	171	276	335	374	394	559	-1	-1	-1	-1
9	16	27	36	40	97	328	636	-1	-1	-1	-1	-1	-1	-1	-1	-1	-1	-1
14	22	30	57	213	400	628	730	-1	-1	-1	-1	-1	-1	-1	-1	-1	-1	-1
21	27	42	43	61	138	140	156	356	374	440	-1	-1	-1	-1	-1	-1	-1	-1
6	31	33	37	40	134	158	184	470	630	664	-1	-1	-1	-1	-1	-1	-1	-1
15	21	38	44	105	180	308	376	406	606	744	-1	-1	-1	-1	-1	-1	-1	-1
15	38	40	41	55	82	136	212	226	363	410	603	726	-1	-1	-1	-1	-1	-1
0	4	5	10	35	147	329	376	536	561	645	714	719	-1	-1	-1	-1	-1	-1
1	15	17	23	26	34	39	45	89	101	175	423	507	-1	-1	-1	-1	-1	-1
35	59	88	128	238	295	344	-1	-1	-1	-1	-1	-1	-1	-1	-1	-1	-1	-1
2	24	31	51	657	-1	-1	-1	-1	-1	-1	-1	-1	-1	-1	-1	-1	-1	-1
11	12	18	26	32	67	148	228	432	588	598	-1	-1	-1	-1	-1	-1	-1	-1
30	56	91	123	176	184	320	576	-1	-1	-1	-1	-1	-1	-1	-1	-1	-1	-1
4	15	60	76	98	143	593	609	-1	-1	-1	-1	-1	-1	-1	-1	-1	-1	-1
2	3	5	10	13	14	26	32	40	121	122	254	298	323	599	-1	-1	-1	-1
1	6	23	136	424	558	643	715	741	-1	-1	-1	-1	-1	-1	-1	-1	-1	-1
4	13	14	20	78	136	662	-1	-1	-1	-1	-1	-1	-1	-1	-1	-1	-1	-1
9	33	40	62	67	120	130	175	626	737	-1	-1	-1	-1	-1	-1	-1	-1	-1
8	17	36	46	56	78	106	117	126	155	169	235	300	515	-1	-1	-1	-1	-1
5	25	55	167	217	441	-1	-1	-1	-1	-1	-1	-1	-1	-1	-1	-1	-1	-1
13	39	85	111	118	736	-1	-1	-1	-1	-1	-1	-1	-1	-1	-1	-1	-1	-1
1	18	27	41	44	111	-1	-1	-1	-1	-1	-1	-1	-1	-1	-1	-1	-1	-1
12	45	150	168	211	385	-1	-1	-1	-1	-1	-1	-1	-1	-1	-1	-1	-1	-1
1	36	121	126	127	183	215	279	307	-1	-1	-1	-1	-1	-1	-1	-1	-1	-1
12	19	23	28	35	103	107	156	356	651	655	681	-1	-1	-1	-1	-1	-1	-1
35	36	72	77	139	170	184	411	633	-1	-1	-1	-1	-1	-1	-1	-1	-1	-1
6	17	20	33	42	83	98	128	141	265	531	538	-1	-1	-1	-1	-1	-1	-1
9	17	27	28	29	32	45	105	124	133	221	603	-1	-1	-1	-1	-1	-1	-1
1	10	34	35	52	54	71	99	155	321	510	585	590	724	-1	-1	-1	-1	-1
41	43	70	75	87	-1	-1	-1	-1	-1	-1	-1	-1	-1	-1	-1	-1	-1	-1
73	74	104	152	167	210	-1	-1	-1	-1	-1	-1	-1	-1	-1	-1	-1	-1	-1
50	60	68	73	75	80	136	167	182	514	644	-1	-1	-1	-1	-1	-1	-1	-1
48	58	59	192	483	515	655	-1	-1	-1	-1	-1	-1	-1	-1	-1	-1	-1	-1
65	76	110	157	335	568	711	-1	-1	-1	-1	-1	-1	-1	-1	-1	-1	-1	-1
18	46	56	57	64	77	78	84	91	126	166	291	330	338	-1	-1	-1	-1	-1
7	14	37	48	53	102	314	323	443	-1	-1	-1	-1	-1	-1	-1	-1	-1	-1
0	34	50	51	59	62	84	145	148	160	167	581	634	720	-1	-1	-1	-1	-1
32	33	40	48	91	146	183	234	307	-1	-1	-1	-1	-1	-1	-1	-1	-1	-1
46	51	63	69	76	92	156	639	697	727	-1	-1	-1	-1	-1	-1	-1	-1	-1
78	141	469	590	634	672	-1	-1	-1	-1	-1	-1	-1	-1	-1	-1	-1	-1	-1
55	56	62	165	397	714	-1	-1	-1	-1	-1	-1	-1	-1	-1	-1	-1	-1	-1
61	67	119	141	156	170	226	529	718	-1	-1	-1	-1	-1	-1	-1	-1	-1	-1
12	26	42	70	80	92	93	109	113	151	452	591	-1	-1	-1	-1	-1	-1	-1
49	89	115	135	164	177	436	731	-1	-1	-1	-1	-1	-1	-1	-1	-1	-1	-1
11	19	52	54	69	72	86	88	112	137	155	236	264	613	-1	-1	-1	-1	-1
48	49	63	107	118	148	348	382	747	-1	-1	-1	-1	-1	-1	-1	-1	-1	-1
13	18	32	52	70	76	88	112	117	132	145	152	297	391	489	694	-1	-1	-1
15	52	59	76	102	130	694	-1	-1	-1	-1	-1	-1	-1	-1	-1	-1	-1	-1
29	41	56	60	62	75	77	88	95	110	597	720	-1	-1	-1	-1	-1	-1	-1
47	51	57	58	80	86	118	158	566	575	669	731	-1	-1	-1	-1	-1	-1	-1
5	7	53	160	298	313	-1	-1	-1	-1	-1	-1	-1	-1	-1	-1	-1	-1	-1
49	57	59	73	76	83	125	151	337	416	465	-1	-1	-1	-1	-1	-1	-1	-1
17	57	65	66	80	89	97	208	501	681	-1	-1	-1	-1	-1	-1	-1	-1	-1
46	52	66	67	105	138	159	173	273	449	702	-1	-1	-1	-1	-1	-1	-1	-1
56	57	61	68	79	85	90	114	142	163	598	612	-1	-1	-1	-1	-1	-1	-1
6	36	48	56	69	75	82	86	90	285	364	-1	-1	-1	-1	-1	-1	-1	-1
42	46	78	85	88	114	311	569	638	-1	-1	-1	-1	-1	-1	-1	-1	-1	-1
56	66	77	85	99	128	133	149	251	252	339	462	507	-1	-1	-1	-1	-1	-1
1	28	45	47	57	77	113	612	-1	-1	-1	-1	-1	-1	-1	-1	-1	-1	-1
25	46	57	58	70	86	90	125	335	-1	-1	-1	-1	-1	-1	-1	-1	-1	-1
43	45	49	63	71	73	84	104	123	138	179	434	650	-1	-1	-1	-1	-1	-1
4	46	57	62	72	124	168	321	353	356	409	-1	-1	-1	-1	-1	-1	-1	-1
9	23	53	66	77	78	80	86	88	101	177	182	248	494	745	-1	-1	-1	-1
35	49	63	64	93	100	271	741	-1	-1	-1	-1	-1	-1	-1	-1	-1	-1	-1
47	52	72	75	153	155	467	-1	-1	-1	-1	-1	-1	-1	-1	-1	-1	-1	-1
22	33	62	63	75	79	85	90	103	133	155	169	170	-1	-1	-1	-1	-1	-1
10	17	57	67	73	180	747	-1	-1	-1	-1	-1	-1	-1	-1	-1	-1	-1	-1
15	16	30	56	83	106	121	143	256	480	-1	-1	-1	-1	-1	-1	-1	-1	-1
60	64	79	116	448	-1	-1	-1	-1	-1	-1	-1	-1	-1	-1	-1	-1	-1	-1
36	44	46	47	76	77	114	293	470	553	729	-1	-1	-1	-1	-1	-1	-1	-1
0	19	48	83	84	111	122	161	167	207	216	525	-1	-1	-1	-1	-1	-1	-1
26	56	57	68	75	86	496	722	733	-1	-1	-1	-1	-1	-1	-1	-1	-1	-1
12	13	55	58	68	75	78	81	393	-1	-1	-1	-1	-1	-1	-1	-1	-1	-1
17	59	60	64	66	70	74	75	177	324	432	680	716	-1	-1	-1	-1	-1	-1
24	53	59	71	90	229	234	328	654	-1	-1	-1	-1	-1	-1	-1	-1	-1	-1
75	91	97	98	109	125	130	145	158	196	221	231	-1	-1	-1	-1	-1	-1	-1
8	19	28	44	73	88	120	122	158	-1	-1	-1	-1	-1	-1	-1	-1	-1	-1
21	53	69	93	102	116	191	285	287	463	668	-1	-1	-1	-1	-1	-1	-1	-1
4	86	103	105	116	133	136	142	241	661	-1	-1	-1	-1	-1	-1	-1	-1	-1
22	61	100	105	109	125	130	132	178	267	570	-1	-1	-1	-1	-1	-1	-1	-1
23	44	96	112	119	162	172	630	677	-1	-1	-1	-1	-1	-1	-1	-1	-1	-1
101	107	111	169	173	377	582	-1	-1	-1	-1	-1	-1	-1	-1	-1	-1	-1	-1
95	104	109	118	136	172	540	-1	-1	-1	-1	-1	-1	-1	-1	-1	-1	-1	-1
34	39	86	99	105	114	132	169	385	559	657	-1	-1	-1	-1	-1	-1	-1	-1
5	9	37	136	420	574	601	-1	-1	-1	-1	-1	-1	-1	-1	-1	-1	-1	-1
30	95	101	105	109	160	314	435	532	577	596	-1	-1	-1	-1	-1	-1	-1	-1
12	13	19	70	112	118	124	127	128	135	160	185	378	625	-1	-1	-1	-1	-1
40	94	107	111	132	-1	-1	-1	-1	-1	-1	-1	-1	-1	-1	-1	-1	-1	-1
53	57	83	94	132	143	145	395	483	564	649	-1	-1	-1	-1	-1	-1	-1	-1
48	92	101	115	119	126	128	318	343	685	-1	-1	-1	-1	-1	-1	-1	-1	-1
32	36	109	114	119	435	530	-1	-1	-1	-1	-1	-1	-1	-1	-1	-1	-1	-1
13	31	45	89	98	117	120	127	132	585	721	-1	-1	-1	-1	-1	-1	-1	-1
18	23	32	38	85	101	240	273	364	374	559	570	666	-1	-1	-1	-1	-1	-1
48	93	109	112	113	117	119	133	153	185	357	368	-1	-1	-1	-1	-1	-1	-1
66	69	97	98	101	105	112	118	404	455	-1	-1	-1	-1	-1	-1	-1	-1	-1
50	93	96	99	110	116	142	156	630	-1	-1	-1	-1	-1	-1	-1	-1	-1	-1
5	96	101	124	125	132	163	270	327	372	-1	-1	-1	-1	-1	-1	-1	-1	-1
43	52	84	94	130	131	146	187	255	438	732	-1	-1	-1	-1	-1	-1	-1	-1
43	62	105	123	159	170	202	335	-1	-1	-1	-1	-1	-1	-1	-1	-1	-1	-1
95	100	122	149	184	192	-1	-1	-1	-1	-1	-1	-1	-1	-1	-1	-1	-1	-1
38	53	91	389	735	-1	-1	-1	-1	-1	-1	-1	-1	-1	-1	-1	-1	-1	-1
7	34	37	102	104	107	111	124	126	157	201	291	-1	-1	-1	-1	-1	-1	-1
47	93	106	113	120	123	124	131	134	136	145	157	417	457	-1	-1	-1	-1	-1
20	38	59	100	103	107	108	115	124	126	288	-1	-1	-1	-1	-1	-1	-1	-1
31	62	99	154	287	332	-1	-1	-1	-1	-1	-1	-1	-1	-1	-1	-1	-1	-1
2	29	46	66	102	118	119	133	155	179	308	348	470	-1	-1	-1	-1	-1	-1
17	64	117	134	162	176	427	714	743	-1	-1	-1	-1	-1	-1	-1	-1	-1	-1
13	132	174	539	-1	-1	-1	-1	-1	-1	-1	-1	-1	-1	-1	-1	-1	-1	-1
15	26	61	67	89	135	142	194	316	526	558	586	743	-1	-1	-1	-1	-1	-1
66	94	103	112	115	133	161	164	608	-1	-1	-1	-1	-1	-1	-1	-1	-1	-1
10	39	120	130	144	152	682	-1	-1	-1	-1	-1	-1	-1	-1	-1	-1	-1	-1
106	108	127	170	593	692	-1	-1	-1	-1	-1	-1	-1	-1	-1	-1	-1	-1	-1
31	44	48	94	114	122	199	474	541	571	595	644	727	-1	-1	-1	-1	-1	-1
89	99	108	118	125	143	263	320	602	608	-1	-1	-1	-1	-1	-1	-1	-1	-1
58	85	124	127	129	134	137	356	538	-1	-1	-1	-1	-1	-1	-1	-1	-1	-1
44	100	104	129	159	168	317	380	-1	-1	-1	-1	-1	-1	-1	-1	-1	-1	-1
8	22	117	118	125	166	243	492	-1	-1	-1	-1	-1	-1	-1	-1	-1	-1	-1
39	96	98	113	118	124	171	273	425	723	748	-1	-1	-1	-1	-1	-1	-1	-1
47	73	96	109	110	120	131	170	420	541	601	736	-1	-1	-1	-1	-1	-1	-1
25	39	65	75	113	115	122	134	152	173	368	423	425	429	-1	-1	-1	-1	-1
0	17	52	57	98	105	118	194	342	539	702	-1	-1	-1	-1	-1	-1	-1	-1
20	63	85	111	141	158	161	338	-1	-1	-1	-1	-1	-1	-1	-1	-1	-1	-1
11	104	148	155	166	172	175	391	695	-1	-1	-1	-1	-1	-1	-1	-1	-1	-1
39	49	97	150	159	164	165	182	460	527	543	579	-1	-1	-1	-1	-1	-1	-1
27	131	142	144	150	171	179	180	273	281	475	-1	-1	-1	-1	-1	-1	-1	-1
30	212	417	550	-1	-1	-1	-1	-1	-1	-1	-1	-1	-1	-1	-1	-1	-1	-1
22	47	133	145	156	207	390	447	586	589	720	-1	-1	-1	-1	-1	-1	-1	-1
4	77	154	173	182	187	381	509	530	564	713	-1	-1	-1	-1	-1	-1	-1	-1
76	153	154	167	275	336	384	410	715	-1	-1	-1	-1	-1	-1	-1	-1	-1	-1
10	23	137	148	156	185	-1	-1	-1	-1	-1	-1	-1	-1	-1	-1	-1	-1	-1
115	143	144	148	165	174	179	183	493	656	-1	-1	-1	-1	-1	-1	-1	-1	-1
7	67	87	164	172	179	218	474	567	593	620	-1	-1	-1	-1	-1	-1	-1	-1
0	16	71	142	148	168	172	183	387	569	-1	-1	-1	-1	-1	-1	-1	-1	-1
10	108	125	135	144	149	151	180	248	293	302	415	426	441	-1	-1	-1	-1	-1
44	64	141	146	176	562	733	-1	-1	-1	-1	-1	-1	-1	-1	-1	-1	-1	-1
2	38	99	113	141	147	148	156	163	182	363	437	594	-1	-1	-1	-1	-1	-1
29	146	148	157	174	185	284	350	398	419	445	465	591	736	-1	-1	-1	-1	-1
33	80	157	163	558	-1	-1	-1	-1	-1	-1	-1	-1	-1	-1	-1	-1	-1	-1
21	128	138	141	152	153	160	163	171	172	234	454	596	655	698	-1	-1	-1	-1
56	80	118	139	149	164	166	487	664	-1	-1	-1	-1	-1	-1	-1	-1	-1	-1
121	131	144	159	163	170	181	226	270	290	317	471	665	714	-1	-1	-1	-1	-1
26	90	127	132	149	659	-1	-1	-1	-1	-1	-1	-1	-1	-1	-1	-1	-1	-1
24	68	149	153	161	167	168	291	427	725	-1	-1	-1	-1	-1	-1	-1	-1	-1
46	114	142	152	166	183	683	747	-1	-1	-1	-1	-1	-1	-1	-1	-1	-1	-1
121	160	252	315	316	619	651	709	-1	-1	-1	-1	-1	-1	-1	-1	-1	-1	-1
55	67	152	153	160	167	227	527	588	690	-1	-1	-1	-1	-1	-1	-1	-1	-1
29	133	159	186	236	251	273	303	601	604	-1	-1	-1	-1	-1	-1	-1	-1	-1
16	158	179	181	182	215	512	529	-1	-1	-1	-1	-1	-1	-1	-1	-1	-1	-1
17	29	124	150	478	618	-1	-1	-1	-1	-1	-1	-1	-1	-1	-1	-1	-1	-1
25	57	101	147	169	173	176	179	186	214	294	373	489	542	-1	-1	-1	-1	-1
11	65	103	130	148	340	513	689	-1	-1	-1	-1	-1	-1	-1	-1	-1	-1	-1
114	142	172	176	179	248	443	514	650	664	-1	-1	-1	-1	-1	-1	-1	-1	-1
28	43	121	144	157	158	168	212	257	325	643	703	-1	-1	-1	-1	-1	-1	-1
60	92	100	134	141	146	-1	-1	-1	-1	-1	-1	-1	-1	-1	-1	-1	-1	-1
67	114	133	143	146	156	166	169	182	264	286	494	-1	-1	-1	-1	-1	-1	-1
21	130	139	147	155	167	170	693	-1	-1	-1	-1	-1	-1	-1	-1	-1	-1	-1
16	84	160	244	258	482	657	-1	-1	-1	-1	-1	-1	-1	-1	-1	-1	-1	-1
47	95	142	143	146	155	157	169	177	181	426	496	657	699	-1	-1	-1	-1	-1
37	78	179	182	239	297	333	370	470	531	692	-1	-1	-1	-1	-1	-1	-1	-1
26	150	151	158	160	163	178	385	410	677	-1	-1	-1	-1	-1	-1	-1	-1	-1
37	65	104	113	153	162	171	174	391	439	-1	-1	-1	-1	-1	-1	-1	-1	-1
85	116	150	153	155	164	168	184	275	381	457	621	-1	-1	-1	-1	-1	-1	-1
56	120	139	145	174	394	505	538	745	-1	-1	-1	-1	-1	-1	-1	-1	-1	-1
75	95	130	144	156	171	172	253	400	-1	-1	-1	-1	-1	-1	-1	-1	-1	-1
119	130	145	148	151	158	159	166	173	262	-1	-1	-1	-1	-1	-1	-1	-1	-1
33	72	115	122	143	166	181	450	458	-1	-1	-1	-1	-1	-1	-1	-1	-1	-1
45	58	122	143	151	163	179	343	495	678	-1	-1	-1	-1	-1	-1	-1	-1	-1
11	147	163	179	201	212	-1	-1	-1	-1	-1	-1	-1	-1	-1	-1	-1	-1	-1
23	92	109	132	171	184	192	201	203	205	228	285	371	459	-1	-1	-1	-1	-1
21	68	81	136	157	195	199	201	264	443	485	720	-1	-1	-1	-1	-1	-1	-1
199	227	233	236	237	242	243	248	675	738	-1	-1	-1	-1	-1	-1	-1	-1	-1
192	195	209	228	250	292	319	-1	-1	-1	-1	-1	-1	-1	-1	-1	-1	-1	-1
39	187	192	198	204	208	216	224	225	253	257	332	354	373	503	584	-1	-1	-1
106	185	186	194	204	206	207	217	226	238	265	332	340	510	578	599	-1	-1	-1
30	68	199	203	220	224	249	343	552	592	633	-1	-1	-1	-1	-1	-1	-1	-1
31	61	193	194	209	216	270	-1	-1	-1	-1	-1	-1	-1	-1	-1	-1	-1	-1
144	194	199	227	270	287	358	474	-1	-1	-1	-1	-1	-1	-1	-1	-1	-1	-1
1	161	163	165	203	214	341	372	391	513	-1	-1	-1	-1	-1	-1	-1	-1	-1
22	173	187	214	217	223	226	283	322	338	-1	-1	-1	-1	-1	-1	-1	-1	-1
8	186	217	223	227	253	299	575	661	-1	-1	-1	-1	-1	-1	-1	-1	-1	-1
132	191	194	209	213	220	561	-1	-1	-1	-1	-1	-1	-1	-1	-1	-1	-1	-1
133	135	187	201	219	222	236	619	-1	-1	-1	-1	-1	-1	-1	-1	-1	-1	-1
21	23	188	208	211	221	352	360	475	502	664	-1	-1	-1	-1	-1	-1	-1	-1
1	36	47	187	188	211	262	301	313	316	332	344	476	-1	-1	-1	-1	-1	-1
74	118	168	184	202	211	216	229	240	275	338	375	381	450	587	-1	-1	-1	-1
189	206	211	223	260	309	452	711	-1	-1	-1	-1	-1	-1	-1	-1	-1	-1	-1
79	215	218	222	228	234	338	522	541	649	665	-1	-1	-1	-1	-1	-1	-1	-1
28	125	186	197	222	225	227	371	467	490	642	-1	-1	-1	-1	-1	-1	-1	-1
187	218	222	224	227	252	276	296	327	354	356	508	704	-1	-1	-1	-1	-1	-1
32	64	184	188	211	212	266	279	281	310	432	669	-1	-1	-1	-1	-1	-1	-1
100	135	196	204	206	212	271	301	310	471	485	611	639	654	-1	-1	-1	-1	-1
186	203	217	223	288	335	336	376	548	594	698	-1	-1	-1	-1	-1	-1	-1	-1
64	81	203	205	229	343	399	526	736	-1	-1	-1	-1	-1	-1	-1	-1	-1	-1
15	67	189	190	192	214	219	222	231	237	284	313	409	600	-1	-1	-1	-1	-1
184	186	191	198	204	212	258	285	328	-1	-1	-1	-1	-1	-1	-1	-1	-1	-1
108	177	179	192	210	218	244	296	342	358	360	419	684	702	-1	-1	-1	-1	-1
167	186	187	189	209	223	224	240	255	260	286	292	323	347	412	621	-1	-1	-1
197	276	396	402	621	656	749	-1	-1	-1	-1	-1	-1	-1	-1	-1	-1	-1	-1
212	220	222	253	347	-1	-1	-1	-1	-1	-1	-1	-1	-1	-1	-1	-1	-1	-1
98	188	212	226	248	269	365	-1	-1	-1	-1	-1	-1	-1	-1	-1	-1	-1	-1
47	197	201	224	228	248	261	376	528	536	604	-1	-1	-1	-1	-1	-1	-1	-1
186	202	208	220	274	358	364	366	367	372	640	-1	-1	-1	-1	-1	-1	-1	-1
210	222	278	285	550	565	689	-1	-1	-1	-1	-1	-1	-1	-1	-1	-1	-1	-1
185	207	218	229	295	323	349	-1	-1	-1	-1	-1	-1	-1	-1	-1	-1	-1	-1
204	220	252	329	369	607	-1	-1	-1	-1	-1	-1	-1	-1	-1	-1	-1	-1	-1
44	199	214	271	295	354	376	509	542	-1	-1	-1	-1	-1	-1	-1	-1	-1	-1
99	186	188	197	222	224	229	338	352	499	527	629	-1	-1	-1	-1	-1	-1	-1
111	180	190	205	207	218	234	283	467	478	-1	-1	-1	-1	-1	-1	-1	-1	-1
63	104	193	199	207	246	257	260	270	290	303	355	391	573	639	-1	-1	-1	-1
139	196	198	203	211	215	225	270	276	312	317	337	365	431	512	-1	-1	-1	-1
190	193	198	212	464	711	-1	-1	-1	-1	-1	-1	-1	-1	-1	-1	-1	-1	-1
128	195	217	222	291	-1	-1	-1	-1	-1	-1	-1	-1	-1	-1	-1	-1	-1	-1
112	189	196	206	226	237	254	260	279	290	292	364	747	-1	-1	-1	-1	-1	-1
225	235	241	245	253	262	312	470	-1	-1	-1	-1	-1	-1	-1	-1	-1	-1	-1
239	245	255	264	268	357	-1	-1	-1	-1	-1	-1	-1	-1	-1	-1	-1	-1	-1
135	193	235	243	248	264	495	-1	-1	-1	-1	-1	-1	-1	-1	-1	-1	-1	-1
180	237	255	259	263	272	321	347	359	370	527	580	-1	-1	-1	-1	-1	-1	-1
134	210	230	235	247	251	306	338	483	659	-1	-1	-1	-1	-1	-1	-1	-1	-1
64	204	225	248	256	283	560	688	-1	-1	-1	-1	-1	-1	-1	-1	-1	-1	-1
78	227	238	244	255	274	287	295	300	308	397	728	-1	-1	-1	-1	-1	-1	-1
13	163	241	248	265	273	274	280	424	480	568	641	733	-1	-1	-1	-1	-1	-1
59	235	240	254	261	311	644	653	-1	-1	-1	-1	-1	-1	-1	-1	-1	-1	-1
205	213	244	252	264	274	346	-1	-1	-1	-1	-1	-1	-1	-1	-1	-1	-1	-1
145	193	203	208	234	248	268	315	319	365	-1	-1	-1	-1	-1	-1	-1	-1	-1
129	239	243	245	249	256	263	273	299	302	320	344	577	697	719	-1	-1	-1	-1
232	235	237	244	371	433	-1	-1	-1	-1	-1	-1	-1	-1	-1	-1	-1	-1	-1
105	109	206	218	249	253	262	275	276	288	316	359	402	425	488	529	-1	-1	-1
190	235	302	320	392	465	622	-1	-1	-1	-1	-1	-1	-1	-1	-1	-1	-1	-1
81	132	177	217	233	235	250	258	261	263	264	293	317	326	-1	-1	-1	-1	-1
114	187	250	256	290	295	354	434	679	-1	-1	-1	-1	-1	-1	-1	-1	-1	-1
12	182	219	248	264	292	307	393	-1	-1	-1	-1	-1	-1	-1	-1	-1	-1	-1
91	110	143	212	242	253	588	698	-1	-1	-1	-1	-1	-1	-1	-1	-1	-1	-1
154	192	198	215	252	284	564	748	-1	-1	-1	-1	-1	-1	-1	-1	-1	-1	-1
90	235	267	303	309	329	348	357	361	521	618	-1	-1	-1	-1	-1	-1	-1	-1
34	55	153	258	270	273	293	305	317	328	333	657	-1	-1	-1	-1	-1	-1	-1
93	199	205	214	244	247	259	265	271	274	303	329	352	472	506	597	719	-1	-1
205	230	234	238	245	255	270	311	350	624	-1	-1	-1	-1	-1	-1	-1	-1	-1
7	193	247	249	298	300	343	714	728	-1	-1	-1	-1	-1	-1	-1	-1	-1	-1
13	51	91	189	238	242	247	252	261	269	274	280	343	347	-1	-1	-1	-1	-1
0	168	216	219	225	257	260	263	273	361	368	512	587	732	-1	-1	-1	-1	-1
7	136	246	250	260	261	272	275	297	352	364	-1	-1	-1	-1	-1	-1	-1	-1
210	253	303	330	362	512	572	703	727	-1	-1	-1	-1	-1	-1	-1	-1	-1	-1
218	236	248	268	274	329	371	445	495	699	-1	-1	-1	-1	-1	-1	-1	-1	-1
6	219	249	252	257	266	274	354	355	468	535	664	-1	-1	-1	-1	-1	-1	-1
25	28	88	230	235	237	243	250	259	265	289	299	351	-1	-1	-1	-1	-1	-1
207	248	342	-1	-1	-1	-1	-1	-1	-1	-1	-1	-1	-1	-1	-1	-1	-1	-1
219	259	265	272	360	417	570	640	728	-1	-1	-1	-1	-1	-1	-1	-1	-1	-1
54	105	195	241	257	294	340	342	370	412	436	635	-1	-1	-1	-1	-1	-1	-1
196	197	239	246	266	272	274	285	483	664	690	-1	-1	-1	-1	-1	-1	-1	-1
230	245	248	251	254	256	304	314	342	378	477	665	-1	-1	-1	-1	-1	-1	-1
239	246	248	255	264	270	271	281	324	326	364	478	511	-1	-1	-1	-1	-1	-1
14	67	108	162	236	241	244	251	284	286	318	373	398	714	-1	-1	-1	-1	-1
67	120	236	243	254	263	264	265	270	273	294	480	-1	-1	-1	-1	-1	-1	-1
224	236	246	253	271	312	368	536	656	-1	-1	-1	-1	-1	-1	-1	-1	-1	-1
220	244	246	253	254	256	301	349	360	581	680	721	-1	-1	-1	-1	-1	-1	-1
71	192	217	245	246	251	253	258	264	347	361	679	-1	-1	-1	-1	-1	-1	-1
71	200	226	251	274	311	370	442	449	-1	-1	-1	-1	-1	-1	-1	-1	-1	-1
4	92	232	242	262	265	271	272	273	283	337	349	431	612	-1	-1	-1	-1	-1
202	208	226	235	249	261	268	287	308	738	-1	-1	-1	-1	-1	-1	-1	-1	-1
36	198	244	255	309	321	359	451	682	727	-1	-1	-1	-1	-1	-1	-1	-1	-1
221	287	301	304	346	348	731	-1	-1	-1	-1	-1	-1	-1	-1	-1	-1	-1	-1
188	281	283	304	318	321	327	342	401	-1	-1	-1	-1	-1	-1	-1	-1	-1	-1
39	151	197	237	266	282	286	304	309	315	360	583	710	-1	-1	-1	-1	-1	-1
32	214	229	261	272	294	301	308	309	314	705	-1	-1	-1	-1	-1	-1	-1	-1
235	277	315	-1	-1	-1	-1	-1	-1	-1	-1	-1	-1	-1	-1	-1	-1	-1	-1
280	283	291	298	305	316	357	359	398	465	-1	-1	-1	-1	-1	-1	-1	-1	-1
120	305	312	313	314	335	618	717	-1	-1	-1	-1	-1	-1	-1	-1	-1	-1	-1
55	79	222	267	277	282	300	311	319	651	-1	-1	-1	-1	-1	-1	-1	-1	-1
126	214	215	283	284	290	299	300	630	-1	-1	-1	-1	-1	-1	-1	-1	-1	-1
190	285	317	414	536	634	727	-1	-1	-1	-1	-1	-1	-1	-1	-1	-1	-1	-1
4	62	78	158	190	242	275	282	284	285	302	320	327	567	638	-1	-1	-1	-1
104	182	198	219	230	274	283	286	290	306	364	428	470	545	643	-1	-1	-1	-1
221	275	277	279	318	335	369	-1	-1	-1	-1	-1	-1	-1	-1	-1	-1	-1	-1
32	236	263	292	315	319	320	567	654	-1	-1	-1	-1	-1	-1	-1	-1	-1	-1
40	190	287	290	299	303	308	309	330	343	656	-1	-1	-1	-1	-1	-1	-1	-1
184	287	307	322	357	379	-1	-1	-1	-1	-1	-1	-1	-1	-1	-1	-1	-1	-1
51	279	282	333	410	419	438	483	-1	-1	-1	-1	-1	-1	-1	-1	-1	-1	-1
20	189	233	235	252	253	289	292	316	327	589	740	-1	-1	-1	-1	-1	-1	-1
166	190	232	254	271	279	285	286	292	303	306	345	372	479	-1	-1	-1	-1	-1
154	168	229	237	285	289	295	311	338	508	-1	-1	-1	-1	-1	-1	-1	-1	-1
211	239	286	301	308	311	316	678	-1	-1	-1	-1	-1	-1	-1	-1	-1	-1	-1
218	222	231	282	294	306	313	366	368	373	427	638	-1	-1	-1	-1	-1	-1	-1
56	155	207	267	283	284	302	314	323	325	435	464	652	-1	-1	-1	-1	-1	-1
199	260	278	281	303	304	311	324	474	-1	-1	-1	-1	-1	-1	-1	-1	-1	-1
180	211	254	279	284	319	327	336	363	-1	-1	-1	-1	-1	-1	-1	-1	-1	-1
3	23	44	204	218	250	283	292	296	298	300	306	312	321	323	347	452	622	712
154	174	271	290	318	338	670	699	-1	-1	-1	-1	-1	-1	-1	-1	-1	-1	-1
20	105	216	233	270	280	281	286	293	337	349	361	495	533	-1	-1	-1	-1	-1
182	212	216	232	239	266	288	383	417	629	733	-1	-1	-1	-1	-1	-1	-1	-1
55	224	249	256	276	297	494	646	-1	-1	-1	-1	-1	-1	-1	-1	-1	-1	-1
188	207	264	276	294	302	317	320	328	386	407	703	-1	-1	-1	-1	-1	-1	-1
199	226	284	287	293	309	311	441	477	602	-1	-1	-1	-1	-1	-1	-1	-1	-1
292	302	498	-1	-1	-1	-1	-1	-1	-1	-1	-1	-1	-1	-1	-1	-1	-1	-1
163	278	281	292	295	-1	-1	-1	-1	-1	-1	-1	-1	-1	-1	-1	-1	-1	-1
74	124	188	189	215	277	291	333	492	638	698	743	-1	-1	-1	-1	-1	-1	-1
105	174	285	303	307	492	-1	-1	-1	-1	-1	-1	-1	-1	-1	-1	-1	-1	-1
5	138	218	225	244	308	316	-1	-1	-1	-1	-1	-1	-1	-1	-1	-1	-1	-1
280	287	353	355	363	477	714	-1	-1	-1	-1	-1	-1	-1	-1	-1	-1	-1	-1
174	285	290	298	307	349	486	491	-1	-1	-1	-1	-1	-1	-1	-1	-1	-1	-1
202	258	279	286	314	320	321	369	483	643	-1	-1	-1	-1	-1	-1	-1	-1	-1
37	89	221	261	287	288	299	319	322	334	492	543	-1	-1	-1	-1	-1	-1	-1
241	286	300	307	314	321	350	605	631	-1	-1	-1	-1	-1	-1	-1	-1	-1	-1
190	303	304	340	344	541	598	-1	-1	-1	-1	-1	-1	-1	-1	-1	-1	-1	-1
142	222	224	251	287	296	315	324	346	474	574	-1	-1	-1	-1	-1	-1	-1	-1
168	196	209	235	261	263	264	280	292	306	323	340	343	360	693	-1	-1	-1	-1
120	190	218	340	356	513	589	607	651	-1	-1	-1	-1	-1	-1	-1	-1	-1	-1
102	221	227	253	307	332	362	363	365	382	470	742	-1	-1	-1	-1	-1	-1	-1
222	328	353	357	359	559	-1	-1	-1	-1	-1	-1	-1	-1	-1	-1	-1	-1	-1
81	165	166	210	307	323	326	335	349	355	360	689	-1	-1	-1	-1	-1	-1	-1
22	78	258	299	329	335	338	352	354	360	369	466	686	738	-1	-1	-1	-1	-1
62	227	346	365	391	459	663	-1	-1	-1	-1	-1	-1	-1	-1	-1	-1	-1	-1
130	178	221	239	256	307	319	327	331	365	372	425	561	699	-1	-1	-1	-1	-1
103	136	291	326	343	344	355	364	610	726	-1	-1	-1	-1	-1	-1	-1	-1	-1
192	236	241	249	283	289	309	326	329	352	358	362	464	503	-1	-1	-1	-1	-1
37	74	109	196	223	255	259	296	318	323	328	348	412	452	462	560	583	593	679
221	330	331	342	344	345	346	596	654	-1	-1	-1	-1	-1	-1	-1	-1	-1	-1
221	243	316	323	363	365	568	-1	-1	-1	-1	-1	-1	-1	-1	-1	-1	-1	-1
197	231	309	326	327	332	338	342	370	589	707	-1	-1	-1	-1	-1	-1	-1	-1
246	259	292	346	510	644	-1	-1	-1	-1	-1	-1	-1	-1	-1	-1	-1	-1	-1
156	169	318	343	364	708	-1	-1	-1	-1	-1	-1	-1	-1	-1	-1	-1	-1	-1
159	195	241	260	326	343	350	355	361	363	451	489	543	-1	-1	-1	-1	-1	-1
233	258	261	294	306	320	323	329	335	343	345	415	437	474	505	674	686	-1	-1
192	337	360	363	614	-1	-1	-1	-1	-1	-1	-1	-1	-1	-1	-1	-1	-1	-1
15	230	252	304	331	337	344	362	516	560	597	-1	-1	-1	-1	-1	-1	-1	-1
74	157	236	304	325	334	340	344	345	346	359	365	559	560	608	682	-1	-1	-1
40	136	196	206	313	323	330	333	339	345	349	359	420	435	504	553	686	-1	-1
1	187	207	215	242	268	290	293	318	348	357	400	700	-1	-1	-1	-1	-1	-1
75	202	252	306	320	327	335	348	362	365	504	635	650	-1	-1	-1	-1	-1	-1
69	95	145	209	260	286	289	292	322	337	340	550	585	642	-1	-1	-1	-1	-1
53	66	192	195	223	250	272	313	352	359	365	588	589	-1	-1	-1	-1	-1	-1
262	322	324	328	353	370	371	430	567	572	-1	-1	-1	-1	-1	-1	-1	-1	-1
226	288	322	327	357	359	364	367	505	-1	-1	-1	-1	-1	-1	-1	-1	-1	-1
274	306	311	323	324	328	337	354	355	356	365	369	432	589	700	-1	-1	-1	-1
54	100	194	228	267	304	317	336	-1	-1	-1	-1	-1	-1	-1	-1	-1	-1	-1
105	219	288	320	322	328	353	367	372	561	-1	-1	-1	-1	-1	-1	-1	-1	-1
174	196	211	221	264	273	274	279	286	326	332	336	347	348	353	-1	-1	-1	-1
27	63	300	322	329	333	342	355	546	692	-1	-1	-1	-1	-1	-1	-1	-1	-1
294	352	376	492	-1	-1	-1	-1	-1	-1	-1	-1	-1	-1	-1	-1	-1	-1	-1
49	206	229	300	325	337	344	356	363	365	614	742	-1	-1	-1	-1	-1	-1	-1
66	96	223	234	260	317	329	345	350	351	658	696	-1	-1	-1	-1	-1	-1	-1
172	218	290	330	331	332	343	450	-1	-1	-1	-1	-1	-1	-1	-1	-1	-1	-1
48	92	227	240	336	342	364	440	495	680	705	-1	-1	-1	-1	-1	-1	-1	-1
12	21	156	207	333	335	338	341	357	358	364	397	556	642	730	-1	-1	-1	-1
198	216	258	326	335	352	355	359	718	-1	-1	-1	-1	-1	-1	-1	-1	-1	-1
77	211	272	314	326	330	346	357	416	-1	-1	-1	-1	-1	-1	-1	-1	-1	-1
271	283	340	351	358	578	693	-1	-1	-1	-1	-1	-1	-1	-1	-1	-1	-1	-1
81	199	220	222	277	308	354	358	514	634	-1	-1	-1	-1	-1	-1	-1	-1	-1
120	190	249	256	278	341	347	352	418	482	674	-1	-1	-1	-1	-1	-1	-1	-1
327	329	331	333	355	359	372	402	484	641	684	688	745	-1	-1	-1	-1	-1	-1
45	82	326	329	338	357	359	689	714	-1	-1	-1	-1	-1	-1	-1	-1	-1	-1
5	132	183	219	328	332	357	370	414	500	544	592	748	-1	-1	-1	-1	-1	-1
1	212	302	309	333	373	383	389	441	445	-1	-1	-1	-1	-1	-1	-1	-1	-1
8	327	373	381	386	395	408	488	-1	-1	-1	-1	-1	-1	-1	-1	-1	-1	-1
58	211	330	337	359	371	372	399	574	-1	-1	-1	-1	-1	-1	-1	-1	-1	-1
53	232	245	330	369	388	399	402	492	739	-1	-1	-1	-1	-1	-1	-1	-1	-1
62	278	321	373	383	404	509	516	646	-1	-1	-1	-1	-1	-1	-1	-1	-1	-1
240	381	395	398	406	409	413	440	557	616	-1	-1	-1	-1	-1	-1	-1	-1	-1
239	311	370	377	378	392	395	398	405	436	442	471	513	706	-1	-1	-1	-1	-1
6	188	249	295	313	368	384	386	395	412	448	613	677	693	-1	-1	-1	-1	-1
142	204	213	370	409	514	536	-1	-1	-1	-1	-1	-1	-1	-1	-1	-1	-1	-1
72	227	277	299	310	375	382	473	490	534	544	-1	-1	-1	-1	-1	-1	-1	-1
284	374	387	401	405	411	417	460	-1	-1	-1	-1	-1	-1	-1	-1	-1	-1	-1
66	100	124	370	371	374	376	383	552	-1	-1	-1	-1	-1	-1	-1	-1	-1	-1
98	259	370	374	385	387	388	395	401	404	412	451	456	606	675	-1	-1	-1	-1
369	374	377	378	419	422	444	463	479	723	-1	-1	-1	-1	-1	-1	-1	-1	-1
41	377	379	388	394	412	464	468	531	667	712	721	-1	-1	-1	-1	-1	-1	-1
139	212	221	369	398	403	412	557	741	744	-1	-1	-1	-1	-1	-1	-1	-1	-1
17	70	248	371	373	378	381	409	411	418	432	434	460	559	-1	-1	-1	-1	-1
24	371	376	380	391	394	410	462	531	732	-1	-1	-1	-1	-1	-1	-1	-1	-1
305	390	442	469	494	531	539	561	703	-1	-1	-1	-1	-1	-1	-1	-1	-1	-1
15	129	205	389	399	410	413	423	-1	-1	-1	-1	-1	-1	-1	-1	-1	-1	-1
160	353	370	378	392	448	501	566	572	-1	-1	-1	-1	-1	-1	-1	-1	-1	-1
28	124	379	381	386	393	394	413	449	458	-1	-1	-1	-1	-1	-1	-1	-1	-1
260	313	373	386	391	394	395	404	439	458	493	519	683	716	-1	-1	-1	-1	-1
60	369	374	400	410	448	476	490	501	542	607	-1	-1	-1	-1	-1	-1	-1	-1
52	160	369	391	446	463	471	541	676	725	-1	-1	-1	-1	-1	-1	-1	-1	-1
353	371	372	377	385	410	411	424	460	472	536	559	-1	-1	-1	-1	-1	-1	-1
182	339	399	426	471	496	527	606	741	-1	-1	-1	-1	-1	-1	-1	-1	-1	-1
17	384	397	403	410	413	422	466	481	486	527	528	-1	-1	-1	-1	-1	-1	-1
420	424	433	531	614	-1	-1	-1	-1	-1	-1	-1	-1	-1	-1	-1	-1	-1	-1
68	103	371	381	413	454	480	509	526	733	736	-1	-1	-1	-1	-1	-1	-1	-1
238	382	407	517	536	647	-1	-1	-1	-1	-1	-1	-1	-1	-1	-1	-1	-1	-1
117	370	386	392	462	593	708	-1	-1	-1	-1	-1	-1	-1	-1	-1	-1	-1	-1
372	378	388	391	399	412	446	454	460	491	520	528	543	-1	-1	-1	-1	-1	-1
308	368	369	391	392	406	411	428	436	451	521	590	-1	-1	-1	-1	-1	-1	-1
3	170	262	270	292	360	384	403	408	413	539	556	-1	-1	-1	-1	-1	-1	-1
100	176	216	368	374	379	399	444	468	513	515	616	-1	-1	-1	-1	-1	-1	-1
370	373	374	377	384	386	392	399	401	479	512	517	585	606	-1	-1	-1	-1	-1
141	373	384	394	436	472	537	550	-1	-1	-1	-1	-1	-1	-1	-1	-1	-1	-1
232	329	373	391	394	420	426	464	-1	-1	-1	-1	-1	-1	-1	-1	-1	-1	-1
368	371	376	381	400	457	505	535	-1	-1	-1	-1	-1	-1	-1	-1	-1	-1	-1
240	300	399	446	503	659	671	-1	-1	-1	-1	-1	-1	-1	-1	-1	-1	-1	-1
225	302	314	373	379	385	436	463	526	536	627	698	-1	-1	-1	-1	-1	-1	-1
378	397	401	417	436	-1	-1	-1	-1	-1	-1	-1	-1	-1	-1	-1	-1	-1	-1
31	144	199	413	430	443	454	521	749	-1	-1	-1	-1	-1	-1	-1	-1	-1	-1
79	292	368	376	388	391	397	399	401	402	431	515	554	568	668	706	-1	-1	-1
158	406	408	473	493	535	625	627	714	-1	-1	-1	-1	-1	-1	-1	-1	-1	-1
198	299	320	417	431	444	448	469	523	737	-1	-1	-1	-1	-1	-1	-1	-1	-1
118	136	142	220	389	416	418	425	431	457	459	678	-1	-1	-1	-1	-1	-1	-1
45	263	392	421	422	448	453	506	-1	-1	-1	-1	-1	-1	-1	-1	-1	-1	-1
85	115	123	383	415	416	440	441	449	451	452	501	-1	-1	-1	-1	-1	-1	-1
383	422	424	431	437	444	456	545	605	-1	-1	-1	-1	-1	-1	-1	-1	-1	-1
103	106	198	225	417	435	451	452	509	512	521	557	558	-1	-1	-1	-1	-1	-1
214	391	416	423	425	515	537	-1	-1	-1	-1	-1	-1	-1	-1	-1	-1	-1	-1
188	424	434	442	455	551	559	741	-1	-1	-1	-1	-1	-1	-1	-1	-1	-1	-1
46	54	359	368	428	436	453	457	459	461	480	723	-1	-1	-1	-1	-1	-1	-1
125	374	438	442	447	457	493	504	514	538	733	-1	-1	-1	-1	-1	-1	-1	-1
281	430	444	484	500	519	543	558	635	-1	-1	-1	-1	-1	-1	-1	-1	-1	-1
17	121	383	384	416	417	431	445	500	504	514	-1	-1	-1	-1	-1	-1	-1	-1
24	94	308	376	395	399	440	450	527	539	615	662	-1	-1	-1	-1	-1	-1	-1
311	377	423	433	500	520	671	-1	-1	-1	-1	-1	-1	-1	-1	-1	-1	-1	-1
51	223	293	389	395	433	445	527	533	557	559	-1	-1	-1	-1	-1	-1	-1	-1
245	307	389	415	421	428	-1	-1	-1	-1	-1	-1	-1	-1	-1	-1	-1	-1	-1
185	249	337	389	391	410	458	530	658	735	-1	-1	-1	-1	-1	-1	-1	-1	-1
121	161	417	427	487	-1	-1	-1	-1	-1	-1	-1	-1	-1	-1	-1	-1	-1	-1
160	384	435	446	451	483	508	518	545	-1	-1	-1	-1	-1	-1	-1	-1	-1	-1
298	426	512	553	654	-1	-1	-1	-1	-1	-1	-1	-1	-1	-1	-1	-1	-1	-1
419	439	453	495	550	702	-1	-1	-1	-1	-1	-1	-1	-1	-1	-1	-1	-1	-1
31	380	423	438	439	451	501	508	550	744	-1	-1	-1	-1	-1	-1	-1	-1	-1
105	417	432	518	574	-1	-1	-1	-1	-1	-1	-1	-1	-1	-1	-1	-1	-1	-1
19	75	186	377	403	431	452	457	522	543	-1	-1	-1	-1	-1	-1	-1	-1	-1
421	423	424	430	432	452	456	459	474	487	537	544	-1	-1	-1	-1	-1	-1	-1
312	387	416	425	446	469	559	-1	-1	-1	-1	-1	-1	-1	-1	-1	-1	-1	-1
118	121	242	267	326	418	446	559	-1	-1	-1	-1	-1	-1	-1	-1	-1	-1	-1
397	408	416	422	428	453	502	-1	-1	-1	-1	-1	-1	-1	-1	-1	-1	-1	-1
30	416	419	447	450	454	462	466	470	487	537	589	-1	-1	-1	-1	-1	-1	-1
223	273	425	438	440	447	733	-1	-1	-1	-1	-1	-1	-1	-1	-1	-1	-1	-1
0	46	185	327	331	435	442	452	494	521	549	726	-1	-1	-1	-1	-1	-1	-1
115	393	419	422	423	426	438	447	456	457	541	552	-1	-1	-1	-1	-1	-1	-1
5	80	160	195	259	355	418	441	448	456	490	519	554	-1	-1	-1	-1	-1	-1
126	410	425	443	445	448	449	512	521	712	-1	-1	-1	-1	-1	-1	-1	-1	-1
41	103	108	231	424	454	476	528	551	554	590	649	668	692	-1	-1	-1	-1	-1
2	147	227	379	386	415	426	432	459	477	-1	-1	-1	-1	-1	-1	-1	-1	-1
9	16	156	421	424	433	447	452	457	583	-1	-1	-1	-1	-1	-1	-1	-1	-1
3	40	203	382	428	431	445	511	-1	-1	-1	-1	-1	-1	-1	-1	-1	-1	-1
75	97	152	433	437	485	490	-1	-1	-1	-1	-1	-1	-1	-1	-1	-1	-1	-1
229	428	433	457	461	554	559	660	700	710	-1	-1	-1	-1	-1	-1	-1	-1	-1
404	428	450	460	520	544	-1	-1	-1	-1	-1	-1	-1	-1	-1	-1	-1	-1	-1
153	225	245	418	429	451	480	-1	-1	-1	-1	-1	-1	-1	-1	-1	-1	-1	-1
103	126	379	382	404	434	446	466	515	566	686	-1	-1	-1	-1	-1	-1	-1	-1
118	341	362	377	421	423	442	448	453	471	496	544	630	748	-1	-1	-1	-1	-1
30	52	97	245	408	424	429	449	500	731	-1	-1	-1	-1	-1	-1	-1	-1	-1
19	296	396	415	419	453	517	567	639	718	725	747	-1	-1	-1	-1	-1	-1	-1
158	208	461	479	480	492	494	615	748	-1	-1	-1	-1	-1	-1	-1	-1	-1	-1
209	263	267	319	390	399	404	416	434	478	496	500	503	522	530	536	636	-1	-1
38	471	473	487	574	-1	-1	-1	-1	-1	-1	-1	-1	-1	-1	-1	-1	-1	-1
178	407	476	481	492	496	499	505	512	-1	-1	-1	-1	-1	-1	-1	-1	-1	-1
50	300	380	389	432	457	475	506	525	699	-1	-1	-1	-1	-1	-1	-1	-1	-1
285	377	398	419	449	476	491	715	-1	-1	-1	-1	-1	-1	-1	-1	-1	-1	-1
400	432	532	-1	-1	-1	-1	-1	-1	-1	-1	-1	-1	-1	-1	-1	-1	-1	-1
248	325	443	461	499	500	503	-1	-1	-1	-1	-1	-1	-1	-1	-1	-1	-1	-1
391	459	465	479	500	501	503	525	627	671	-1	-1	-1	-1	-1	-1	-1	-1	-1
152	338	389	428	433	479	491	532	533	568	689	-1	-1	-1	-1	-1	-1	-1	-1
101	286	391	403	674	-1	-1	-1	-1	-1	-1	-1	-1	-1	-1	-1	-1	-1	-1
352	406	407	426	435	463	472	495	504	524	525	602	-1	-1	-1	-1	-1	-1	-1
8	27	52	61	66	222	446	461	473	477	494	526	534	541	543	555	-1	-1	-1
107	131	429	432	438	456	460	476	497	649	713	-1	-1	-1	-1	-1	-1	-1	-1
40	397	409	431	460	468	528	560	600	-1	-1	-1	-1	-1	-1	-1	-1	-1	-1
139	415	424	453	477	479	486	487	505	535	633	708	749	-1	-1	-1	-1	-1	-1
387	469	470	474	475	505	624	647	687	-1	-1	-1	-1	-1	-1	-1	-1	-1	-1
148	277	406	417	448	467	484	497	503	519	557	-1	-1	-1	-1	-1	-1	-1	-1
170	303	450	460	482	486	496	518	745	-1	-1	-1	-1	-1	-1	-1	-1	-1	-1
42	152	199	299	421	478	534	555	584	663	746	747	-1	-1	-1	-1	-1	-1	-1
77	181	265	424	472	481	483	518	525	536	563	568	-1	-1	-1	-1	-1	-1	-1
42	96	350	366	408	422	467	495	599	-1	-1	-1	-1	-1	-1	-1	-1	-1	-1
184	197	304	388	421	478	498	526	527	592	688	-1	-1	-1	-1	-1	-1	-1	-1
133	461	476	478	489	510	550	625	725	-1	-1	-1	-1	-1	-1	-1	-1	-1	-1
2	161	314	456	464	475	481	485	497	504	552	586	-1	-1	-1	-1	-1	-1	-1
100	479	493	503	520	555	-1	-1	-1	-1	-1	-1	-1	-1	-1	-1	-1	-1	-1
149	186	432	453	459	464	490	501	-1	-1	-1	-1	-1	-1	-1	-1	-1	-1	-1
51	344	462	475	491	498	501	731	-1	-1	-1	-1	-1	-1	-1	-1	-1	-1	-1
49	425	483	492	503	539	556	-1	-1	-1	-1	-1	-1	-1	-1	-1	-1	-1	-1
368	462	467	474	476	479	485	487	490	496	517	523	546	548	-1	-1	-1	-1	-1
138	178	375	454	464	466	476	477	483	-1	-1	-1	-1	-1	-1	-1	-1	-1	-1
198	374	429	438	466	474	475	484	502	586	666	-1	-1	-1	-1	-1	-1	-1	-1
149	153	343	409	440	461	467	469	487	491	496	-1	-1	-1	-1	-1	-1	-1	-1
296	403	438	464	467	481	487	488	495	496	549	-1	-1	-1	-1	-1	-1	-1	-1
42	237	393	446	460	470	472	474	514	591	-1	-1	-1	-1	-1	-1	-1	-1	-1
115	175	217	363	470	476	497	527	529	599	-1	-1	-1	-1	-1	-1	-1	-1	-1
9	23	185	221	380	433	468	471	480	485	487	550	566	-1	-1	-1	-1	-1	-1
304	461	466	470	479	489	492	493	496	514	548	721	-1	-1	-1	-1	-1	-1	-1
316	475	481	500	504	537	540	714	-1	-1	-1	-1	-1	-1	-1	-1	-1	-1	-1
53	402	451	464	476	482	487	497	542	632	648	-1	-1	-1	-1	-1	-1	-1	-1
229	341	393	498	-1	-1	-1	-1	-1	-1	-1	-1	-1	-1	-1	-1	-1	-1	-1
193	232	368	399	403	417	461	463	476	483	488	489	748	-1	-1	-1	-1	-1	-1
378	468	470	482	491	495	499	613	-1	-1	-1	-1	-1	-1	-1	-1	-1	-1	-1
463	464	492	540	547	554	-1	-1	-1	-1	-1	-1	-1	-1	-1	-1	-1	-1	-1
204	266	462	482	484	514	650	695	-1	-1	-1	-1	-1	-1	-1	-1	-1	-1	-1
113	329	388	391	394	405	420	440	449	466	473	497	544	680	-1	-1	-1	-1	-1
162	215	252	339	421	430	486	489	496	508	511	515	537	542	599	730	-1	-1	-1
78	122	191	237	255	386	388	408	520	526	531	536	543	553	562	726	-1	-1	-1
7	31	367	390	442	521	532	536	-1	-1	-1	-1	-1	-1	-1	-1	-1	-1	-1
139	154	194	401	408	522	688	-1	-1	-1	-1	-1	-1	-1	-1	-1	-1	-1	-1
109	269	448	454	468	495	511	520	531	535	551	673	-1	-1	-1	-1	-1	-1	-1
231	313	364	412	433	510	521	526	543	546	566	-1	-1	-1	-1	-1	-1	-1	-1
1	50	51	100	217	383	390	416	487	516	521	530	-1	-1	-1	-1	-1	-1	-1
163	278	378	401	512	525	528	546	718	-1	-1	-1	-1	-1	-1	-1	-1	-1	-1
218	237	312	378	393	435	497	506	511	516	524	535	-1	-1	-1	-1	-1	-1	-1
378	388	457	511	512	523	530	534	-1	-1	-1	-1	-1	-1	-1	-1	-1	-1	-1
12	124	140	329	386	394	419	437	473	492	533	546	551	557	559	748	-1	-1	-1
84	422	509	-1	-1	-1	-1	-1	-1	-1	-1	-1	-1	-1	-1	-1	-1	-1	-1
507	510	516	536	681	-1	-1	-1	-1	-1	-1	-1	-1	-1	-1	-1	-1	-1	-1
36	436	514	515	522	525	548	550	-1	-1	-1	-1	-1	-1	-1	-1	-1	-1	-1
38	163	248	381	404	431	440	506	510	539	550	626	743	-1	-1	-1	-1	-1	-1
33	69	393	409	512	513	514	517	527	538	560	618	-1	-1	-1	-1	-1	-1	-1
143	417	503	518	-1	-1	-1	-1	-1	-1	-1	-1	-1	-1	-1	-1	-1	-1	-1
477	500	507	508	521	540	555	740	-1	-1	-1	-1	-1	-1	-1	-1	-1	-1	-1
459	488	510	528	532	533	535	598	633	719	-1	-1	-1	-1	-1	-1	-1	-1	-1
90	307	422	474	510	526	615	-1	-1	-1	-1	-1	-1	-1	-1	-1	-1	-1	-1
184	256	342	508	534	562	678	-1	-1	-1	-1	-1	-1	-1	-1	-1	-1	-1	-1
46	518	521	544	549	585	-1	-1	-1	-1	-1	-1	-1	-1	-1	-1	-1	-1	-1
98	155	402	447	451	504	510	532	-1	-1	-1	-1	-1	-1	-1	-1	-1	-1	-1
300	418	467	472	491	522	524	527	533	-1	-1	-1	-1	-1	-1	-1	-1	-1	-1
37	146	404	405	438	455	470	504	512	542	549	570	578	609	720	733	-1	-1	-1
76	83	114	179	347	371	525	536	540	573	-1	-1	-1	-1	-1	-1	-1	-1	-1
80	161	410	523	-1	-1	-1	-1	-1	-1	-1	-1	-1	-1	-1	-1	-1	-1	-1
54	79	251	393	414	459	529	530	-1	-1	-1	-1	-1	-1	-1	-1	-1	-1	-1
244	272	292	472	509	541	555	557	-1	-1	-1	-1	-1	-1	-1	-1	-1	-1	-1
518	532	533	536	548	551	-1	-1	-1	-1	-1	-1	-1	-1	-1	-1	-1	-1	-1
271	442	465	480	515	516	518	542	544	711	746	-1	-1	-1	-1	-1	-1	-1	-1
169	216	277	436	518	521	525	540	583	688	-1	-1	-1	-1	-1	-1	-1	-1	-1
3	385	394	398	402	509	518	544	-1	-1	-1	-1	-1	-1	-1	-1	-1	-1	-1
384	397	431	491	517	532	540	613	-1	-1	-1	-1	-1	-1	-1	-1	-1	-1	-1
152	369	475	508	511	516	527	532	536	538	541	545	551	711	-1	-1	-1	-1	-1
3	67	524	535	536	547	-1	-1	-1	-1	-1	-1	-1	-1	-1	-1	-1	-1	-1
383	416	429	515	516	531	537	547	-1	-1	-1	-1	-1	-1	-1	-1	-1	-1	-1
467	469	470	511	521	532	540	550	-1	-1	-1	-1	-1	-1	-1	-1	-1	-1	-1
51	138	413	507	672	-1	-1	-1	-1	-1	-1	-1	-1	-1	-1	-1	-1	-1	-1
161	169	291	506	511	521	523	526	543	546	-1	-1	-1	-1	-1	-1	-1	-1	-1
386	457	482	530	537	714	-1	-1	-1	-1	-1	-1	-1	-1	-1	-1	-1	-1	-1
213	289	316	389	519	527	609	714	-1	-1	-1	-1	-1	-1	-1	-1	-1	-1	-1
26	104	356	379	383	404	419	428	442	530	535	539	547	-1	-1	-1	-1	-1	-1
12	25	46	76	91	426	451	474	516	517	550	558	659	704	748	-1	-1	-1	-1
58	90	378	394	436	495	529	532	549	-1	-1	-1	-1	-1	-1	-1	-1	-1	-1
22	165	328	344	392	424	426	447	514	521	524	543	550	-1	-1	-1	-1	-1	-1
374	383	393	424	430	515	542	559	576	579	588	597	646	679	-1	-1	-1	-1	-1
220	346	454	560	573	582	594	686	-1	-1	-1	-1	-1	-1	-1	-1	-1	-1	-1
288	396	432	495	496	575	579	631	-1	-1	-1	-1	-1	-1	-1	-1	-1	-1	-1
114	380	401	417	518	560	566	569	574	576	579	580	588	746	-1	-1	-1	-1	-1
488	513	552	553	554	557	575	586	591	617	-1	-1	-1	-1	-1	-1	-1	-1	-1
38	244	245	410	427	439	468	509	560	563	571	573	576	590	679	-1	-1	-1	-1
14	51	54	199	494	534	559	562	563	588	-1	-1	-1	-1	-1	-1	-1	-1	-1
311	466	565	579	589	592	666	-1	-1	-1	-1	-1	-1	-1	-1	-1	-1	-1	-1
27	349	418	484	519	553	559	571	575	595	620	632	675	-1	-1	-1	-1	-1	-1
6	206	345	548	560	565	570	573	574	586	587	609	631	648	740	-1	-1	-1	-1
552	556	573	595	658	-1	-1	-1	-1	-1	-1	-1	-1	-1	-1	-1	-1	-1	-1
400	484	577	580	582	588	601	613	743	-1	-1	-1	-1	-1	-1	-1	-1	-1	-1
199	310	556	572	585	645	652	747	-1	-1	-1	-1	-1	-1	-1	-1	-1	-1	-1
149	178	186	552	553	559	563	568	580	593	595	708	711	-1	-1	-1	-1	-1	-1
469	506	560	575	590	597	688	697	722	728	741	747	-1	-1	-1	-1	-1	-1	-1
231	361	540	574	588	614	713	716	718	-1	-1	-1	-1	-1	-1	-1	-1	-1	-1
30	193	506	553	567	569	576	588	651	685	706	724	-1	-1	-1	-1	-1	-1	-1
58	132	184	230	406	558	573	588	622	651	-1	-1	-1	-1	-1	-1	-1	-1	-1
15	380	571	592	628	661	689	-1	-1	-1	-1	-1	-1	-1	-1	-1	-1	-1	-1
152	368	562	567	574	650	-1	-1	-1	-1	-1	-1	-1	-1	-1	-1	-1	-1	-1
425	500	553	561	564	571	574	576	595	655	712	-1	-1	-1	-1	-1	-1	-1	-1
125	555	586	593	602	607	636	638	696	702	716	-1	-1	-1	-1	-1	-1	-1	-1
87	106	223	258	341	501	557	565	578	586	588	589	618	624	-1	-1	-1	-1	-1
28	221	244	288	490	556	565	569	659	694	-1	-1	-1	-1	-1	-1	-1	-1	-1
439	472	571	572	591	592	654	664	-1	-1	-1	-1	-1	-1	-1	-1	-1	-1	-1
35	562	563	569	578	592	593	-1	-1	-1	-1	-1	-1	-1	-1	-1	-1	-1	-1
95	445	567	582	585	589	590	596	628	647	649	680	745	-1	-1	-1	-1	-1	-1
94	109	467	557	571	620	716	717	740	-1	-1	-1	-1	-1	-1	-1	-1	-1	-1
5	18	143	553	558	574	581	633	634	-1	-1	-1	-1	-1	-1	-1	-1	-1	-1
316	410	459	516	563	583	584	606	644	701	732	-1	-1	-1	-1	-1	-1	-1	-1
72	307	328	329	348	561	564	578	665	701	-1	-1	-1	-1	-1	-1	-1	-1	-1
371	403	420	429	572	578	585	587	597	666	698	-1	-1	-1	-1	-1	-1	-1	-1
13	33	137	188	230	267	552	561	609	746	-1	-1	-1	-1	-1	-1	-1	-1	-1
5	169	290	425	504	573	575	579	610	687	699	-1	-1	-1	-1	-1	-1	-1	-1
62	190	246	350	369	520	584	633	712	718	-1	-1	-1	-1	-1	-1	-1	-1	-1
563	565	569	598	604	645	686	725	-1	-1	-1	-1	-1	-1	-1	-1	-1	-1	-1
154	212	226	563	571	573	578	601	644	706	723	-1	-1	-1	-1	-1	-1	-1	-1
0	212	439	542	556	580	601	603	610	649	666	-1	-1	-1	-1	-1	-1	-1	-1
10	40	173	317	407	551	572	600	689	727	-1	-1	-1	-1	-1	-1	-1	-1	-1
96	134	353	460	502	555	571	594	597	721	-1	-1	-1	-1	-1	-1	-1	-1	-1
83	365	556	562	565	586	588	596	628	636	671	675	-1	-1	-1	-1	-1	-1	-1
181	323	552	562	570	574	577	578	616	664	695	710	-1	-1	-1	-1	-1	-1	-1
255	552	572	617	619	647	697	705	-1	-1	-1	-1	-1	-1	-1	-1	-1	-1	-1
555	561	648	686	744	-1	-1	-1	-1	-1	-1	-1	-1	-1	-1	-1	-1	-1	-1
492	529	557	567	571	588	698	723	-1	-1	-1	-1	-1	-1	-1	-1	-1	-1	-1
132	368	510	562	571	579	585	589	594	596	600	613	656	662	693	-1	-1	-1	-1
250	382	568	639	651	662	-1	-1	-1	-1	-1	-1	-1	-1	-1	-1	-1	-1	-1
72	137	153	291	604	610	618	629	635	643	654	701	708	722	743	745	-1	-1	-1
0	86	142	238	278	288	463	526	597	602	621	630	633	634	641	642	666	723	-1
16	177	361	368	516	611	615	621	631	636	642	695	697	-1	-1	-1	-1	-1	-1
105	537	541	592	601	634	642	667	677	749	-1	-1	-1	-1	-1	-1	-1	-1	-1
344	368	580	611	619	632	636	639	-1	-1	-1	-1	-1	-1	-1	-1	-1	-1	-1
21	112	378	446	606	622	638	642	656	666	729	-1	-1	-1	-1	-1	-1	-1	-1
473	575	602	604	610	611	621	633	639	684	710	729	-1	-1	-1	-1	-1	-1	-1
92	280	364	609	638	639	704	730	-1	-1	-1	-1	-1	-1	-1	-1	-1	-1	-1
14	193	229	599	609	624	625	628	640	726	-1	-1	-1	-1	-1	-1	-1	-1	-1
570	598	599	640	700	741	-1	-1	-1	-1	-1	-1	-1	-1	-1	-1	-1	-1	-1
563	566	568	602	641	-1	-1	-1	-1	-1	-1	-1	-1	-1	-1	-1	-1	-1	-1
281	304	306	462	613	614	619	621	629	635	653	676	-1	-1	-1	-1	-1	-1	-1
121	328	339	382	512	568	599	609	627	636	642	648	672	700	-1	-1	-1	-1	-1
28	120	121	568	576	602	603	625	631	640	643	695	703	-1	-1	-1	-1	-1	-1
48	241	604	607	610	628	-1	-1	-1	-1	-1	-1	-1	-1	-1	-1	-1	-1	-1
581	619	623	626	627	630	633	638	723	729	-1	-1	-1	-1	-1	-1	-1	-1	-1
87	115	242	340	602	603	607	610	623	625	629	641	656	693	-1	-1	-1	-1	-1
1	76	244	300	425	461	478	579	582	603	629	634	729	-1	-1	-1	-1	-1	-1
32	120	245	305	392	622	628	641	643	-1	-1	-1	-1	-1	-1	-1	-1	-1	-1
95	175	335	450	454	471	611	622	631	635	653	681	709	718	-1	-1	-1	-1	-1
59	434	566	617	622	629	636	637	641	642	-1	-1	-1	-1	-1	-1	-1	-1	-1
417	604	611	624	641	657	662	664	733	-1	-1	-1	-1	-1	-1	-1	-1	-1	-1
57	104	208	563	599	624	632	638	676	727	-1	-1	-1	-1	-1	-1	-1	-1	-1
217	378	579	590	601	609	611	618	624	627	628	631	639	643	-1	-1	-1	-1	-1
109	313	585	590	598	611	617	625	634	641	730	-1	-1	-1	-1	-1	-1	-1	-1
603	608	615	619	622	623	632	633	642	701	-1	-1	-1	-1	-1	-1	-1	-1	-1
175	503	602	617	641	-1	-1	-1	-1	-1	-1	-1	-1	-1	-1	-1	-1	-1	-1
364	408	538	616	620	638	-1	-1	-1	-1	-1	-1	-1	-1	-1	-1	-1	-1	-1
18	282	479	487	593	600	603	620	635	636	637	639	686	-1	-1	-1	-1	-1	-1
51	302	328	533	603	622	668	726	-1	-1	-1	-1	-1	-1	-1	-1	-1	-1	-1
419	493	580	604	606	617	633	639	683	-1	-1	-1	-1	-1	-1	-1	-1	-1	-1
25	162	258	473	564	634	635	644	682	697	707	709	712	-1	-1	-1	-1	-1	-1
350	505	579	581	618	623	630	636	643	653	732	-1	-1	-1	-1	-1	-1	-1	-1
77	297	379	386	603	614	617	638	656	684	-1	-1	-1	-1	-1	-1	-1	-1	-1
28	68	336	601	607	613	625	693	-1	-1	-1	-1	-1	-1	-1	-1	-1	-1	-1
27	113	128	561	600	626	635	637	642	714	729	-1	-1	-1	-1	-1	-1	-1	-1
2	606	611	617	619	627	630	632	641	-1	-1	-1	-1	-1	-1	-1	-1	-1	-1
36	47	56	125	231	264	472	488	579	630	669	714	-1	-1	-1	-1	-1	-1	-1
62	203	224	236	272	284	487	600	604	612	615	626	706	-1	-1	-1	-1	-1	-1
93	139	172	281	391	431	466	571	573	594	614	620	635	645	646	707	-1	-1	-1
38	47	324	602	606	608	620	680	691	-1	-1	-1	-1	-1	-1	-1	-1	-1	-1
325	598	601	611	637	698	699	727	-1	-1	-1	-1	-1	-1	-1	-1	-1	-1	-1
30	51	478	543	567	570	572	609	610	635	640	660	683	706	709	714	-1	-1	-1
13	597	600	602	622	-1	-1	-1	-1	-1	-1	-1	-1	-1	-1	-1	-1	-1	-1
305	333	600	627	628	662	-1	-1	-1	-1	-1	-1	-1	-1	-1	-1	-1	-1	-1
77	285	457	576	589	596	657	678	699	706	712	-1	-1	-1	-1	-1	-1	-1	-1
175	214	361	573	579	656	698	-1	-1	-1	-1	-1	-1	-1	-1	-1	-1	-1	-1
59	127	165	438	565	645	672	684	-1	-1	-1	-1	-1	-1	-1	-1	-1	-1	-1
270	326	411	440	558	661	680	681	722	731	-1	-1	-1	-1	-1	-1	-1	-1	-1
-1	-1	-1	-1	-1	-1	-1	-1	-1	-1	-1	-1	-1	-1	-1	-1	-1	-1	-1
0	15	572	594	656	666	669	683	685	686	688	689	706	-1	-1	-1	-1	-1	-1
57	323	332	426	525	666	667	668	676	683	684	691	-1	-1	-1	-1	-1	-1	-1
177	233	360	577	597	616	645	672	706	729	-1	-1	-1	-1	-1	-1	-1	-1	-1
38	138	561	582	633	650	683	695	707	-1	-1	-1	-1	-1	-1	-1	-1	-1	-1
78	349	477	524	605	624	638	640	665	666	672	688	713	-1	-1	-1	-1	-1	-1
441	472	545	605	626	636	641	655	657	668	686	688	712	-1	-1	-1	-1	-1	-1
175	584	612	635	652	672	673	679	-1	-1	-1	-1	-1	-1	-1	-1	-1	-1	-1
224	583	602	674	677	-1	-1	-1	-1	-1	-1	-1	-1	-1	-1	-1	-1	-1	-1
12	148	400	470	602	672	-1	-1	-1	-1	-1	-1	-1	-1	-1	-1	-1	-1	-1
131	219	351	400	639	679	680	-1	-1	-1	-1	-1	-1	-1	-1	-1	-1	-1	-1
146	232	334	566	604	657	660	668	708	733	738	743	-1	-1	-1	-1	-1	-1	-1
83	319	653	659	668	669	-1	-1	-1	-1	-1	-1	-1	-1	-1	-1	-1	-1	-1
55	92	253	413	527	562	595	660	671	731	749	-1	-1	-1	-1	-1	-1	-1	-1
207	437	579	607	611	648	657	674	698	-1	-1	-1	-1	-1	-1	-1	-1	-1	-1
16	123	429	646	677	682	-1	-1	-1	-1	-1	-1	-1	-1	-1	-1	-1	-1	-1
198	223	370	412	598	624	637	658	661	669	675	731	-1	-1	-1	-1	-1	-1	-1
178	452	616	622	660	680	709	718	731	-1	-1	-1	-1	-1	-1	-1	-1	-1	-1
25	495	590	731	-1	-1	-1	-1	-1	-1	-1	-1	-1	-1	-1	-1	-1	-1	-1
56	257	260	575	593	596	644	649	653	671	674	675	678	682	737	-1	-1	-1	-1
465	622	651	657	662	663	705	719	746	-1	-1	-1	-1	-1	-1	-1	-1	-1	-1
32	357	382	469	591	647	652	653	658	661	673	678	686	696	736	-1	-1	-1	-1
3	393	410	647	-1	-1	-1	-1	-1	-1	-1	-1	-1	-1	-1	-1	-1	-1	-1
271	430	431	444	653	655	665	667	668	680	-1	-1	-1	-1	-1	-1	-1	-1	-1
366	420	591	640	652	656	657	677	684	701	741	-1	-1	-1	-1	-1	-1	-1	-1
340	580	616	644	650	674	675	676	741	-1	-1	-1	-1	-1	-1	-1	-1	-1	-1
221	256	377	439	571	597	635	637	643	661	679	689	721	742	-1	-1	-1	-1	-1
45	77	182	254	285	558	590	662	699	720	721	-1	-1	-1	-1	-1	-1	-1	-1
109	170	188	280	293	566	609	637	654	659	673	685	719	734	-1	-1	-1	-1	-1
194	464	591	609	668	673	699	708	743	-1	-1	-1	-1	-1	-1	-1	-1	-1	-1
88	408	613	646	656	659	665	-1	-1	-1	-1	-1	-1	-1	-1	-1	-1	-1	-1
319	393	584	647	664	669	680	-1	-1	-1	-1	-1	-1	-1	-1	-1	-1	-1	-1
9	85	317	616	635	647	661	675	684	685	687	688	701	737	-1	-1	-1	-1	-1
38	148	208	227	232	409	618	620	636	645	657	680	738	-1	-1	-1	-1	-1	-1
176	359	592	645	684	688	732	-1	-1	-1	-1	-1	-1	-1	-1	-1	-1	-1	-1
137	174	567	579	611	667	668	695	-1	-1	-1	-1	-1	-1	-1	-1	-1	-1	-1
19	52	368	434	619	644	656	658	662	701	-1	-1	-1	-1	-1	-1	-1	-1	-1
88	261	291	451	561	592	600	605	609	658	663	669	681	740	-1	-1	-1	-1	-1
196	530	641	652	655	656	661	683	-1	-1	-1	-1	-1	-1	-1	-1	-1	-1	-1
180	298	309	345	636	720	730	-1	-1	-1	-1	-1	-1	-1	-1	-1	-1	-1	-1
207	543	596	618	621	641	655	671	677	683	-1	-1	-1	-1	-1	-1	-1	-1	-1
39	47	119	596	638	653	654	660	672	676	679	681	685	-1	-1	-1	-1	-1	-1
29	72	141	151	511	605	620	638	653	662	678	695	704	-1	-1	-1	-1	-1	-1
35	202	252	381	523	597	687	694	-1	-1	-1	-1	-1	-1	-1	-1	-1	-1	-1
173	306	609	661	693	716	-1	-1	-1	-1	-1	-1	-1	-1	-1	-1	-1	-1	-1
107	163	361	471	492	594	649	721	724	728	-1	-1	-1	-1	-1	-1	-1	-1	-1
46	119	129	181	393	605	696	699	703	706	-1	-1	-1	-1	-1	-1	-1	-1	-1
173	249	465	531	561	651	704	727	-1	-1	-1	-1	-1	-1	-1	-1	-1	-1	-1
15	394	614	616	647	656	731	741	-1	-1	-1	-1	-1	-1	-1	-1	-1	-1	-1
60	170	272	592	600	628	692	701	703	711	712	723	726	739	-1	-1	-1	-1	-1
182	601	624	706	707	723	729	-1	-1	-1	-1	-1	-1	-1	-1	-1	-1	-1	-1
2	250	594	628	662	681	723	-1	-1	-1	-1	-1	-1	-1	-1	-1	-1	-1	-1
56	209	242	614	654	697	698	708	715	747	-1	-1	-1	-1	-1	-1	-1	-1	-1
31	42	119	142	522	564	565	567	623	632	693	697	715	716	720	722	-1	-1	-1
173	565	691	697	704	713	721	726	-1	-1	-1	-1	-1	-1	-1	-1	-1	-1	-1
26	583	591	638	641	644	697	701	704	706	741	-1	-1	-1	-1	-1	-1	-1	-1
26	504	580	645	670	711	-1	-1	-1	-1	-1	-1	-1	-1	-1	-1	-1	-1	-1
341	480	492	553	670	690	698	702	712	-1	-1	-1	-1	-1	-1	-1	-1	-1	-1
421	481	634	651	675	689	722	728	-1	-1	-1	-1	-1	-1	-1	-1	-1	-1	-1
91	386	483	562	579	599	614	692	-1	-1	-1	-1	-1	-1	-1	-1	-1	-1	-1
258	574	583	615	697	713	725	-1	-1	-1	-1	-1	-1	-1	-1	-1	-1	-1	-1
358	569	625	638	700	-1	-1	-1	-1	-1	-1	-1	-1	-1	-1	-1	-1	-1	-1
245	314	342	563	566	610	642	655	703	708	728	742	-1	-1	-1	-1	-1	-1	-1
143	158	376	514	547	560	576	583	595	607	625	692	706	745	-1	-1	-1	-1	-1
255	716	718	721	745	-1	-1	-1	-1	-1	-1	-1	-1	-1	-1	-1	-1	-1	-1
282	383	602	608	646	677	715	716	735	-1	-1	-1	-1	-1	-1	-1	-1	-1	-1
124	434	562	628	629	639	647	652	693	713	717	718	723	733	-1	-1	-1	-1	-1
18	588	674	687	696	700	704	716	717	727	-1	-1	-1	-1	-1	-1	-1	-1	-1
35	165	209	357	465	506	507	561	574	714	-1	-1	-1	-1	-1	-1	-1	-1	-1
45	66	401	617	695	712	715	720	734	738	-1	-1	-1	-1	-1	-1	-1	-1	-1
528	653	694	712	730	731	742	-1	-1	-1	-1	-1	-1	-1	-1	-1	-1	-1	-1
146	471	673	691	713	716	-1	-1	-1	-1	-1	-1	-1	-1	-1	-1	-1	-1	-1
4	267	369	439	639	662	695	705	712	721	734	-1	-1	-1	-1	-1	-1	-1	-1
270	318	609	652	696	701	702	708	710	712	725	-1	-1	-1	-1	-1	-1	-1	-1
260	383	523	615	692	696	700	726	737	-1	-1	-1	-1	-1	-1	-1	-1	-1	-1
126	409	621	697	701	717	718	-1	-1	-1	-1	-1	-1	-1	-1	-1	-1	-1	-1
171	261	427	589	606	614	620	657	695	-1	-1	-1	-1	-1	-1	-1	-1	-1	-1
102	272	323	572	620	657	683	719	720	722	724	737	-1	-1	-1	-1	-1	-1	-1
515	669	703	714	724	725	734	-1	-1	-1	-1	-1	-1	-1	-1	-1	-1	-1	-1
65	112	378	586	659	691	709	721	722	728	729	-1	-1	-1	-1	-1	-1	-1	-1
89	251	524	-1	-1	-1	-1	-1	-1	-1	-1	-1	-1	-1	-1	-1	-1	-1	-1
39	415	571	656	661	666	695	708	713	746	-1	-1	-1	-1	-1	-1	-1	-1	-1
14	198	224	381	570	615	638	672	690	691	696	699	709	713	714	741	747	-1	-1
218	244	267	371	512	725	728	-1	-1	-1	-1	-1	-1	-1	-1	-1	-1	-1	-1
97	487	572	635	636	693	698	706	727	-1	-1	-1	-1	-1	-1	-1	-1	-1	-1
491	504	581	617	625	691	703	704	719	721	-1	-1	-1	-1	-1	-1	-1	-1	-1
20	23	156	289	374	570	702	705	716	732	735	-1	-1	-1	-1	-1	-1	-1	-1
161	308	615	627	641	701	717	-1	-1	-1	-1	-1	-1	-1	-1	-1	-1	-1	-1
172	259	437	671	739	-1	-1	-1	-1	-1	-1	-1	-1	-1	-1	-1	-1	-1	-1
253	283	341	436	564	681	-1	-1	-1	-1	-1	-1	-1	-1	-1	-1	-1	-1	-1
24	75	433	-1	-1	-1	-1	-1	-1	-1	-1	-1	-1	-1	-1	-1	-1	-1	-1
342	549	610	627	695	-1	-1	-1	-1	-1	-1	-1	-1	-1	-1	-1	-1	-1	-1
162	217	673	697	699	-1	-1	-1	-1	-1	-1	-1	-1	-1	-1	-1	-1	-1	-1
291	349	560	647	662	685	713	739	-1	-1	-1	-1	-1	-1	-1	-1	-1	-1	-1
38	259	475	482	545	578	655	667	676	681	708	720	745	-1	-1	-1	-1	-1	-1
511	525	602	620	653	661	-1	-1	-1	-1	-1	-1	-1	-1	-1	-1	-1	-1	-1
21	118	149	403	636	695	708	-1	-1	-1	-1	-1	-1	-1	-1	-1	-1	-1	-1
47	97	341	-1	-1	-1	-1	-1	-1	-1	-1	-1	-1	-1	-1	-1	-1	-1	-1
226	407	458	640	649	676	-1	-1	-1	-1	-1	-1	-1	-1	-1	-1	-1	-1	-1
56	204	260	355	416	427	585	642	657	666	671	-1	-1	-1	-1	-1	-1	-1	-1
86	88	526	693	735	-1	-1	-1	-1	-1	-1	-1	-1	-1	-1	-1	-1	-1	-1
342	429	525	570	700	-1	-1	-1	-1	-1	-1	-1	-1	-1	-1	-1	-1	-1	-1
#0.10095977604499123