43	49	111	566	-1	-1	-1	-1	-1	-1	-1	-1	-1	-1	-1	-1	-1	-1	-1	-1	-1	-1
27	40	56	123	136	304	586	621	-1	-1	-1	-1	-1	-1	-1	-1	-1	-1	-1	-1	-1	-1
6	13	18	21	38	68	140	580	685	-1	-1	-1	-1	-1	-1	-1	-1	-1	-1	-1	-1	-1
20	36	39	53	124	237	408	429	483	713	-1	-1	-1	-1	-1	-1	-1	-1	-1	-1	-1	-1
2	17	24	25	89	207	478	-1	-1	-1	-1	-1	-1	-1	-1	-1	-1	-1	-1	-1	-1	-1
13	15	44	62	-1	-1	-1	-1	-1	-1	-1	-1	-1	-1	-1	-1	-1	-1	-1	-1	-1	-1
27	32	38	43	45	55	125	135	346	748	-1	-1	-1	-1	-1	-1	-1	-1	-1	-1	-1	-1
11	20	21	23	70	130	301	629	723	-1	-1	-1	-1	-1	-1	-1	-1	-1	-1	-1	-1	-1
2	9	20	24	39	101	139	166	169	186	306	601	694	708	711	724	-1	-1	-1	-1	-1	-1
4	24	28	54	65	175	391	545	681	-1	-1	-1	-1	-1	-1	-1	-1	-1	-1	-1	-1	-1
7	21	28	55	64	79	98	143	259	578	-1	-1	-1	-1	-1	-1	-1	-1	-1	-1	-1	-1
3	24	26	67	123	180	324	360	382	682	-1	-1	-1	-1	-1	-1	-1	-1	-1	-1	-1	-1
19	37	39	46	68	83	127	161	353	622	704	-1	-1	-1	-1	-1	-1	-1	-1	-1	-1	-1
15	21	34	38	44	66	632	-1	-1	-1	-1	-1	-1	-1	-1	-1	-1	-1	-1	-1	-1	-1
16	17	30	149	183	392	485	496	543	633	685	-1	-1	-1	-1	-1	-1	-1	-1	-1	-1	-1
9	32	45	95	98	136	196	222	257	462	465	557	697	726	-1	-1	-1	-1	-1	-1	-1	-1
0	38	41	146	161	165	285	443	-1	-1	-1	-1	-1	-1	-1	-1	-1	-1	-1	-1	-1	-1
6	19	59	66	79	121	150	541	613	652	675	-1	-1	-1	-1	-1	-1	-1	-1	-1	-1	-1
11	27	32	36	40	47	63	72	158	200	300	-1	-1	-1	-1	-1	-1	-1	-1	-1	-1	-1
6	18	21	61	123	125	170	500	536	-1	-1	-1	-1	-1	-1	-1	-1	-1	-1	-1	-1	-1
0	13	21	23	38	40	78	124	174	432	474	-1	-1	-1	-1	-1	-1	-1	-1	-1	-1	-1
5	9	10	12	29	30	36	37	39	83	118	123	151	-1	-1	-1	-1	-1	-1	-1	-1	-1
13	14	23	26	31	206	368	427	-1	-1	-1	-1	-1	-1	-1	-1	-1	-1	-1	-1	-1	-1
9	19	26	36	40	45	52	82	100	129	542	597	644	-1	-1	-1	-1	-1	-1	-1	-1	-1
14	30	32	40	44	124	390	485	-1	-1	-1	-1	-1	-1	-1	-1	-1	-1	-1	-1	-1	-1
7	35	66	87	118	120	157	-1	-1	-1	-1	-1	-1	-1	-1	-1	-1	-1	-1	-1	-1	-1
1	2	34	60	167	275	387	-1	-1	-1	-1	-1	-1	-1	-1	-1	-1	-1	-1	-1	-1	-1
5	7	28	42	56	72	118	283	-1	-1	-1	-1	-1	-1	-1	-1	-1	-1	-1	-1	-1	-1
25	27	43	99	105	149	578	581	595	609	673	-1	-1	-1	-1	-1	-1	-1	-1	-1	-1	-1
13	41	42	44	83	97	108	151	161	334	-1	-1	-1	-1	-1	-1	-1	-1	-1	-1	-1	-1
6	9	15	21	37	40	75	210	428	444	-1	-1	-1	-1	-1	-1	-1	-1	-1	-1	-1	-1
15	29	39	42	80	94	137	149	159	179	227	316	364	-1	-1	-1	-1	-1	-1	-1	-1	-1
1	3	13	91	119	184	196	369	622	-1	-1	-1	-1	-1	-1	-1	-1	-1	-1	-1	-1	-1
17	19	60	88	132	268	458	573	-1	-1	-1	-1	-1	-1	-1	-1	-1	-1	-1	-1	-1	-1
21	35	54	155	159	172	173	184	640	-1	-1	-1	-1	-1	-1	-1	-1	-1	-1	-1	-1	-1
80	130	139	159	171	176	469	497	566	655	-1	-1	-1	-1	-1	-1	-1	-1	-1	-1	-1	-1
25	28	50	151	394	547	734	-1	-1	-1	-1	-1	-1	-1	-1	-1	-1	-1	-1	-1	-1	-1
7	11	14	27	336	556	638	645	734	-1	-1	-1	-1	-1	-1	-1	-1	-1	-1	-1	-1	-1
2	14	23	25	27	35	55	136	405	576	633	-1	-1	-1	-1	-1	-1	-1	-1	-1	-1	-1
14	30	68	114	212	-1	-1	-1	-1	-1	-1	-1	-1	-1	-1	-1	-1	-1	-1	-1	-1	-1
6	11	14	24	36	45	66	106	384	680	-1	-1	-1	-1	-1	-1	-1	-1	-1	-1	-1	-1
6	16	22	30	36	76	204	239	608	686	-1	-1	-1	-1	-1	-1	-1	-1	-1	-1	-1	-1
3	5	9	37	120	122	175	176	190	221	294	424	-1	-1	-1	-1	-1	-1	-1	-1	-1	-1
0	8	9	20	130	367	-1	-1	-1	-1	-1	-1	-1	-1	-1	-1	-1	-1	-1	-1	-1	-1
2	42	45	89	591	725	-1	-1	-1	-1	-1	-1	-1	-1	-1	-1	-1	-1	-1	-1	-1	-1
5	8	40	54	84	104	125	128	139	147	300	654	671	-1	-1	-1	-1	-1	-1	-1	-1	-1
50	69	77	84	90	104	164	491	-1	-1	-1	-1	-1	-1	-1	-1	-1	-1	-1	-1	-1	-1
17	33	34	57	158	301	324	362	511	577	-1	-1	-1	-1	-1	-1	-1	-1	-1	-1	-1	-1
56	58	64	79	82	86	89	99	111	295	481	565	724	731	-1	-1	-1	-1	-1	-1	-1	-1
68	75	79	82	144	630	-1	-1	-1	-1	-1	-1	-1	-1	-1	-1	-1	-1	-1	-1	-1	-1
8	20	49	54	55	79	82	90	340	371	-1	-1	-1	-1	-1	-1	-1	-1	-1	-1	-1	-1
35	48	50	55	132	142	152	181	239	249	337	494	519	-1	-1	-1	-1	-1	-1	-1	-1	-1
33	66	110	271	593	673	690	-1	-1	-1	-1	-1	-1	-1	-1	-1	-1	-1	-1	-1	-1	-1
70	75	84	89	97	154	176	266	296	457	726	-1	-1	-1	-1	-1	-1	-1	-1	-1	-1	-1
1	18	22	27	48	56	59	73	80	174	289	576	-1	-1	-1	-1	-1	-1	-1	-1	-1	-1
16	46	61	110	433	-1	-1	-1	-1	-1	-1	-1	-1	-1	-1	-1	-1	-1	-1	-1	-1	-1
48	91	429	715	-1	-1	-1	-1	-1	-1	-1	-1	-1	-1	-1	-1	-1	-1	-1	-1	-1	-1
64	75	85	108	135	139	140	406	548	-1	-1	-1	-1	-1	-1	-1	-1	-1	-1	-1	-1	-1
51	90	106	129	151	-1	-1	-1	-1	-1	-1	-1	-1	-1	-1	-1	-1	-1	-1	-1	-1	-1
80	87	104	159	720	-1	-1	-1	-1	-1	-1	-1	-1	-1	-1	-1	-1	-1	-1	-1	-1	-1
17	26	37	74	82	127	131	153	166	523	545	709	-1	-1	-1	-1	-1	-1	-1	-1	-1	-1
5	21	56	73	80	89	146	566	584	-1	-1	-1	-1	-1	-1	-1	-1	-1	-1	-1	-1	-1
60	158	600	-1	-1	-1	-1	-1	-1	-1	-1	-1	-1	-1	-1	-1	-1	-1	-1	-1	-1	-1
27	57	60	85	123	170	177	182	266	-1	-1	-1	-1	-1	-1	-1	-1	-1	-1	-1	-1	-1
54	58	66	80	138	169	184	464	653	-1	-1	-1	-1	-1	-1	-1	-1	-1	-1	-1	-1	-1
54	58	63	67	148	244	669	685	-1	-1	-1	-1	-1	-1	-1	-1	-1	-1	-1	-1	-1	-1
17	57	67	74	156	227	242	556	608	-1	-1	-1	-1	-1	-1	-1	-1	-1	-1	-1	-1	-1
57	65	68	72	74	78	93	122	356	494	524	617	-1	-1	-1	-1	-1	-1	-1	-1	-1	-1
37	39	47	62	99	156	-1	-1	-1	-1	-1	-1	-1	-1	-1	-1	-1	-1	-1	-1	-1	-1
20	119	157	595	-1	-1	-1	-1	-1	-1	-1	-1	-1	-1	-1	-1	-1	-1	-1	-1	-1	-1
54	71	91	111	113	159	628	-1	-1	-1	-1	-1	-1	-1	-1	-1	-1	-1	-1	-1	-1	-1
22	32	46	53	60	89	153	226	339	387	434	517	602	655	-1	-1	-1	-1	-1	-1	-1	-1
16	42	51	82	89	91	121	595	-1	-1	-1	-1	-1	-1	-1	-1	-1	-1	-1	-1	-1	-1
46	52	61	118	167	432	469	493	567	-1	-1	-1	-1	-1	-1	-1	-1	-1	-1	-1	-1	-1
34	53	84	85	115	156	172	364	-1	-1	-1	-1	-1	-1	-1	-1	-1	-1	-1	-1	-1	-1
36	56	57	76	83	95	96	104	111	275	378	-1	-1	-1	-1	-1	-1	-1	-1	-1	-1	-1
22	50	51	55	59	72	73	85	98	110	116	405	440	464	689	-1	-1	-1	-1	-1	-1	-1
54	63	72	80	89	141	243	267	420	473	578	611	733	-1	-1	-1	-1	-1	-1	-1	-1	-1
43	50	54	62	67	71	73	88	270	297	699	-1	-1	-1	-1	-1	-1	-1	-1	-1	-1	-1
9	46	80	87	164	645	-1	-1	-1	-1	-1	-1	-1	-1	-1	-1	-1	-1	-1	-1	-1	-1
84	91	209	358	422	579	584	651	-1	-1	-1	-1	-1	-1	-1	-1	-1	-1	-1	-1	-1	-1
23	46	58	70	72	74	133	165	173	281	364	502	-1	-1	-1	-1	-1	-1	-1	-1	-1	-1
47	55	57	62	81	89	121	126	165	249	380	456	579	720	-1	-1	-1	-1	-1	-1	-1	-1
52	68	69	71	222	429	659	-1	-1	-1	-1	-1	-1	-1	-1	-1	-1	-1	-1	-1	-1	-1
26	41	42	67	71	80	147	148	261	289	-1	-1	-1	-1	-1	-1	-1	-1	-1	-1	-1	-1
53	62	103	137	514	711	-1	-1	-1	-1	-1	-1	-1	-1	-1	-1	-1	-1	-1	-1	-1	-1
0	45	53	59	89	97	200	403	526	613	616	-1	-1	-1	-1	-1	-1	-1	-1	-1	-1	-1
18	34	78	114	134	171	175	594	748	-1	-1	-1	-1	-1	-1	-1	-1	-1	-1	-1	-1	-1
47	49	57	64	65	67	83	306	702	-1	-1	-1	-1	-1	-1	-1	-1	-1	-1	-1	-1	-1
7	27	64	69	78	85	91	95	123	515	-1	-1	-1	-1	-1	-1	-1	-1	-1	-1	-1	-1
29	35	46	52	59	62	63	64	73	76	80	84	-1	-1	-1	-1	-1	-1	-1	-1	-1	-1
47	188	196	238	454	-1	-1	-1	-1	-1	-1	-1	-1	-1	-1	-1	-1	-1	-1	-1	-1	-1
9	103	105	110	206	613	-1	-1	-1	-1	-1	-1	-1	-1	-1	-1	-1	-1	-1	-1	-1	-1
8	94	114	117	267	282	349	572	656	-1	-1	-1	-1	-1	-1	-1	-1	-1	-1	-1	-1	-1
24	83	91	95	96	112	117	122	125	716	-1	-1	-1	-1	-1	-1	-1	-1	-1	-1	-1	-1
14	81	108	123	137	139	607	-1	-1	-1	-1	-1	-1	-1	-1	-1	-1	-1	-1	-1	-1	-1
89	109	111	113	120	123	246	634	-1	-1	-1	-1	-1	-1	-1	-1	-1	-1	-1	-1	-1	-1
15	24	30	45	124	166	265	279	-1	-1	-1	-1	-1	-1	-1	-1	-1	-1	-1	-1	-1	-1
30	41	61	80	104	112	128	143	154	185	212	557	656	-1	-1	-1	-1	-1	-1	-1	-1	-1
35	81	98	-1	-1	-1	-1	-1	-1	-1	-1	-1	-1	-1	-1	-1	-1	-1	-1	-1	-1	-1
6	23	77	92	102	111	130	137	465	745	-1	-1	-1	-1	-1	-1	-1	-1	-1	-1	-1	-1
27	30	50	53	110	121	122	124	137	220	335	338	352	450	498	-1	-1	-1	-1	-1	-1	-1
17	31	115	116	135	137	158	188	256	652	712	723	-1	-1	-1	-1	-1	-1	-1	-1	-1	-1
22	70	90	98	133	170	173	180	274	405	673	-1	-1	-1	-1	-1	-1	-1	-1	-1	-1	-1
54	92	103	106	109	122	128	153	280	443	-1	-1	-1	-1	-1	-1	-1	-1	-1	-1	-1	-1
0	98	115	163	290	448	583	730	-1	-1	-1	-1	-1	-1	-1	-1	-1	-1	-1	-1	-1	-1
49	104	434	719	-1	-1	-1	-1	-1	-1	-1	-1	-1	-1	-1	-1	-1	-1	-1	-1	-1	-1
47	48	76	87	127	128	130	133	175	440	-1	-1	-1	-1	-1	-1	-1	-1	-1	-1	-1	-1
31	98	99	100	105	117	469	-1	-1	-1	-1	-1	-1	-1	-1	-1	-1	-1	-1	-1	-1	-1
74	77	89	104	113	114	117	134	135	136	137	165	180	341	582	633	713	-1	-1	-1	-1	-1
4	5	34	101	102	106	112	126	135	136	203	419	610	658	-1	-1	-1	-1	-1	-1	-1	-1
35	39	93	105	132	145	152	164	228	488	569	-1	-1	-1	-1	-1	-1	-1	-1	-1	-1	-1
26	33	69	109	124	127	131	380	405	491	647	-1	-1	-1	-1	-1	-1	-1	-1	-1	-1	-1
12	65	83	497	505	571	-1	-1	-1	-1	-1	-1	-1	-1	-1	-1	-1	-1	-1	-1	-1	-1
4	17	43	72	111	118	174	183	210	293	400	704	-1	-1	-1	-1	-1	-1	-1	-1	-1	-1
4	28	90	93	100	112	128	142	412	419	-1	-1	-1	-1	-1	-1	-1	-1	-1	-1	-1	-1
22	24	72	80	98	107	133	149	648	-1	-1	-1	-1	-1	-1	-1	-1	-1	-1	-1	-1	-1
10	105	119	122	131	348	508	599	645	-1	-1	-1	-1	-1	-1	-1	-1	-1	-1	-1	-1	-1
92	107	120	511	531	-1	-1	-1	-1	-1	-1	-1	-1	-1	-1	-1	-1	-1	-1	-1	-1	-1
9	76	92	96	99	105	110	114	131	-1	-1	-1	-1	-1	-1	-1	-1	-1	-1	-1	-1	-1
18	57	70	106	115	119	301	343	625	729	738	-1	-1	-1	-1	-1	-1	-1	-1	-1	-1	-1
14	101	104	128	134	266	408	-1	-1	-1	-1	-1	-1	-1	-1	-1	-1	-1	-1	-1	-1	-1
12	71	116	129	179	244	423	557	646	-1	-1	-1	-1	-1	-1	-1	-1	-1	-1	-1	-1	-1
5	90	137	143	161	535	633	661	-1	-1	-1	-1	-1	-1	-1	-1	-1	-1	-1	-1	-1	-1
45	72	82	127	179	184	226	-1	-1	-1	-1	-1	-1	-1	-1	-1	-1	-1	-1	-1	-1	-1
72	78	93	103	107	108	116	119	133	135	165	171	206	236	300	518	619	721	739	-1	-1	-1
55	112	117	122	124	136	146	161	165	255	273	465	727	-1	-1	-1	-1	-1	-1	-1	-1	-1
95	132	148	522	-1	-1	-1	-1	-1	-1	-1	-1	-1	-1	-1	-1	-1	-1	-1	-1	-1	-1
14	61	99	118	136	426	696	-1	-1	-1	-1	-1	-1	-1	-1	-1	-1	-1	-1	-1	-1	-1
35	48	57	64	90	97	98	101	118	135	182	405	414	581	705	-1	-1	-1	-1	-1	-1	-1
98	115	120	123	135	136	163	509	539	674	712	-1	-1	-1	-1	-1	-1	-1	-1	-1	-1	-1
55	96	97	109	118	134	161	172	569	595	720	-1	-1	-1	-1	-1	-1	-1	-1	-1	-1	-1
92	98	100	101	118	120	137	147	174	333	404	583	719	-1	-1	-1	-1	-1	-1	-1	-1	-1
46	61	70	73	76	84	87	109	111	130	181	200	585	726	-1	-1	-1	-1	-1	-1	-1	-1
15	36	40	98	110	112	114	124	127	133	257	285	298	675	696	-1	-1	-1	-1	-1	-1	-1
24	44	52	116	117	130	133	179	450	637	-1	-1	-1	-1	-1	-1	-1	-1	-1	-1	-1	-1
3	39	60	80	81	84	100	109	168	291	-1	-1	-1	-1	-1	-1	-1	-1	-1	-1	-1	-1
72	77	101	111	133	159	187	468	708	-1	-1	-1	-1	-1	-1	-1	-1	-1	-1	-1	-1	-1
63	156	358	506	702	-1	-1	-1	-1	-1	-1	-1	-1	-1	-1	-1	-1	-1	-1	-1	-1	-1
117	145	178	222	534	665	690	-1	-1	-1	-1	-1	-1	-1	-1	-1	-1	-1	-1	-1	-1	-1
5	6	9	29	76	84	103	143	149	152	156	159	181	255	-1	-1	-1	-1	-1	-1	-1	-1
31	160	179	264	514	553	-1	-1	-1	-1	-1	-1	-1	-1	-1	-1	-1	-1	-1	-1	-1	-1
14	139	148	360	742	-1	-1	-1	-1	-1	-1	-1	-1	-1	-1	-1	-1	-1	-1	-1	-1	-1
13	54	105	118	131	148	151	176	497	-1	-1	-1	-1	-1	-1	-1	-1	-1	-1	-1	-1	-1
14	155	169	274	526	631	729	-1	-1	-1	-1	-1	-1	-1	-1	-1	-1	-1	-1	-1	-1	-1
50	154	160	167	171	172	177	217	405	524	-1	-1	-1	-1	-1	-1	-1	-1	-1	-1	-1	-1
23	45	83	139	155	163	164	185	262	313	510	683	-1	-1	-1	-1	-1	-1	-1	-1	-1	-1
0	26	102	143	164	175	177	181	185	225	358	-1	-1	-1	-1	-1	-1	-1	-1	-1	-1	-1
91	101	142	144	146	164	219	267	318	465	742	-1	-1	-1	-1	-1	-1	-1	-1	-1	-1	-1
16	17	140	160	167	173	599	-1	-1	-1	-1	-1	-1	-1	-1	-1	-1	-1	-1	-1	-1	-1
42	58	68	81	127	149	250	501	-1	-1	-1	-1	-1	-1	-1	-1	-1	-1	-1	-1	-1	-1
30	45	53	112	136	141	145	149	164	182	407	-1	-1	-1	-1	-1	-1	-1	-1	-1	-1	-1
9	73	156	478	495	743	-1	-1	-1	-1	-1	-1	-1	-1	-1	-1	-1	-1	-1	-1	-1	-1
142	144	156	179	333	482	-1	-1	-1	-1	-1	-1	-1	-1	-1	-1	-1	-1	-1	-1	-1	-1
23	127	147	163	253	283	355	451	716	730	-1	-1	-1	-1	-1	-1	-1	-1	-1	-1	-1	-1
50	51	61	141	181	196	328	452	554	-1	-1	-1	-1	-1	-1	-1	-1	-1	-1	-1	-1	-1
28	75	139	177	180	234	420	-1	-1	-1	-1	-1	-1	-1	-1	-1	-1	-1	-1	-1	-1	-1
2	20	46	79	88	108	166	179	312	534	579	-1	-1	-1	-1	-1	-1	-1	-1	-1	-1	-1
4	29	44	69	76	79	138	156	166	195	247	268	577	-1	-1	-1	-1	-1	-1	-1	-1	-1
21	22	59	75	77	169	173	268	466	675	690	-1	-1	-1	-1	-1	-1	-1	-1	-1	-1	-1
1	43	114	128	129	137	150	156	171	178	-1	-1	-1	-1	-1	-1	-1	-1	-1	-1	-1	-1
138	144	154	155	157	168	178	300	-1	-1	-1	-1	-1	-1	-1	-1	-1	-1	-1	-1	-1	-1
44	60	82	147	150	152	161	163	164	581	-1	-1	-1	-1	-1	-1	-1	-1	-1	-1	-1	-1
0	50	87	94	158	160	172	175	283	429	515	555	610	724	731	-1	-1	-1	-1	-1	-1	-1
113	142	159	181	622	-1	-1	-1	-1	-1	-1	-1	-1	-1	-1	-1	-1	-1	-1	-1	-1	-1
10	15	61	72	84	122	123	136	176	274	402	462	470	643	-1	-1	-1	-1	-1	-1	-1	-1
29	44	94	103	107	142	149	154	157	163	176	186	301	437	470	483	650	-1	-1	-1	-1	-1
149	400	490	559	631	-1	-1	-1	-1	-1	-1	-1	-1	-1	-1	-1	-1	-1	-1	-1	-1	-1
69	106	147	148	169	181	544	546	722	-1	-1	-1	-1	-1	-1	-1	-1	-1	-1	-1	-1	-1
12	119	138	147	149	182	183	195	232	590	-1	-1	-1	-1	-1	-1	-1	-1	-1	-1	-1	-1
30	33	131	142	162	168	169	174	381	-1	-1	-1	-1	-1	-1	-1	-1	-1	-1	-1	-1	-1
52	80	105	153	166	170	180	199	239	391	646	-1	-1	-1	-1	-1	-1	-1	-1	-1	-1	-1
60	94	139	140	296	388	424	455	508	567	647	650	-1	-1	-1	-1	-1	-1	-1	-1	-1	-1
5	16	17	59	127	138	151	158	172	177	182	396	414	507	-1	-1	-1	-1	-1	-1	-1	-1
10	19	52	105	106	112	132	149	157	167	171	180	351	446	689	747	-1	-1	-1	-1	-1	-1
31	65	128	142	152	159	160	173	177	183	272	624	-1	-1	-1	-1	-1	-1	-1	-1	-1	-1
0	17	33	37	82	85	157	167	177	179	274	402	-1	-1	-1	-1	-1	-1	-1	-1	-1	-1
47	61	92	139	165	168	190	240	475	536	727	-1	-1	-1	-1	-1	-1	-1	-1	-1	-1	-1
70	140	144	147	171	183	329	668	-1	-1	-1	-1	-1	-1	-1	-1	-1	-1	-1	-1	-1	-1
17	49	63	100	148	150	154	155	160	164	381	488	-1	-1	-1	-1	-1	-1	-1	-1	-1	-1
148	150	164	320	-1	-1	-1	-1	-1	-1	-1	-1	-1	-1	-1	-1	-1	-1	-1	-1	-1	-1
28	34	41	140	151	152	164	171	174	655	-1	-1	-1	-1	-1	-1	-1	-1	-1	-1	-1	-1
23	58	71	74	91	118	148	150	174	238	274	401	564	618	639	-1	-1	-1	-1	-1	-1	-1
8	126	147	154	155	161	179	218	221	327	367	568	621	667	-1	-1	-1	-1	-1	-1	-1	-1
39	130	149	185	189	196	201	649	-1	-1	-1	-1	-1	-1	-1	-1	-1	-1	-1	-1	-1	-1
7	46	126	129	153	178	224	225	336	382	607	-1	-1	-1	-1	-1	-1	-1	-1	-1	-1	-1
59	86	185	202	204	225	259	372	500	546	660	693	-1	-1	-1	-1	-1	-1	-1	-1	-1	-1
87	188	193	227	250	413	657	-1	-1	-1	-1	-1	-1	-1	-1	-1	-1	-1	-1	-1	-1	-1
9	191	194	197	208	248	353	466	518	578	592	-1	-1	-1	-1	-1	-1	-1	-1	-1	-1	-1
155	158	164	187	193	196	223	225	246	304	324	535	-1	-1	-1	-1	-1	-1	-1	-1	-1	-1
88	183	196	198	331	362	457	596	655	-1	-1	-1	-1	-1	-1	-1	-1	-1	-1	-1	-1	-1
15	203	221	336	370	378	-1	-1	-1	-1	-1	-1	-1	-1	-1	-1	-1	-1	-1	-1	-1	-1
75	82	184	193	195	223	227	275	276	292	358	366	515	543	673	-1	-1	-1	-1	-1	-1	-1
91	186	188	195	214	223	683	698	-1	-1	-1	-1	-1	-1	-1	-1	-1	-1	-1	-1	-1	-1
176	193	198	213	219	220	237	238	245	269	324	377	382	-1	-1	-1	-1	-1	-1	-1	-1	-1
34	141	194	207	237	250	282	299	307	368	627	735	-1	-1	-1	-1	-1	-1	-1	-1	-1	-1
201	223	273	282	298	326	333	575	727	731	-1	-1	-1	-1	-1	-1	-1	-1	-1	-1	-1	-1
251	261	285	306	394	468	511	-1	-1	-1	-1	-1	-1	-1	-1	-1	-1	-1	-1	-1	-1	-1
103	184	187	194	199	214	245	311	356	422	495	730	-1	-1	-1	-1	-1	-1	-1	-1	-1	-1
55	192	197	198	212	221	223	226	227	228	234	284	363	454	590	617	-1	-1	-1	-1	-1	-1
186	199	211	218	234	679	-1	-1	-1	-1	-1	-1	-1	-1	-1	-1	-1	-1	-1	-1	-1	-1
190	319	328	376	460	494	569	706	742	-1	-1	-1	-1	-1	-1	-1	-1	-1	-1	-1	-1	-1
127	213	224	226	620	662	699	-1	-1	-1	-1	-1	-1	-1	-1	-1	-1	-1	-1	-1	-1	-1
171	172	197	206	267	270	303	357	657	678	-1	-1	-1	-1	-1	-1	-1	-1	-1	-1	-1	-1
10	49	194	199	203	216	218	228	242	281	315	-1	-1	-1	-1	-1	-1	-1	-1	-1	-1	-1
3	68	196	204	216	226	356	397	504	680	748	-1	-1	-1	-1	-1	-1	-1	-1	-1	-1	-1
223	377	464	519	-1	-1	-1	-1	-1	-1	-1	-1	-1	-1	-1	-1	-1	-1	-1	-1	-1	-1
200	202	205	210	224	227	299	302	309	341	367	397	-1	-1	-1	-1	-1	-1	-1	-1	-1	-1
111	216	226	235	298	322	367	524	538	-1	-1	-1	-1	-1	-1	-1	-1	-1	-1	-1	-1	-1
212	251	276	289	317	337	345	350	370	393	396	543	-1	-1	-1	-1	-1	-1	-1	-1	-1	-1
241	246	251	265	279	342	344	449	598	710	-1	-1	-1	-1	-1	-1	-1	-1	-1	-1	-1	-1
187	192	195	205	214	224	231	252	285	325	458	-1	-1	-1	-1	-1	-1	-1	-1	-1	-1	-1
213	263	317	319	352	380	382	409	574	618	702	748	-1	-1	-1	-1	-1	-1	-1	-1	-1	-1
45	189	200	212	225	250	323	365	611	-1	-1	-1	-1	-1	-1	-1	-1	-1	-1	-1	-1	-1
2	8	106	217	220	228	234	266	282	305	346	551	584	-1	-1	-1	-1	-1	-1	-1	-1	-1
35	186	188	189	249	284	299	333	364	580	-1	-1	-1	-1	-1	-1	-1	-1	-1	-1	-1	-1
203	217	324	328	592	-1	-1	-1	-1	-1	-1	-1	-1	-1	-1	-1	-1	-1	-1	-1	-1	-1
20	200	201	202	228	229	323	326	340	366	420	618	678	745	-1	-1	-1	-1	-1	-1	-1	-1
202	214	217	263	264	301	310	328	353	484	692	709	-1	-1	-1	-1	-1	-1	-1	-1	-1	-1
185	275	339	358	375	484	-1	-1	-1	-1	-1	-1	-1	-1	-1	-1	-1	-1	-1	-1	-1	-1
31	39	196	216	217	218	234	297	315	353	417	548	702	-1	-1	-1	-1	-1	-1	-1	-1	-1
190	225	228	273	322	505	614	660	-1	-1	-1	-1	-1	-1	-1	-1	-1	-1	-1	-1	-1	-1
31	35	201	203	206	219	228	230	239	259	318	407	438	567	645	-1	-1	-1	-1	-1	-1	-1
6	186	188	358	686	-1	-1	-1	-1	-1	-1	-1	-1	-1	-1	-1	-1	-1	-1	-1	-1	-1
81	155	202	211	214	391	624	659	714	-1	-1	-1	-1	-1	-1	-1	-1	-1	-1	-1	-1	-1
91	108	184	185	210	214	228	230	240	241	284	319	353	393	453	515	584	665	-1	-1	-1	-1
59	88	170	188	198	222	259	323	465	656	-1	-1	-1	-1	-1	-1	-1	-1	-1	-1	-1	-1
194	204	213	218	671	-1	-1	-1	-1	-1	-1	-1	-1	-1	-1	-1	-1	-1	-1	-1	-1	-1
48	167	198	207	219	239	294	349	600	700	-1	-1	-1	-1	-1	-1	-1	-1	-1	-1	-1	-1
184	187	199	213	214	215	217	254	270	284	563	-1	-1	-1	-1	-1	-1	-1	-1	-1	-1	-1
109	247	265	270	273	288	603	636	669	-1	-1	-1	-1	-1	-1	-1	-1	-1	-1	-1	-1	-1
218	227	230	240	246	341	419	489	-1	-1	-1	-1	-1	-1	-1	-1	-1	-1	-1	-1	-1	-1
194	196	227	231	248	256	269	289	327	481	693	-1	-1	-1	-1	-1	-1	-1	-1	-1	-1	-1
59	106	230	238	261	263	578	739	-1	-1	-1	-1	-1	-1	-1	-1	-1	-1	-1	-1	-1	-1
218	239	260	264	268	451	-1	-1	-1	-1	-1	-1	-1	-1	-1	-1	-1	-1	-1	-1	-1	-1
233	243	246	251	269	271	273	296	358	368	498	-1	-1	-1	-1	-1	-1	-1	-1	-1	-1	-1
112	234	237	247	277	281	289	370	371	405	479	-1	-1	-1	-1	-1	-1	-1	-1	-1	-1	-1
235	240	264	271	293	370	393	-1	-1	-1	-1	-1	-1	-1	-1	-1	-1	-1	-1	-1	-1	-1
120	161	204	230	240	257	261	290	316	447	721	-1	-1	-1	-1	-1	-1	-1	-1	-1	-1	-1
168	206	208	212	227	235	241	333	348	378	-1	-1	-1	-1	-1	-1	-1	-1	-1	-1	-1	-1
234	268	319	397	-1	-1	-1	-1	-1	-1	-1	-1	-1	-1	-1	-1	-1	-1	-1	-1	-1	-1
231	252	265	273	434	647	-1	-1	-1	-1	-1	-1	-1	-1	-1	-1	-1	-1	-1	-1	-1	-1
49	239	243	248	263	275	315	327	358	699	-1	-1	-1	-1	-1	-1	-1	-1	-1	-1	-1	-1
34	230	232	241	260	361	-1	-1	-1	-1	-1	-1	-1	-1	-1	-1	-1	-1	-1	-1	-1	-1
232	233	234	245	253	271	274	443	449	-1	-1	-1	-1	-1	-1	-1	-1	-1	-1	-1	-1	-1
189	231	235	252	265	278	285	300	338	360	733	-1	-1	-1	-1	-1	-1	-1	-1	-1	-1	-1
51	76	158	206	230	234	259	269	475	517	-1	-1	-1	-1	-1	-1	-1	-1	-1	-1	-1	-1
248	273	-1	-1	-1	-1	-1	-1	-1	-1	-1	-1	-1	-1	-1	-1	-1	-1	-1	-1	-1	-1
40	104	254	257	263	268	273	292	532	619	643	-1	-1	-1	-1	-1	-1	-1	-1	-1	-1	-1
86	114	143	196	235	250	258	267	343	348	-1	-1	-1	-1	-1	-1	-1	-1	-1	-1	-1	-1
2	241	242	252	262	266	332	551	721	-1	-1	-1	-1	-1	-1	-1	-1	-1	-1	-1	-1	-1
78	201	245	246	252	257	345	356	732	-1	-1	-1	-1	-1	-1	-1	-1	-1	-1	-1	-1	-1
127	141	155	231	233	256	280	284	333	713	-1	-1	-1	-1	-1	-1	-1	-1	-1	-1	-1	-1
199	207	233	236	248	252	268	273	296	386	419	480	593	703	740	-1	-1	-1	-1	-1	-1	-1
87	134	192	227	235	241	266	268	306	488	-1	-1	-1	-1	-1	-1	-1	-1	-1	-1	-1	-1
184	189	193	199	248	259	282	341	424	493	538	649	699	701	713	748	-1	-1	-1	-1	-1	-1
4	237	258	273	276	281	301	312	355	703	724	-1	-1	-1	-1	-1	-1	-1	-1	-1	-1	-1
22	58	242	249	264	270	291	307	324	650	729	-1	-1	-1	-1	-1	-1	-1	-1	-1	-1	-1
254	267	269	572	674	749	-1	-1	-1	-1	-1	-1	-1	-1	-1	-1	-1	-1	-1	-1	-1	-1
212	236	241	243	244	279	566	737	-1	-1	-1	-1	-1	-1	-1	-1	-1	-1	-1	-1	-1	-1
34	256	277	289	302	339	-1	-1	-1	-1	-1	-1	-1	-1	-1	-1	-1	-1	-1	-1	-1	-1
158	193	238	271	274	296	350	354	434	-1	-1	-1	-1	-1	-1	-1	-1	-1	-1	-1	-1	-1
81	117	230	234	260	372	433	483	525	-1	-1	-1	-1	-1	-1	-1	-1	-1	-1	-1	-1	-1
238	243	244	275	432	654	-1	-1	-1	-1	-1	-1	-1	-1	-1	-1	-1	-1	-1	-1	-1	-1
50	71	177	190	219	230	238	239	251	268	275	695	-1	-1	-1	-1	-1	-1	-1	-1	-1	-1
204	240	266	268	356	367	373	-1	-1	-1	-1	-1	-1	-1	-1	-1	-1	-1	-1	-1	-1	-1
127	197	203	238	242	248	254	265	271	323	347	364	417	452	525	-1	-1	-1	-1	-1	-1	-1
114	236	259	746	-1	-1	-1	-1	-1	-1	-1	-1	-1	-1	-1	-1	-1	-1	-1	-1	-1	-1
184	220	233	236	238	241	260	262	267	274	316	333	519	-1	-1	-1	-1	-1	-1	-1	-1	-1
110	243	248	250	258	266	283	319	744	-1	-1	-1	-1	-1	-1	-1	-1	-1	-1	-1	-1	-1
182	205	238	242	253	268	358	570	604	728	-1	-1	-1	-1	-1	-1	-1	-1	-1	-1	-1	-1
223	230	243	246	251	353	397	-1	-1	-1	-1	-1	-1	-1	-1	-1	-1	-1	-1	-1	-1	-1
192	197	205	217	238	245	299	423	548	-1	-1	-1	-1	-1	-1	-1	-1	-1	-1	-1	-1	-1
241	246	267	271	274	342	343	370	383	504	652	659	693	-1	-1	-1	-1	-1	-1	-1	-1	-1
17	24	207	239	258	261	263	330	337	440	494	554	577	711	-1	-1	-1	-1	-1	-1	-1	-1
180	189	226	247	254	265	326	458	462	671	697	-1	-1	-1	-1	-1	-1	-1	-1	-1	-1	-1
71	118	285	300	304	366	692	-1	-1	-1	-1	-1	-1	-1	-1	-1	-1	-1	-1	-1	-1	-1
39	126	283	295	335	339	747	-1	-1	-1	-1	-1	-1	-1	-1	-1	-1	-1	-1	-1	-1	-1
190	206	253	290	291	307	310	314	-1	-1	-1	-1	-1	-1	-1	-1	-1	-1	-1	-1	-1	-1
121	186	196	210	283	297	299	305	321	324	349	553	684	-1	-1	-1	-1	-1	-1	-1	-1	-1
132	152	194	205	273	284	291	300	303	333	355	424	608	739	-1	-1	-1	-1	-1	-1	-1	-1
21	232	251	278	298	562	-1	-1	-1	-1	-1	-1	-1	-1	-1	-1	-1	-1	-1	-1	-1	-1
195	220	275	278	288	294	307	314	319	364	501	569	616	669	712	-1	-1	-1	-1	-1	-1	-1
198	295	317	-1	-1	-1	-1	-1	-1	-1	-1	-1	-1	-1	-1	-1	-1	-1	-1	-1	-1	-1
257	280	315	469	580	627	-1	-1	-1	-1	-1	-1	-1	-1	-1	-1	-1	-1	-1	-1	-1	-1
112	193	231	233	237	266	280	291	295	297	313	317	332	336	355	462	630	728	-1	-1	-1	-1
121	223	285	295	306	-1	-1	-1	-1	-1	-1	-1	-1	-1	-1	-1	-1	-1	-1	-1	-1	-1
152	238	273	296	306	312	356	372	527	548	-1	-1	-1	-1	-1	-1	-1	-1	-1	-1	-1	-1
174	210	309	318	320	-1	-1	-1	-1	-1	-1	-1	-1	-1	-1	-1	-1	-1	-1	-1	-1	-1
45	50	288	295	371	418	718	-1	-1	-1	-1	-1	-1	-1	-1	-1	-1	-1	-1	-1	-1	-1
27	209	234	306	345	408	504	-1	-1	-1	-1	-1	-1	-1	-1	-1	-1	-1	-1	-1	-1	-1
93	170	216	227	302	304	326	359	364	439	-1	-1	-1	-1	-1	-1	-1	-1	-1	-1	-1	-1
57	205	236	238	293	296	306	310	315	317	321	352	584	-1	-1	-1	-1	-1	-1	-1	-1	-1
58	176	191	253	283	285	319	577	-1	-1	-1	-1	-1	-1	-1	-1	-1	-1	-1	-1	-1	-1
4	24	149	196	220	293	306	307	485	504	-1	-1	-1	-1	-1	-1	-1	-1	-1	-1	-1	-1
50	218	237	267	276	279	306	315	729	738	-1	-1	-1	-1	-1	-1	-1	-1	-1	-1	-1	-1
231	239	266	300	302	319	341	347	365	616	-1	-1	-1	-1	-1	-1	-1	-1	-1	-1	-1	-1
101	278	283	289	295	307	416	449	517	-1	-1	-1	-1	-1	-1	-1	-1	-1	-1	-1	-1	-1
197	232	286	296	312	328	484	595	-1	-1	-1	-1	-1	-1	-1	-1	-1	-1	-1	-1	-1	-1
168	188	293	294	308	315	355	-1	-1	-1	-1	-1	-1	-1	-1	-1	-1	-1	-1	-1	-1	-1
54	116	170	238	257	264	283	288	295	320	322	401	536	619	650	654	-1	-1	-1	-1	-1	-1
155	188	233	251	261	287	310	314	350	361	387	391	587	-1	-1	-1	-1	-1	-1	-1	-1	-1
94	212	280	300	335	347	373	586	698	-1	-1	-1	-1	-1	-1	-1	-1	-1	-1	-1	-1	-1
222	227	253	288	292	294	302	311	335	355	429	471	628	638	-1	-1	-1	-1	-1	-1	-1	-1
195	271	292	299	301	406	587	-1	-1	-1	-1	-1	-1	-1	-1	-1	-1	-1	-1	-1	-1	-1
13	187	194	197	219	222	227	247	255	288	295	297	300	322	369	598	744	-1	-1	-1	-1	-1
246	282	283	310	317	-1	-1	-1	-1	-1	-1	-1	-1	-1	-1	-1	-1	-1	-1	-1	-1	-1
231	292	299	304	308	330	367	661	-1	-1	-1	-1	-1	-1	-1	-1	-1	-1	-1	-1	-1	-1
52	254	284	286	289	290	313	354	477	493	531	748	-1	-1	-1	-1	-1	-1	-1	-1	-1	-1
48	198	224	238	245	298	301	318	363	383	456	580	675	703	-1	-1	-1	-1	-1	-1	-1	-1
18	195	277	278	289	290	291	303	313	353	606	641	-1	-1	-1	-1	-1	-1	-1	-1	-1	-1
194	277	285	316	319	-1	-1	-1	-1	-1	-1	-1	-1	-1	-1	-1	-1	-1	-1	-1	-1	-1
119	193	194	289	302	306	321	382	601	650	-1	-1	-1	-1	-1	-1	-1	-1	-1	-1	-1	-1
52	69	152	241	290	298	299	305	316	478	485	693	-1	-1	-1	-1	-1	-1	-1	-1	-1	-1
172	179	186	201	215	221	242	281	282	290	312	338	365	486	678	685	-1	-1	-1	-1	-1	-1
285	293	300	312	319	325	425	670	-1	-1	-1	-1	-1	-1	-1	-1	-1	-1	-1	-1	-1	-1
130	180	202	246	296	298	340	357	376	471	532	625	-1	-1	-1	-1	-1	-1	-1	-1	-1	-1
18	304	312	334	452	461	509	596	706	-1	-1	-1	-1	-1	-1	-1	-1	-1	-1	-1	-1	-1
27	288	290	294	295	305	312	320	324	330	-1	-1	-1	-1	-1	-1	-1	-1	-1	-1	-1	-1
248	277	289	320	372	-1	-1	-1	-1	-1	-1	-1	-1	-1	-1	-1	-1	-1	-1	-1	-1	-1
187	197	198	289	290	300	302	307	326	350	445	546	592	660	-1	-1	-1	-1	-1	-1	-1	-1
208	226	242	257	268	280	291	308	315	440	-1	-1	-1	-1	-1	-1	-1	-1	-1	-1	-1	-1
80	98	191	279	295	309	317	333	336	356	392	408	605	670	-1	-1	-1	-1	-1	-1	-1	-1
148	182	197	250	295	314	333	351	360	365	577	-1	-1	-1	-1	-1	-1	-1	-1	-1	-1	-1
198	221	304	326	334	353	-1	-1	-1	-1	-1	-1	-1	-1	-1	-1	-1	-1	-1	-1	-1	-1
250	329	333	345	364	514	522	541	654	-1	-1	-1	-1	-1	-1	-1	-1	-1	-1	-1	-1	-1
145	234	269	291	336	339	340	358	-1	-1	-1	-1	-1	-1	-1	-1	-1	-1	-1	-1	-1	-1
54	204	207	216	308	345	349	353	356	618	670	-1	-1	-1	-1	-1	-1	-1	-1	-1	-1	-1
301	309	331	332	339	349	353	-1	-1	-1	-1	-1	-1	-1	-1	-1	-1	-1	-1	-1	-1	-1
257	363	369	677	746	-1	-1	-1	-1	-1	-1	-1	-1	-1	-1	-1	-1	-1	-1	-1	-1	-1
48	194	212	253	284	325	335	337	346	353	354	363	402	598	-1	-1	-1	-1	-1	-1	-1	-1
74	199	262	325	351	353	384	507	691	719	-1	-1	-1	-1	-1	-1	-1	-1	-1	-1	-1	-1
264	322	327	341	344	347	350	367	369	538	581	-1	-1	-1	-1	-1	-1	-1	-1	-1	-1	-1
162	252	331	353	356	359	364	516	-1	-1	-1	-1	-1	-1	-1	-1	-1	-1	-1	-1	-1	-1
42	72	123	226	263	271	326	356	-1	-1	-1	-1	-1	-1	-1	-1	-1	-1	-1	-1	-1	-1
86	214	234	271	296	343	347	350	352	359	522	606	-1	-1	-1	-1	-1	-1	-1	-1	-1	-1
94	195	340	362	412	419	586	619	-1	-1	-1	-1	-1	-1	-1	-1	-1	-1	-1	-1	-1	-1
288	293	332	339	350	358	539	-1	-1	-1	-1	-1	-1	-1	-1	-1	-1	-1	-1	-1	-1	-1
117	285	330	343	346	470	-1	-1	-1	-1	-1	-1	-1	-1	-1	-1	-1	-1	-1	-1	-1	-1
330	331	344	351	370	372	459	549	606	732	-1	-1	-1	-1	-1	-1	-1	-1	-1	-1	-1	-1
140	261	284	337	338	350	357	365	519	577	-1	-1	-1	-1	-1	-1	-1	-1	-1	-1	-1	-1
208	225	254	280	287	314	322	330	364	415	416	-1	-1	-1	-1	-1	-1	-1	-1	-1	-1	-1
105	113	303	324	327	328	335	346	354	692	-1	-1	-1	-1	-1	-1	-1	-1	-1	-1	-1	-1
271	321	325	335	349	357	617	663	-1	-1	-1	-1	-1	-1	-1	-1	-1	-1	-1	-1	-1	-1
43	211	215	336	352	357	363	593	720	-1	-1	-1	-1	-1	-1	-1	-1	-1	-1	-1	-1	-1
201	219	244	286	297	313	324	334	350	354	478	559	576	731	-1	-1	-1	-1	-1	-1	-1	-1
223	234	275	286	288	333	345	347	355	364	401	541	-1	-1	-1	-1	-1	-1	-1	-1	-1	-1
348	364	367	534	-1	-1	-1	-1	-1	-1	-1	-1	-1	-1	-1	-1	-1	-1	-1	-1	-1	-1
283	318	324	330	359	367	688	-1	-1	-1	-1	-1	-1	-1	-1	-1	-1	-1	-1	-1	-1	-1
196	340	344	351	353	355	357	438	648	-1	-1	-1	-1	-1	-1	-1	-1	-1	-1	-1	-1	-1
52	183	188	224	269	271	275	285	290	326	339	340	342	347	349	366	561	636	-1	-1	-1	-1
66	174	208	264	283	298	326	335	346	412	515	556	557	564	749	-1	-1	-1	-1	-1	-1	-1
132	200	224	249	322	325	328	329	339	350	351	355	366	369	389	423	504	674	700	-1	-1	-1
36	203	230	271	303	334	344	354	361	540	-1	-1	-1	-1	-1	-1	-1	-1	-1	-1	-1	-1
101	220	242	299	351	357	391	408	-1	-1	-1	-1	-1	-1	-1	-1	-1	-1	-1	-1	-1	-1
224	288	322	329	343	349	354	358	411	694	-1	-1	-1	-1	-1	-1	-1	-1	-1	-1	-1	-1
56	210	244	254	312	329	330	331	338	341	347	354	362	463	598	-1	-1	-1	-1	-1	-1	-1
90	131	231	255	285	398	429	506	-1	-1	-1	-1	-1	-1	-1	-1	-1	-1	-1	-1	-1	-1
214	276	304	317	361	363	365	370	545	652	-1	-1	-1	-1	-1	-1	-1	-1	-1	-1	-1	-1
216	297	316	330	385	641	-1	-1	-1	-1	-1	-1	-1	-1	-1	-1	-1	-1	-1	-1	-1	-1
21	34	188	224	236	248	263	287	312	326	346	348	362	364	-1	-1	-1	-1	-1	-1	-1	-1
222	258	277	324	325	343	351	355	356	635	-1	-1	-1	-1	-1	-1	-1	-1	-1	-1	-1	-1
214	224	309	323	337	351	352	370	371	597	742	-1	-1	-1	-1	-1	-1	-1	-1	-1	-1	-1
11	121	235	310	334	340	343	362	379	-1	-1	-1	-1	-1	-1	-1	-1	-1	-1	-1	-1	-1
6	25	273	303	330	339	344	347	356	363	492	560	569	730	-1	-1	-1	-1	-1	-1	-1	-1
192	345	367	717	-1	-1	-1	-1	-1	-1	-1	-1	-1	-1	-1	-1	-1	-1	-1	-1	-1	-1
178	198	222	280	297	329	338	341	343	357	361	373	411	441	476	678	727	-1	-1	-1	-1	-1
194	220	260	270	279	282	336	343	561	598	-1	-1	-1	-1	-1	-1	-1	-1	-1	-1	-1	-1
197	199	209	217	256	278	320	356	377	384	399	408	-1	-1	-1	-1	-1	-1	-1	-1	-1	-1
25	171	215	216	271	318	367	372	388	392	403	-1	-1	-1	-1	-1	-1	-1	-1	-1	-1	-1
138	148	223	259	313	316	375	380	382	395	403	412	461	579	-1	-1	-1	-1	-1	-1	-1	-1
131	164	218	256	341	346	370	393	398	404	583	722	-1	-1	-1	-1	-1	-1	-1	-1	-1	-1
191	254	278	296	305	318	375	377	379	380	393	397	408	500	524	678	681	703	-1	-1	-1	-1
215	309	310	368	400	401	404	405	-1	-1	-1	-1	-1	-1	-1	-1	-1	-1	-1	-1	-1	-1
300	397	411	521	-1	-1	-1	-1	-1	-1	-1	-1	-1	-1	-1	-1	-1	-1	-1	-1	-1	-1
305	321	339	370	379	382	413	424	491	492	603	-1	-1	-1	-1	-1	-1	-1	-1	-1	-1	-1
300	382	385	390	408	422	483	490	496	499	501	508	510	541	-1	-1	-1	-1	-1	-1	-1	-1
121	266	293	376	387	407	408	411	436	472	509	556	-1	-1	-1	-1	-1	-1	-1	-1	-1	-1
1	371	374	405	408	412	420	552	-1	-1	-1	-1	-1	-1	-1	-1	-1	-1	-1	-1	-1	-1
115	252	308	373	392	519	-1	-1	-1	-1	-1	-1	-1	-1	-1	-1	-1	-1	-1	-1	-1	-1
26	158	304	363	368	382	384	393	396	397	609	622	688	-1	-1	-1	-1	-1	-1	-1	-1	-1
370	372	385	394	395	399	495	535	560	-1	-1	-1	-1	-1	-1	-1	-1	-1	-1	-1	-1	-1
341	378	381	386	387	396	406	407	413	485	506	-1	-1	-1	-1	-1	-1	-1	-1	-1	-1	-1
5	408	429	459	525	612	-1	-1	-1	-1	-1	-1	-1	-1	-1	-1	-1	-1	-1	-1	-1	-1
131	213	245	378	386	408	413	434	442	483	737	-1	-1	-1	-1	-1	-1	-1	-1	-1	-1	-1
69	130	149	212	293	313	387	388	398	399	406	408	409	447	550	599	-1	-1	-1	-1	-1	-1
98	232	368	406	407	453	492	546	-1	-1	-1	-1	-1	-1	-1	-1	-1	-1	-1	-1	-1	-1
41	142	292	359	375	392	400	413	467	-1	-1	-1	-1	-1	-1	-1	-1	-1	-1	-1	-1	-1
23	162	194	328	403	413	427	487	498	520	556	561	604	-1	-1	-1	-1	-1	-1	-1	-1	-1
103	232	382	413	441	473	490	500	561	-1	-1	-1	-1	-1	-1	-1	-1	-1	-1	-1	-1	-1
3	54	269	374	387	393	394	404	422	472	482	549	560	697	-1	-1	-1	-1	-1	-1	-1	-1
109	134	404	488	492	512	519	536	591	-1	-1	-1	-1	-1	-1	-1	-1	-1	-1	-1	-1	-1
369	370	384	387	390	397	409	412	467	587	637	644	-1	-1	-1	-1	-1	-1	-1	-1	-1	-1
22	370	372	373	374	382	390	394	395	397	449	456	476	506	693	-1	-1	-1	-1	-1	-1	-1
181	357	365	387	395	407	409	453	544	-1	-1	-1	-1	-1	-1	-1	-1	-1	-1	-1	-1	-1
29	89	166	298	350	368	388	396	404	419	468	471	491	531	-1	-1	-1	-1	-1	-1	-1	-1
13	16	386	388	390	392	410	439	462	497	506	514	649	-1	-1	-1	-1	-1	-1	-1	-1	-1
10	132	223	360	373	384	385	393	405	409	415	457	493	495	-1	-1	-1	-1	-1	-1	-1	-1
43	238	264	392	404	549	-1	-1	-1	-1	-1	-1	-1	-1	-1	-1	-1	-1	-1	-1	-1	-1
16	76	126	333	369	377	379	390	394	411	424	469	579	596	-1	-1	-1	-1	-1	-1	-1	-1
89	154	243	389	399	403	436	565	749	-1	-1	-1	-1	-1	-1	-1	-1	-1	-1	-1	-1	-1
96	183	373	376	400	404	408	421	450	463	488	494	508	532	539	560	565	669	-1	-1	-1	-1
85	96	117	129	399	404	427	441	479	719	-1	-1	-1	-1	-1	-1	-1	-1	-1	-1	-1	-1
58	129	216	370	380	400	401	405	484	501	523	624	-1	-1	-1	-1	-1	-1	-1	-1	-1	-1
232	369	385	389	438	476	482	-1	-1	-1	-1	-1	-1	-1	-1	-1	-1	-1	-1	-1	-1	-1
229	370	373	384	394	399	400	475	487	558	738	741	-1	-1	-1	-1	-1	-1	-1	-1	-1	-1
234	368	370	375	381	386	478	493	498	512	526	657	-1	-1	-1	-1	-1	-1	-1	-1	-1	-1
64	214	364	370	382	401	424	558	-1	-1	-1	-1	-1	-1	-1	-1	-1	-1	-1	-1	-1	-1
238	305	385	402	479	546	550	554	557	623	-1	-1	-1	-1	-1	-1	-1	-1	-1	-1	-1	-1
64	141	263	370	381	391	392	395	441	473	557	-1	-1	-1	-1	-1	-1	-1	-1	-1	-1	-1
327	372	375	379	387	432	468	508	523	544	550	-1	-1	-1	-1	-1	-1	-1	-1	-1	-1	-1
89	259	378	382	383	404	407	410	412	426	439	456	548	553	719	-1	-1	-1	-1	-1	-1	-1
175	239	274	296	379	408	415	438	461	495	496	597	-1	-1	-1	-1	-1	-1	-1	-1	-1	-1
52	192	368	395	489	522	-1	-1	-1	-1	-1	-1	-1	-1	-1	-1	-1	-1	-1	-1	-1	-1
51	170	421	422	450	451	555	558	561	-1	-1	-1	-1	-1	-1	-1	-1	-1	-1	-1	-1	-1
378	385	418	420	426	444	492	546	601	-1	-1	-1	-1	-1	-1	-1	-1	-1	-1	-1	-1	-1
402	415	423	430	433	440	452	490	514	-1	-1	-1	-1	-1	-1	-1	-1	-1	-1	-1	-1	-1
408	422	424	425	448	451	473	486	490	511	539	657	-1	-1	-1	-1	-1	-1	-1	-1	-1	-1
335	424	430	457	510	588	-1	-1	-1	-1	-1	-1	-1	-1	-1	-1	-1	-1	-1	-1	-1	-1
42	267	292	418	422	425	432	435	436	448	453	482	569	-1	-1	-1	-1	-1	-1	-1	-1	-1
128	141	175	393	422	427	433	435	448	459	486	580	-1	-1	-1	-1	-1	-1	-1	-1	-1	-1
67	391	410	428	429	431	440	452	475	530	595	679	-1	-1	-1	-1	-1	-1	-1	-1	-1	-1
199	207	349	372	415	421	430	433	445	451	452	491	677	-1	-1	-1	-1	-1	-1	-1	-1	-1
25	75	124	262	321	378	431	445	448	462	476	490	504	537	-1	-1	-1	-1	-1	-1	-1	-1
194	441	447	449	459	497	541	560	595	661	749	-1	-1	-1	-1	-1	-1	-1	-1	-1	-1	-1
34	287	412	430	453	-1	-1	-1	-1	-1	-1	-1	-1	-1	-1	-1	-1	-1	-1	-1	-1	-1
88	181	260	329	431	439	440	449	452	453	460	478	492	496	557	-1	-1	-1	-1	-1	-1	-1
77	161	217	401	423	446	451	452	484	511	535	698	-1	-1	-1	-1	-1	-1	-1	-1	-1	-1
221	305	394	405	425	438	443	454	483	702	-1	-1	-1	-1	-1	-1	-1	-1	-1	-1	-1	-1
6	113	349	378	390	451	452	453	477	496	-1	-1	-1	-1	-1	-1	-1	-1	-1	-1	-1	-1
197	305	326	426	438	454	466	618	-1	-1	-1	-1	-1	-1	-1	-1	-1	-1	-1	-1	-1	-1
175	256	412	417	426	449	468	513	535	-1	-1	-1	-1	-1	-1	-1	-1	-1	-1	-1	-1	-1
133	247	319	358	385	414	434	435	437	457	542	549	550	733	-1	-1	-1	-1	-1	-1	-1	-1
174	396	401	406	414	437	458	492	500	525	620	-1	-1	-1	-1	-1	-1	-1	-1	-1	-1	-1
59	232	381	421	423	433	439	440	441	444	449	475	534	539	556	-1	-1	-1	-1	-1	-1	-1
270	384	415	438	455	573	-1	-1	-1	-1	-1	-1	-1	-1	-1	-1	-1	-1	-1	-1	-1	-1
338	456	486	489	553	555	-1	-1	-1	-1	-1	-1	-1	-1	-1	-1	-1	-1	-1	-1	-1	-1
33	409	419	425	443	447	451	544	557	584	714	-1	-1	-1	-1	-1	-1	-1	-1	-1	-1	-1
71	146	380	408	420	434	436	449	465	543	733	-1	-1	-1	-1	-1	-1	-1	-1	-1	-1	-1
322	390	419	432	445	450	501	550	593	690	-1	-1	-1	-1	-1	-1	-1	-1	-1	-1	-1	-1
63	253	371	379	414	442	443	550	555	-1	-1	-1	-1	-1	-1	-1	-1	-1	-1	-1	-1	-1
412	424	430	440	453	464	519	-1	-1	-1	-1	-1	-1	-1	-1	-1	-1	-1	-1	-1	-1	-1
240	293	313	420	422	433	444	450	459	470	554	-1	-1	-1	-1	-1	-1	-1	-1	-1	-1	-1
107	117	380	401	427	438	610	658	-1	-1	-1	-1	-1	-1	-1	-1	-1	-1	-1	-1	-1	-1
83	194	259	401	414	420	440	441	448	453	463	474	492	495	498	500	525	529	544	-1	-1	-1
35	146	190	206	431	454	474	488	621	648	710	-1	-1	-1	-1	-1	-1	-1	-1	-1	-1	-1
335	396	410	417	418	443	452	469	539	543	636	-1	-1	-1	-1	-1	-1	-1	-1	-1	-1	-1
105	419	425	442	459	498	552	553	557	604	725	746	-1	-1	-1	-1	-1	-1	-1	-1	-1	-1
389	390	427	431	450	456	464	-1	-1	-1	-1	-1	-1	-1	-1	-1	-1	-1	-1	-1	-1	-1
152	189	248	265	336	378	398	420	429	443	452	502	-1	-1	-1	-1	-1	-1	-1	-1	-1	-1
239	270	296	428	435	457	471	547	559	570	576	619	641	-1	-1	-1	-1	-1	-1	-1	-1	-1
260	319	428	433	437	457	465	559	-1	-1	-1	-1	-1	-1	-1	-1	-1	-1	-1	-1	-1	-1
176	226	417	427	440	444	487	668	-1	-1	-1	-1	-1	-1	-1	-1	-1	-1	-1	-1	-1	-1
66	94	421	422	446	497	658	-1	-1	-1	-1	-1	-1	-1	-1	-1	-1	-1	-1	-1	-1	-1
316	379	389	414	428	452	492	504	-1	-1	-1	-1	-1	-1	-1	-1	-1	-1	-1	-1	-1	-1
223	274	343	361	403	445	450	456	-1	-1	-1	-1	-1	-1	-1	-1	-1	-1	-1	-1	-1	-1
52	149	174	274	315	415	432	446	513	514	537	552	-1	-1	-1	-1	-1	-1	-1	-1	-1	-1
133	215	223	246	269	316	425	459	495	511	547	-1	-1	-1	-1	-1	-1	-1	-1	-1	-1	-1
18	41	61	403	419	438	442	444	475	718	-1	-1	-1	-1	-1	-1	-1	-1	-1	-1	-1	-1
453	456	460	466	493	715	-1	-1	-1	-1	-1	-1	-1	-1	-1	-1	-1	-1	-1	-1	-1	-1
53	470	471	472	493	504	506	537	554	613	-1	-1	-1	-1	-1	-1	-1	-1	-1	-1	-1	-1
162	447	465	493	503	615	-1	-1	-1	-1	-1	-1	-1	-1	-1	-1	-1	-1	-1	-1	-1	-1
126	295	347	430	431	466	467	483	486	603	-1	-1	-1	-1	-1	-1	-1	-1	-1	-1	-1	-1
61	132	465	471	484	489	536	-1	-1	-1	-1	-1	-1	-1	-1	-1	-1	-1	-1	-1	-1	-1
323	388	417	449	452	474	501	502	691	-1	-1	-1	-1	-1	-1	-1	-1	-1	-1	-1	-1	-1
144	244	285	346	400	454	469	477	486	488	491	495	499	534	-1	-1	-1	-1	-1	-1	-1	-1
22	427	472	484	493	-1	-1	-1	-1	-1	-1	-1	-1	-1	-1	-1	-1	-1	-1	-1	-1	-1
136	353	389	461	478	479	485	489	491	496	554	580	675	737	-1	-1	-1	-1	-1	-1	-1	-1
273	396	417	473	475	489	506	541	-1	-1	-1	-1	-1	-1	-1	-1	-1	-1	-1	-1	-1	-1
379	404	468	504	506	557	618	663	-1	-1	-1	-1	-1	-1	-1	-1	-1	-1	-1	-1	-1	-1
103	381	480	482	501	-1	-1	-1	-1	-1	-1	-1	-1	-1	-1	-1	-1	-1	-1	-1	-1	-1
60	184	409	460	468	486	-1	-1	-1	-1	-1	-1	-1	-1	-1	-1	-1	-1	-1	-1	-1	-1
39	376	465	473	482	536	699	-1	-1	-1	-1	-1	-1	-1	-1	-1	-1	-1	-1	-1	-1	-1
175	360	376	386	415	464	469	489	499	-1	-1	-1	-1	-1	-1	-1	-1	-1	-1	-1	-1	-1
76	129	456	472	488	503	518	663	-1	-1	-1	-1	-1	-1	-1	-1	-1	-1	-1	-1	-1	-1
59	191	403	462	482	496	502	503	514	-1	-1	-1	-1	-1	-1	-1	-1	-1	-1	-1	-1	-1
184	235	306	360	393	472	502	504	-1	-1	-1	-1	-1	-1	-1	-1	-1	-1	-1	-1	-1	-1
227	447	474	483	684	-1	-1	-1	-1	-1	-1	-1	-1	-1	-1	-1	-1	-1	-1	-1	-1	-1
46	75	80	178	222	464	469	474	484	485	490	538	598	-1	-1	-1	-1	-1	-1	-1	-1	-1
306	463	492	530	556	623	634	716	-1	-1	-1	-1	-1	-1	-1	-1	-1	-1	-1	-1	-1	-1
17	149	278	319	374	379	394	433	474	485	494	543	546	584	680	-1	-1	-1	-1	-1	-1	-1
124	357	398	409	425	455	467	468	472	505	555	-1	-1	-1	-1	-1	-1	-1	-1	-1	-1	-1
387	404	472	473	476	490	513	553	608	704	-1	-1	-1	-1	-1	-1	-1	-1	-1	-1	-1	-1
201	238	421	453	457	467	471	513	593	-1	-1	-1	-1	-1	-1	-1	-1	-1	-1	-1	-1	-1
117	150	187	415	463	482	535	543	-1	-1	-1	-1	-1	-1	-1	-1	-1	-1	-1	-1	-1	-1
306	381	400	439	443	461	473	482	491	516	518	524	538	574	-1	-1	-1	-1	-1	-1	-1	-1
52	60	168	255	316	330	376	382	408	445	463	478	495	496	500	532	634	652	-1	-1	-1	-1
465	466	505	-1	-1	-1	-1	-1	-1	-1	-1	-1	-1	-1	-1	-1	-1	-1	-1	-1	-1	-1
1	38	430	461	462	476	487	-1	-1	-1	-1	-1	-1	-1	-1	-1	-1	-1	-1	-1	-1	-1
108	390	443	462	473	475	480	488	513	658	714	741	-1	-1	-1	-1	-1	-1	-1	-1	-1	-1
80	130	215	251	414	467	495	499	501	525	-1	-1	-1	-1	-1	-1	-1	-1	-1	-1	-1	-1
94	119	242	386	398	425	468	478	493	501	533	534	545	643	-1	-1	-1	-1	-1	-1	-1	-1
67	374	402	442	480	491	502	549	622	-1	-1	-1	-1	-1	-1	-1	-1	-1	-1	-1	-1	-1
80	181	280	390	456	480	503	505	549	-1	-1	-1	-1	-1	-1	-1	-1	-1	-1	-1	-1	-1
375	389	396	443	450	458	466	472	487	488	503	-1	-1	-1	-1	-1	-1	-1	-1	-1	-1	-1
182	240	487	493	580	629	741	-1	-1	-1	-1	-1	-1	-1	-1	-1	-1	-1	-1	-1	-1	-1
23	54	143	453	466	478	505	531	551	607	720	-1	-1	-1	-1	-1	-1	-1	-1	-1	-1	-1
40	133	186	298	374	385	468	481	493	495	499	504	-1	-1	-1	-1	-1	-1	-1	-1	-1	-1
378	438	465	471	473	501	512	-1	-1	-1	-1	-1	-1	-1	-1	-1	-1	-1	-1	-1	-1	-1
98	150	327	378	399	416	461	477	482	488	513	521	627	-1	-1	-1	-1	-1	-1	-1	-1	-1
44	202	376	403	476	512	576	-1	-1	-1	-1	-1	-1	-1	-1	-1	-1	-1	-1	-1	-1	-1
72	257	465	478	499	-1	-1	-1	-1	-1	-1	-1	-1	-1	-1	-1	-1	-1	-1	-1	-1	-1
397	464	483	484	488	520	529	672	686	-1	-1	-1	-1	-1	-1	-1	-1	-1	-1	-1	-1	-1
60	334	417	443	474	480	488	522	554	614	-1	-1	-1	-1	-1	-1	-1	-1	-1	-1	-1	-1
114	246	293	380	414	463	473	476	482	497	498	501	545	612	-1	-1	-1	-1	-1	-1	-1	-1
203	343	370	455	460	464	467	480	486	487	492	493	497	499	503	-1	-1	-1	-1	-1	-1	-1
32	70	384	417	429	458	464	515	536	541	558	600	-1	-1	-1	-1	-1	-1	-1	-1	-1	-1
220	285	412	472	518	522	524	526	529	532	-1	-1	-1	-1	-1	-1	-1	-1	-1	-1	-1	-1
21	28	335	426	447	470	506	542	549	560	582	622	629	-1	-1	-1	-1	-1	-1	-1	-1	-1
47	404	486	506	516	518	520	521	538	543	549	551	581	625	662	732	-1	-1	-1	-1	-1	-1
257	430	445	454	491	529	550	-1	-1	-1	-1	-1	-1	-1	-1	-1	-1	-1	-1	-1	-1	-1
184	284	298	375	376	404	465	495	506	514	522	529	534	543	557	-1	-1	-1	-1	-1	-1	-1
31	254	324	416	442	513	531	533	535	536	538	543	-1	-1	-1	-1	-1	-1	-1	-1	-1	-1
236	319	399	469	493	523	529	534	537	550	666	-1	-1	-1	-1	-1	-1	-1	-1	-1	-1	-1
293	453	517	522	523	529	536	-1	-1	-1	-1	-1	-1	-1	-1	-1	-1	-1	-1	-1	-1	-1
269	365	380	396	439	482	517	521	540	550	588	690	712	730	-1	-1	-1	-1	-1	-1	-1	-1
23	73	351	379	393	463	475	485	525	529	534	545	549	614	648	-1	-1	-1	-1	-1	-1	-1
3	80	125	389	427	509	511	515	526	547	633	702	-1	-1	-1	-1	-1	-1	-1	-1	-1	-1
243	315	370	429	524	537	547	558	-1	-1	-1	-1	-1	-1	-1	-1	-1	-1	-1	-1	-1	-1
374	494	530	536	538	544	558	-1	-1	-1	-1	-1	-1	-1	-1	-1	-1	-1	-1	-1	-1	-1
156	207	259	408	420	515	526	542	573	706	-1	-1	-1	-1	-1	-1	-1	-1	-1	-1	-1	-1
172	417	421	464	510	511	523	537	585	707	-1	-1	-1	-1	-1	-1	-1	-1	-1	-1	-1	-1
65	407	460	488	490	508	517	518	519	523	531	548	551	-1	-1	-1	-1	-1	-1	-1	-1	-1
411	500	508	519	549	553	-1	-1	-1	-1	-1	-1	-1	-1	-1	-1	-1	-1	-1	-1	-1	-1
406	410	447	501	513	526	548	549	550	-1	-1	-1	-1	-1	-1	-1	-1	-1	-1	-1	-1	-1
385	509	514	518	521	527	530	531	543	669	-1	-1	-1	-1	-1	-1	-1	-1	-1	-1	-1	-1
26	397	428	443	462	505	506	512	514	628	-1	-1	-1	-1	-1	-1	-1	-1	-1	-1	-1	-1
74	177	180	355	378	384	423	526	528	740	-1	-1	-1	-1	-1	-1	-1	-1	-1	-1	-1	-1
119	148	171	247	277	399	449	507	630	-1	-1	-1	-1	-1	-1	-1	-1	-1	-1	-1	-1	-1
393	421	426	454	531	543	544	-1	-1	-1	-1	-1	-1	-1	-1	-1	-1	-1	-1	-1	-1	-1
141	393	412	429	432	473	475	513	520	547	548	679	712	-1	-1	-1	-1	-1	-1	-1	-1	-1
413	543	547	-1	-1	-1	-1	-1	-1	-1	-1	-1	-1	-1	-1	-1	-1	-1	-1	-1	-1	-1
7	56	74	179	374	384	410	439	481	507	522	525	536	651	674	-1	-1	-1	-1	-1	-1	-1
221	278	372	450	522	532	535	538	543	548	689	692	-1	-1	-1	-1	-1	-1	-1	-1	-1	-1
409	420	512	517	518	531	537	563	596	-1	-1	-1	-1	-1	-1	-1	-1	-1	-1	-1	-1	-1
63	81	112	393	411	435	437	444	485	501	502	510	511	516	520	521	539	545	547	573	649	690
287	351	361	456	504	515	516	518	531	538	544	-1	-1	-1	-1	-1	-1	-1	-1	-1	-1	-1
16	36	370	450	465	497	517	525	543	-1	-1	-1	-1	-1	-1	-1	-1	-1	-1	-1	-1	-1
27	401	427	515	518	523	526	535	542	549	-1	-1	-1	-1	-1	-1	-1	-1	-1	-1	-1	-1
24	90	143	178	411	464	509	530	531	540	546	548	554	-1	-1	-1	-1	-1	-1	-1	-1	-1
410	506	546	-1	-1	-1	-1	-1	-1	-1	-1	-1	-1	-1	-1	-1	-1	-1	-1	-1	-1	-1
45	149	222	374	391	406	509	516	530	531	547	-1	-1	-1	-1	-1	-1	-1	-1	-1	-1	-1
131	478	536	-1	-1	-1	-1	-1	-1	-1	-1	-1	-1	-1	-1	-1	-1	-1	-1	-1	-1	-1
235	461	467	471	479	491	515	-1	-1	-1	-1	-1	-1	-1	-1	-1	-1	-1	-1	-1	-1	-1
157	442	451	456	531	617	705	-1	-1	-1	-1	-1	-1	-1	-1	-1	-1	-1	-1	-1	-1	-1
67	223	374	388	441	447	464	506	518	534	538	550	734	-1	-1	-1	-1	-1	-1	-1	-1	-1
231	248	441	492	507	515	518	523	529	538	545	551	-1	-1	-1	-1	-1	-1	-1	-1	-1	-1
0	140	186	276	476	482	490	491	514	522	535	550	680	-1	-1	-1	-1	-1	-1	-1	-1	-1
332	367	388	411	424	467	468	525	532	677	733	-1	-1	-1	-1	-1	-1	-1	-1	-1	-1	-1
106	155	419	444	464	494	523	534	535	550	594	-1	-1	-1	-1	-1	-1	-1	-1	-1	-1	-1
368	376	411	458	464	500	526	613	629	-1	-1	-1	-1	-1	-1	-1	-1	-1	-1	-1	-1	-1
72	264	512	521	525	535	544	571	734	-1	-1	-1	-1	-1	-1	-1	-1	-1	-1	-1	-1	-1
400	482	535	539	544	555	566	567	572	575	579	-1	-1	-1	-1	-1	-1	-1	-1	-1	-1	-1
5	195	212	395	436	449	477	509	514	562	569	624	-1	-1	-1	-1	-1	-1	-1	-1	-1	-1
43	70	205	267	380	382	441	462	483	493	555	556	580	595	633	652	-1	-1	-1	-1	-1	-1
420	451	474	476	544	546	573	578	579	585	-1	-1	-1	-1	-1	-1	-1	-1	-1	-1	-1	-1
9	14	217	289	555	569	580	585	-1	-1	-1	-1	-1	-1	-1	-1	-1	-1	-1	-1	-1	-1
58	357	427	495	506	738	-1	-1	-1	-1	-1	-1	-1	-1	-1	-1	-1	-1	-1	-1	-1	-1
139	400	487	554	560	712	-1	-1	-1	-1	-1	-1	-1	-1	-1	-1	-1	-1	-1	-1	-1	-1
92	157	166	370	412	495	500	522	545	554	564	571	575	588	656	-1	-1	-1	-1	-1	-1	-1
40	48	120	159	316	449	487	552	559	571	698	-1	-1	-1	-1	-1	-1	-1	-1	-1	-1	-1
113	355	357	432	517	563	565	579	582	618	676	708	725	738	-1	-1	-1	-1	-1	-1	-1	-1
323	572	586	589	731	736	740	-1	-1	-1	-1	-1	-1	-1	-1	-1	-1	-1	-1	-1	-1	-1
223	291	565	619	640	659	702	-1	-1	-1	-1	-1	-1	-1	-1	-1	-1	-1	-1	-1	-1	-1
12	18	535	565	587	588	600	611	660	667	745	-1	-1	-1	-1	-1	-1	-1	-1	-1	-1	-1
181	375	393	538	557	561	562	569	596	632	647	649	655	696	-1	-1	-1	-1	-1	-1	-1	-1
3	87	319	483	552	568	575	583	587	647	650	741	-1	-1	-1	-1	-1	-1	-1	-1	-1	-1
35	87	566	568	570	574	605	663	721	-1	-1	-1	-1	-1	-1	-1	-1	-1	-1	-1	-1	-1
209	488	530	566	571	574	584	624	625	632	656	680	-1	-1	-1	-1	-1	-1	-1	-1	-1	-1
59	80	135	468	555	570	581	595	602	673	691	744	-1	-1	-1	-1	-1	-1	-1	-1	-1	-1
8	303	460	554	582	744	-1	-1	-1	-1	-1	-1	-1	-1	-1	-1	-1	-1	-1	-1	-1	-1
305	342	437	478	523	550	552	557	583	588	674	730	740	-1	-1	-1	-1	-1	-1	-1	-1	-1
50	177	421	562	582	588	589	593	619	647	666	687	698	703	721	-1	-1	-1	-1	-1	-1	-1
17	37	318	450	537	565	575	587	731	745	-1	-1	-1	-1	-1	-1	-1	-1	-1	-1	-1	-1
510	584	585	617	620	633	711	728	-1	-1	-1	-1	-1	-1	-1	-1	-1	-1	-1	-1	-1	-1
20	389	553	559	565	574	578	603	626	652	653	-1	-1	-1	-1	-1	-1	-1	-1	-1	-1	-1
347	437	552	553	595	626	634	649	729	737	-1	-1	-1	-1	-1	-1	-1	-1	-1	-1	-1	-1
3	280	511	552	558	567	568	576	606	652	658	711	-1	-1	-1	-1	-1	-1	-1	-1	-1	-1
344	387	572	577	599	614	-1	-1	-1	-1	-1	-1	-1	-1	-1	-1	-1	-1	-1	-1	-1	-1
191	264	480	561	580	582	585	594	602	634	673	682	-1	-1	-1	-1	-1	-1	-1	-1	-1	-1
182	262	531	553	564	571	578	584	604	605	633	642	-1	-1	-1	-1	-1	-1	-1	-1	-1	-1
91	263	553	574	589	686	703	722	745	-1	-1	-1	-1	-1	-1	-1	-1	-1	-1	-1	-1	-1
48	260	287	326	554	570	579	593	656	668	723	-1	-1	-1	-1	-1	-1	-1	-1	-1	-1	-1
208	561	571	577	578	593	630	712	-1	-1	-1	-1	-1	-1	-1	-1	-1	-1	-1	-1	-1	-1
249	342	405	552	567	586	588	590	594	623	631	719	-1	-1	-1	-1	-1	-1	-1	-1	-1	-1
84	151	397	553	561	701	741	745	-1	-1	-1	-1	-1	-1	-1	-1	-1	-1	-1	-1	-1	-1
321	326	443	497	566	583	593	595	596	619	718	722	-1	-1	-1	-1	-1	-1	-1	-1	-1	-1
30	308	399	426	517	573	579	582	631	680	691	742	-1	-1	-1	-1	-1	-1	-1	-1	-1	-1
14	140	574	580	595	624	659	663	667	668	669	713	-1	-1	-1	-1	-1	-1	-1	-1	-1	-1
39	196	229	251	271	396	550	565	568	576	577	579	580	581	592	599	647	-1	-1	-1	-1	-1
61	370	482	552	616	617	658	683	692	703	718	-1	-1	-1	-1	-1	-1	-1	-1	-1	-1	-1
65	559	577	592	613	711	717	738	-1	-1	-1	-1	-1	-1	-1	-1	-1	-1	-1	-1	-1	-1
280	351	528	554	566	568	571	574	585	597	639	664	714	729	-1	-1	-1	-1	-1	-1	-1	-1
249	284	293	318	335	425	559	571	583	587	589	591	596	597	642	708	718	734	-1	-1	-1	-1
93	129	524	552	561	574	596	613	654	-1	-1	-1	-1	-1	-1	-1	-1	-1	-1	-1	-1	-1
243	409	559	564	574	623	634	649	696	724	725	736	-1	-1	-1	-1	-1	-1	-1	-1	-1	-1
193	221	427	558	562	573	597	617	655	716	-1	-1	-1	-1	-1	-1	-1	-1	-1	-1	-1	-1
558	563	565	573	585	594	612	619	622	645	746	-1	-1	-1	-1	-1	-1	-1	-1	-1	-1	-1
79	472	518	605	681	686	742	-1	-1	-1	-1	-1	-1	-1	-1	-1	-1	-1	-1	-1	-1	-1
300	601	605	618	630	634	650	744	-1	-1	-1	-1	-1	-1	-1	-1	-1	-1	-1	-1	-1	-1
56	147	635	639	708	-1	-1	-1	-1	-1	-1	-1	-1	-1	-1	-1	-1	-1	-1	-1	-1	-1
255	325	350	364	446	535	616	617	646	676	722	-1	-1	-1	-1	-1	-1	-1	-1	-1	-1	-1
36	98	104	184	487	609	623	694	-1	-1	-1	-1	-1	-1	-1	-1	-1	-1	-1	-1	-1	-1
402	532	597	600	606	622	638	641	690	719	727	-1	-1	-1	-1	-1	-1	-1	-1	-1	-1	-1
28	379	493	592	601	608	609	624	630	632	645	657	669	688	709	741	-1	-1	-1	-1	-1	-1
256	401	520	600	611	630	634	693	721	-1	-1	-1	-1	-1	-1	-1	-1	-1	-1	-1	-1	-1
535	565	578	600	619	642	715	749	-1	-1	-1	-1	-1	-1	-1	-1	-1	-1	-1	-1	-1	-1
17	124	226	600	603	608	610	620	628	632	648	698	-1	-1	-1	-1	-1	-1	-1	-1	-1	-1
183	251	274	415	417	443	481	621	629	633	636	658	703	716	733	-1	-1	-1	-1	-1	-1	-1
349	431	517	601	634	636	638	722	-1	-1	-1	-1	-1	-1	-1	-1	-1	-1	-1	-1	-1	-1
199	582	601	608	609	616	617	622	623	738	-1	-1	-1	-1	-1	-1	-1	-1	-1	-1	-1	-1
100	261	402	445	504	545	588	598	601	605	623	626	632	671	677	699	-1	-1	-1	-1	-1	-1
53	249	428	504	563	596	600	604	629	631	643	657	-1	-1	-1	-1	-1	-1	-1	-1	-1	-1
67	475	602	607	642	738	-1	-1	-1	-1	-1	-1	-1	-1	-1	-1	-1	-1	-1	-1	-1	-1
203	299	464	525	566	575	605	606	615	629	639	663	714	741	-1	-1	-1	-1	-1	-1	-1	-1
13	77	233	601	602	604	628	691	697	700	723	743	-1	-1	-1	-1	-1	-1	-1	-1	-1	-1
172	233	602	606	609	640	677	748	-1	-1	-1	-1	-1	-1	-1	-1	-1	-1	-1	-1	-1	-1
23	266	322	597	616	631	638	-1	-1	-1	-1	-1	-1	-1	-1	-1	-1	-1	-1	-1	-1	-1
65	431	574	598	611	620	628	642	689	692	709	-1	-1	-1	-1	-1	-1	-1	-1	-1	-1	-1
103	133	185	602	611	614	617	728	-1	-1	-1	-1	-1	-1	-1	-1	-1	-1	-1	-1	-1	-1
525	605	607	619	634	644	654	691	726	-1	-1	-1	-1	-1	-1	-1	-1	-1	-1	-1	-1	-1
12	231	308	341	525	563	586	600	615	625	636	668	675	712	-1	-1	-1	-1	-1	-1	-1	-1
18	208	279	562	616	638	663	676	695	-1	-1	-1	-1	-1	-1	-1	-1	-1	-1	-1	-1	-1
29	274	483	608	637	659	685	732	-1	-1	-1	-1	-1	-1	-1	-1	-1	-1	-1	-1	-1	-1
563	597	612	628	643	683	-1	-1	-1	-1	-1	-1	-1	-1	-1	-1	-1	-1	-1	-1	-1	-1
242	456	576	605	607	612	616	630	634	643	691	-1	-1	-1	-1	-1	-1	-1	-1	-1	-1	-1
120	144	374	534	535	558	579	602	611	614	619	622	623	627	633	665	741	-1	-1	-1	-1	-1
573	599	618	619	637	647	-1	-1	-1	-1	-1	-1	-1	-1	-1	-1	-1	-1	-1	-1	-1	-1
387	425	610	616	620	635	671	692	728	741	-1	-1	-1	-1	-1	-1	-1	-1	-1	-1	-1	-1
140	188	205	261	636	637	639	707	732	-1	-1	-1	-1	-1	-1	-1	-1	-1	-1	-1	-1	-1
200	245	279	369	561	608	624	631	643	677	683	747	-1	-1	-1	-1	-1	-1	-1	-1	-1	-1
118	357	472	499	527	599	600	607	649	-1	-1	-1	-1	-1	-1	-1	-1	-1	-1	-1	-1	-1
113	166	255	281	343	367	570	611	619	642	666	700	715	-1	-1	-1	-1	-1	-1	-1	-1	-1
488	541	616	617	636	746	-1	-1	-1	-1	-1	-1	-1	-1	-1	-1	-1	-1	-1	-1	-1	-1
140	158	574	594	629	631	633	638	661	683	724	745	-1	-1	-1	-1	-1	-1	-1	-1	-1	-1
254	453	516	576	611	633	643	651	662	734	-1	-1	-1	-1	-1	-1	-1	-1	-1	-1	-1	-1
30	31	223	564	584	587	741	-1	-1	-1	-1	-1	-1	-1	-1	-1	-1	-1	-1	-1	-1	-1
407	591	604	607	639	747	-1	-1	-1	-1	-1	-1	-1	-1	-1	-1	-1	-1	-1	-1	-1	-1
19	298	416	455	605	625	642	643	653	709	-1	-1	-1	-1	-1	-1	-1	-1	-1	-1	-1	-1
172	217	516	598	602	604	611	628	690	-1	-1	-1	-1	-1	-1	-1	-1	-1	-1	-1	-1	-1
399	599	616	639	655	-1	-1	-1	-1	-1	-1	-1	-1	-1	-1	-1	-1	-1	-1	-1	-1	-1
42	99	235	429	611	620	-1	-1	-1	-1	-1	-1	-1	-1	-1	-1	-1	-1	-1	-1	-1	-1
173	535	580	600	652	-1	-1	-1	-1	-1	-1	-1	-1	-1	-1	-1	-1	-1	-1	-1	-1	-1
604	605	623	658	697	701	747	-1	-1	-1	-1	-1	-1	-1	-1	-1	-1	-1	-1	-1	-1	-1
357	410	430	454	580	650	652	667	668	671	679	684	722	728	-1	-1	-1	-1	-1	-1	-1	-1
169	198	289	352	372	379	401	426	616	646	656	665	689	741	-1	-1	-1	-1	-1	-1	-1	-1
398	434	596	601	619	635	640	649	652	653	670	-1	-1	-1	-1	-1	-1	-1	-1	-1	-1	-1
24	131	376	565	654	660	714	733	748	-1	-1	-1	-1	-1	-1	-1	-1	-1	-1	-1	-1	-1
66	137	247	261	397	571	594	645	649	661	669	673	687	689	729	-1	-1	-1	-1	-1	-1	-1
36	282	300	413	644	655	674	680	712	720	721	-1	-1	-1	-1	-1	-1	-1	-1	-1	-1	-1
356	468	563	568	588	646	647	652	654	-1	-1	-1	-1	-1	-1	-1	-1	-1	-1	-1	-1	-1
137	382	600	677	678	688	708	727	-1	-1	-1	-1	-1	-1	-1	-1	-1	-1	-1	-1	-1	-1
172	579	671	680	682	685	721	-1	-1	-1	-1	-1	-1	-1	-1	-1	-1	-1	-1	-1	-1	-1
27	337	454	563	609	650	655	657	684	695	725	-1	-1	-1	-1	-1	-1	-1	-1	-1	-1	-1
239	592	597	630	631	638	673	729	735	-1	-1	-1	-1	-1	-1	-1	-1	-1	-1	-1	-1	-1
128	521	594	687	695	-1	-1	-1	-1	-1	-1	-1	-1	-1	-1	-1	-1	-1	-1	-1	-1	-1
11	114	657	665	674	684	687	706	-1	-1	-1	-1	-1	-1	-1	-1	-1	-1	-1	-1	-1	-1
138	568	576	639	683	-1	-1	-1	-1	-1	-1	-1	-1	-1	-1	-1	-1	-1	-1	-1	-1	-1
9	13	397	575	582	625	661	686	688	696	729	732	-1	-1	-1	-1	-1	-1	-1	-1	-1	-1
269	574	687	702	-1	-1	-1	-1	-1	-1	-1	-1	-1	-1	-1	-1	-1	-1	-1	-1	-1	-1
370	554	576	635	687	696	717	-1	-1	-1	-1	-1	-1	-1	-1	-1	-1	-1	-1	-1	-1	-1
45	539	551	621	631	662	670	674	682	684	685	-1	-1	-1	-1	-1	-1	-1	-1	-1	-1	-1
45	491	559	565	638	643	657	658	660	667	668	669	672	684	-1	-1	-1	-1	-1	-1	-1	-1
30	408	469	650	652	662	691	740	-1	-1	-1	-1	-1	-1	-1	-1	-1	-1	-1	-1	-1	-1
61	319	601	652	668	674	687	693	-1	-1	-1	-1	-1	-1	-1	-1	-1	-1	-1	-1	-1	-1
70	598	646	706	-1	-1	-1	-1	-1	-1	-1	-1	-1	-1	-1	-1	-1	-1	-1	-1	-1	-1
93	119	279	556	678	688	711	-1	-1	-1	-1	-1	-1	-1	-1	-1	-1	-1	-1	-1	-1	-1
280	512	569	579	587	636	643	649	654	666	669	742	-1	-1	-1	-1	-1	-1	-1	-1	-1	-1
59	63	271	352	394	520	523	531	662	679	685	-1	-1	-1	-1	-1	-1	-1	-1	-1	-1	-1
28	162	349	411	463	582	583	625	651	652	665	671	680	715	719	740	747	-1	-1	-1	-1	-1
44	67	105	244	473	571	585	630	653	654	667	678	696	741	-1	-1	-1	-1	-1	-1	-1	-1
124	261	462	530	608	630	635	675	681	684	-1	-1	-1	-1	-1	-1	-1	-1	-1	-1	-1	-1
28	87	256	521	573	640	657	-1	-1	-1	-1	-1	-1	-1	-1	-1	-1	-1	-1	-1	-1	-1
185	340	462	625	636	648	657	660	677	678	679	688	689	704	729	734	740	-1	-1	-1	-1	-1
73	134	458	532	650	683	686	723	734	-1	-1	-1	-1	-1	-1	-1	-1	-1	-1	-1	-1	-1
144	461	592	652	657	659	683	685	686	687	703	717	-1	-1	-1	-1	-1	-1	-1	-1	-1	-1
22	144	272	421	652	730	-1	-1	-1	-1	-1	-1	-1	-1	-1	-1	-1	-1	-1	-1	-1	-1
67	107	108	224	248	331	564	618	619	652	658	660	686	688	729	-1	-1	-1	-1	-1	-1	-1
99	206	488	583	653	654	655	656	663	673	679	-1	-1	-1	-1	-1	-1	-1	-1	-1	-1	-1
33	135	179	237	664	671	678	708	729	-1	-1	-1	-1	-1	-1	-1	-1	-1	-1	-1	-1	-1
16	34	221	331	385	489	605	632	661	673	681	708	741	-1	-1	-1	-1	-1	-1	-1	-1	-1
28	138	352	478	584	604	609	649	673	727	-1	-1	-1	-1	-1	-1	-1	-1	-1	-1	-1	-1
255	345	439	511	549	655	656	664	673	681	698	714	-1	-1	-1	-1	-1	-1	-1	-1	-1	-1
218	262	343	372	422	569	623	628	643	644	666	668	710	-1	-1	-1	-1	-1	-1	-1	-1	-1
577	648	657	670	679	686	687	725	-1	-1	-1	-1	-1	-1	-1	-1	-1	-1	-1	-1	-1	-1
460	575	647	673	676	678	688	723	-1	-1	-1	-1	-1	-1	-1	-1	-1	-1	-1	-1	-1	-1
454	554	599	647	675	688	694	726	742	-1	-1	-1	-1	-1	-1	-1	-1	-1	-1	-1	-1	-1
120	647	659	662	679	683	685	702	727	-1	-1	-1	-1	-1	-1	-1	-1	-1	-1	-1	-1	-1
80	286	307	449	500	653	674	683	694	-1	-1	-1	-1	-1	-1	-1	-1	-1	-1	-1	-1	-1
59	205	361	366	399	615	630	648	659	675	683	-1	-1	-1	-1	-1	-1	-1	-1	-1	-1	-1
593	649	665	671	709	716	-1	-1	-1	-1	-1	-1	-1	-1	-1	-1	-1	-1	-1	-1	-1	-1
42	74	568	571	660	695	734	-1	-1	-1	-1	-1	-1	-1	-1	-1	-1	-1	-1	-1	-1	-1
0	171	284	480	520	565	570	577	607	654	678	701	713	718	723	728	-1	-1	-1	-1	-1	-1
208	407	579	600	604	621	662	672	696	716	726	-1	-1	-1	-1	-1	-1	-1	-1	-1	-1	-1
238	244	529	534	614	618	656	676	690	692	697	698	706	709	722	727	730	-1	-1	-1	-1	-1
39	48	194	572	587	643	652	714	729	731	732	-1	-1	-1	-1	-1	-1	-1	-1	-1	-1	-1
149	532	561	562	720	735	-1	-1	-1	-1	-1	-1	-1	-1	-1	-1	-1	-1	-1	-1	-1	-1
14	161	414	426	427	477	564	588	599	617	636	637	707	-1	-1	-1	-1	-1	-1	-1	-1	-1
55	120	205	222	287	304	529	541	639	700	747	-1	-1	-1	-1	-1	-1	-1	-1	-1	-1	-1
67	84	112	151	373	437	574	586	593	603	605	618	621	638	663	668	671	675	703	711	725	733
316	343	394	647	669	722	729	-1	-1	-1	-1	-1	-1	-1	-1	-1	-1	-1	-1	-1	-1	-1
41	183	281	288	357	473	578	684	695	696	704	718	728	743	-1	-1	-1	-1	-1	-1	-1	-1
221	483	696	746	-1	-1	-1	-1	-1	-1	-1	-1	-1	-1	-1	-1	-1	-1	-1	-1	-1	-1
557	666	674	704	707	711	715	735	-1	-1	-1	-1	-1	-1	-1	-1	-1	-1	-1	-1	-1	-1
89	190	477	584	612	656	690	694	703	706	727	731	-1	-1	-1	-1	-1	-1	-1	-1	-1	-1
97	119	221	337	370	537	563	566	594	613	630	659	660	674	704	710	722	724	742	-1	-1	-1
569	651	670	691	695	704	712	713	-1	-1	-1	-1	-1	-1	-1	-1	-1	-1	-1	-1	-1	-1
92	340	361	409	470	602	631	689	-1	-1	-1	-1	-1	-1	-1	-1	-1	-1	-1	-1	-1	-1
5	64	249	343	579	690	701	709	722	725	734	-1	-1	-1	-1	-1	-1	-1	-1	-1	-1	-1
189	459	581	627	641	723	730	-1	-1	-1	-1	-1	-1	-1	-1	-1	-1	-1	-1	-1	-1	-1
60	301	550	645	684	698	705	719	725	728	732	-1	-1	-1	-1	-1	-1	-1	-1	-1	-1	-1
301	514	566	575	716	-1	-1	-1	-1	-1	-1	-1	-1	-1	-1	-1	-1	-1	-1	-1	-1	-1
223	403	631	637	649	659	699	700	704	706	719	725	730	734	-1	-1	-1	-1	-1	-1	-1	-1
77	239	271	386	611	616	624	692	699	701	706	733	-1	-1	-1	-1	-1	-1	-1	-1	-1	-1
35	193	332	412	467	593	616	626	655	675	690	702	728	749	-1	-1	-1	-1	-1	-1	-1	-1
288	296	360	361	652	701	708	740	-1	-1	-1	-1	-1	-1	-1	-1	-1	-1	-1	-1	-1	-1
349	693	718	731	732	-1	-1	-1	-1	-1	-1	-1	-1	-1	-1	-1	-1	-1	-1	-1	-1	-1
60	61	74	356	449	513	539	581	686	699	702	705	716	740	-1	-1	-1	-1	-1	-1	-1	-1
52	299	364	471	603	621	697	706	710	716	723	-1	-1	-1	-1	-1	-1	-1	-1	-1	-1	-1
352	585	601	716	-1	-1	-1	-1	-1	-1	-1	-1	-1	-1	-1	-1	-1	-1	-1	-1	-1	-1
172	427	448	485	531	570	623	692	695	702	709	734	738	-1	-1	-1	-1	-1	-1	-1	-1	-1
574	674	690	691	696	698	705	714	725	-1	-1	-1	-1	-1	-1	-1	-1	-1	-1	-1	-1	-1
0	134	178	201	217	500	561	604	614	679	694	702	724	730	732	-1	-1	-1	-1	-1	-1	-1
48	149	418	705	716	-1	-1	-1	-1	-1	-1	-1	-1	-1	-1	-1	-1	-1	-1	-1	-1	-1
133	480	698	699	713	718	725	743	-1	-1	-1	-1	-1	-1	-1	-1	-1	-1	-1	-1	-1	-1
154	266	457	502	580	622	667	705	714	-1	-1	-1	-1	-1	-1	-1	-1	-1	-1	-1	-1	-1
68	255	289	435	448	505	684	691	700	705	720	723	738	743	-1	-1	-1	-1	-1	-1	-1	-1
206	262	494	581	691	699	700	-1	-1	-1	-1	-1	-1	-1	-1	-1	-1	-1	-1	-1	-1	-1
407	480	609	643	647	696	699	701	715	718	735	747	-1	-1	-1	-1	-1	-1	-1	-1	-1	-1
179	366	614	627	689	722	723	738	-1	-1	-1	-1	-1	-1	-1	-1	-1	-1	-1	-1	-1	-1
407	473	533	573	644	702	704	717	724	725	728	741	-1	-1	-1	-1	-1	-1	-1	-1	-1	-1
41	137	214	244	501	575	589	611	623	635	694	695	701	710	711	721	-1	-1	-1	-1	-1	-1
204	234	373	492	612	641	687	696	697	699	733	-1	-1	-1	-1	-1	-1	-1	-1	-1	-1	-1
308	463	536	568	577	621	695	706	711	726	-1	-1	-1	-1	-1	-1	-1	-1	-1	-1	-1	-1
447	663	675	690	710	721	727	733	-1	-1	-1	-1	-1	-1	-1	-1	-1	-1	-1	-1	-1	-1
79	551	620	639	696	701	708	714	-1	-1	-1	-1	-1	-1	-1	-1	-1	-1	-1	-1	-1	-1
483	589	657	690	739	-1	-1	-1	-1	-1	-1	-1	-1	-1	-1	-1	-1	-1	-1	-1	-1	-1
35	490	579	607	623	695	719	-1	-1	-1	-1	-1	-1	-1	-1	-1	-1	-1	-1	-1	-1	-1
22	208	303	470	486	626	685	721	744	-1	-1	-1	-1	-1	-1	-1	-1	-1	-1	-1	-1	-1
51	606	620	677	683	-1	-1	-1	-1	-1	-1	-1	-1	-1	-1	-1	-1	-1	-1	-1	-1	-1
22	436	576	607	623	698	-1	-1	-1	-1	-1	-1	-1	-1	-1	-1	-1	-1	-1	-1	-1	-1
20	609	666	691	696	700	-1	-1	-1	-1	-1	-1	-1	-1	-1	-1	-1	-1	-1	-1	-1	-1
66	121	344	345	358	579	595	621	684	699	-1	-1	-1	-1	-1	-1	-1	-1	-1	-1	-1	-1
203	336	473	572	616	702	714	733	-1	-1	-1	-1	-1	-1	-1	-1	-1	-1	-1	-1	-1	-1
131	359	471	678	711	713	-1	-1	-1	-1	-1	-1	-1	-1	-1	-1	-1	-1	-1	-1	-1	-1
289	323	401	485	492	502	583	613	640	659	724	744	-1	-1	-1	-1	-1	-1	-1	-1	-1	-1
9	34	42	181	353	501	504	636	730	-1	-1	-1	-1	-1	-1	-1	-1	-1	-1	-1	-1	-1
255	324	607	617	627	687	710	714	717	719	734	-1	-1	-1	-1	-1	-1	-1	-1	-1	-1	-1
23	95	659	-1	-1	-1	-1	-1	-1	-1	-1	-1	-1	-1	-1	-1	-1	-1	-1	-1	-1	-1
36	96	99	145	155	184	449	560	706	-1	-1	-1	-1	-1	-1	-1	-1	-1	-1	-1	-1	-1
#0.09999953987997282